Areal values from HadUK-Grid 1km gridded climate data from land surface network
Source: Met Office National Climate Information Centre
Monthly, seasonal and annual total duration of bright sunshine for East Anglia
Areal series, starting in 1919
Last updated 01-Jan-2022 10:59
    jan  year    feb  year    mar  year    apr  year    may  year    jun  year    jul  year    aug  year    sep  year    oct  year    nov  year    dec  year     win  year     spr  year     sum  year     aut  year     ann  year
   85.5  2001  137.2  2019  185.8  1995  249.0  2020  309.3  2020  283.2  1976  285.6  1935  286.0  1947  209.7  1928  165.9  1920  103.3  2006   80.6  1962   253.1  2000   726.0  2020   818.7  1976   431.9  2003  1867.8  2003
   83.8  1984  123.5  1949  185.0  1933  237.9  1942  298.7  1989  277.5  1957  284.2  2006  272.2  1995  209.1  2003  162.9  1959  102.6  1989   79.7  2014   249.8  2019   643.9  1990   762.3  1989   420.2  2018  1822.9  1959
   77.7  1959  123.0  2008  171.3  1967  232.4  1990  276.6  1922  271.2  1950  282.5  2018  255.1  1976  201.5  1964  158.4  2018   96.1  1973   77.5  2001   240.1  1949   619.9  1948   739.7  1959   414.9  1959  1820.9  1990
   76.9  1952  117.3  1998  169.9  1938  223.7  1984  267.8  1919  269.1  1975  280.4  1976  254.6  1990  192.0  1929  152.1  2011   94.4  2005   73.4  1999   239.5  2015   590.6  1921   729.7  1975   398.0  1971  1817.7  1995
   75.5  1991  117.2  1988  169.4  1931  221.9  2021  266.8  1943  268.9  1973  277.5  1928  251.2  1989  191.2  1959  150.9  2003   94.3  1996   69.0  1961   235.1  2008   580.9  1995   724.3  2018   395.4  1928  1816.0  2018
   74.5  2005  110.2  2003  169.3  2003  217.1  1948  265.1  1992  266.6  1970  271.7  1959  245.1  1923  185.0  1934  148.2  1921   93.0  1923   68.2  2008   229.1  2014   570.0  1943   717.5  1933   390.9  2011  1810.9  2020
   74.2  1965  107.1  2000  168.8  2007  215.9  2011  260.0  1990  263.4  1940  268.4  1934  243.7  1933  184.6  1991  147.3  1997   91.2  1985   66.8  1929   222.2  2018   567.2  2003   715.5  1995   390.5  1921  1807.6  1989
   72.7  2000  104.5  1939  168.2  1924  215.8  2015  256.7  2018  261.6  1969  266.6  1995  241.7  2019  183.8  1923  143.5  1995   88.5  2021   66.6  2011   222.1  2012   564.6  1982   715.4  1935   388.7  1964  1798.8  1921
   72.5  1962  102.2  2014  167.7  2020  215.6  2007  246.6  1997  259.9  1962  263.3  2013  241.0  1975  183.6  1979  140.3  1971   88.3  1977   66.4  2019   216.5  2020   562.7  2011   693.9  1947   384.0  2006  1786.1  1949
   72.2  1940  102.2  1922  166.6  1948  215.5  2010  245.5  1921  258.9  1960  262.5  1921  240.5  2016  180.4  1933  137.9  1996   87.4  1988   65.8  1994   214.9  1989   559.2  1929   692.1  1928   375.7  1929  1739.3  1933
   72.0  2012  101.6  1970  165.7  1929  209.6  1946  245.2  1929  250.3  1925  261.4  1989  234.8  1991  179.0  2012  137.9  1999   86.8  1971   65.5  2005   214.0  2002   557.1  1997   685.8  1949   372.2  1997  1737.7  2019
   71.6  2015   99.7  1934  164.5  1961  206.7  1921  245.2  1940  249.8  1989  258.9  1990  228.3  2003  178.1  2019  137.4  1930   86.7  2017   65.0  2009   212.4  1963   554.0  2015   675.6  1994   369.4  1923  1716.7  1929
   71.2  1994   99.2  2018  160.3  1982  205.6  2002  244.7  2001  249.3  1951  251.9  1994  223.2  1949  176.9  2020  134.2  1922   86.5  2016   64.5  1984   212.2  1952   552.8  1956   673.1  2006   368.6  1947  1707.1  1976
   70.8  1986   97.5  1989  157.7  2014  198.3  2003  241.3  1956  248.6  1959  250.4  1999  221.0  1998  176.8  2018  132.4  1919   85.0  2018   64.1  1967   210.7  1962   549.3  2009   668.2  1996   367.9  1979  1697.9  1928
   69.2  1989   96.6  1990  155.5  2012  195.5  1949  238.1  1944  246.9  1996  239.6  1983  220.5  1930  174.7  2011  132.0  1965   84.1  1965   63.3  1946   209.3  1984   547.2  1922   654.8  1950   367.7  1996  1690.4  1999
   68.7  1980   96.1  1928  155.5  1955  193.5  2013  237.8  1982  241.1  2018  239.2  1955  219.5  1997  172.0  1921  131.2  1961   83.1  1925   62.4  2013   208.5  2001   544.3  2010   652.1  1990   365.1  1973  1683.1  2014
   68.5  1999   93.5  2016  151.5  1990  192.1  2019  236.3  1948  238.2  2006  238.4  1929  219.4  1959  171.9  1947  129.6  1980   82.7  1978   61.6  1951   207.6  1995   534.6  2019   650.9  1921   360.3  1999  1681.7  1943
   68.0  1947   90.9  1999  148.3  1972  188.3  1969  235.7  1980  236.0  1949  238.4  1933  218.5  2000  171.7  1953  128.9  2008   82.6  1920   61.2  1976   206.1  1998   534.4  1942   650.9  1934   359.5  1986  1675.6  1997
   67.3  2017   90.4  2020  144.7  2015  185.1  2009  234.3  1920  235.4  1933  236.0  1924  217.1  2013  170.8  1971  128.1  1981   81.4  1947   60.7  1986   204.7  1933   524.2  1989   649.9  2013   358.2  2005  1673.5  1935
   64.5  1982   88.9  1920  144.5  1956  184.7  1951  233.2  2011  234.5  1942  235.9  1941  216.2  1919  170.7  2015  126.7  1990   80.1  2009   60.6  2017   200.1  1999   523.9  2007   640.2  2003   355.8  1920  1670.8  2009
   64.5  2014   88.3  2015  143.1  2009  183.6  1968  230.0  1935  234.1  1994  229.0  2014  215.7  1953  170.3  1986  126.1  1977   78.7  2001   60.4  1936   200.0  1988   513.0  1946   640.2  2014   355.1  1949  1662.3  2015
   64.3  1967   88.0  1996  141.6  1920  182.8  2017  228.5  1959  232.1  1961  227.3  1996  211.2  1935  169.3  2004  124.9  1938   78.2  1940   59.9  1925   199.3  1939   512.7  1953   636.6  1940   351.4  1981  1651.2  1947
   63.5  1933   87.5  1933  139.4  1943  177.3  1952  227.6  1971  231.6  1930  227.1  1971  211.0  2009  168.3  2006  124.7  1983   77.9  1998   59.7  1952   198.5  1934   511.5  1955   632.0  1951   350.1  1940  1641.4  2016
   63.1  1990   87.4  1983  138.6  1945  175.7  2016  227.2  1952  229.9  2010  226.6  1949  208.4  1983  167.9  1997  124.2  1955   77.5  2007   59.5  1979   195.7  1983   508.5  2016   629.7  1983   348.6  1919  1638.8  2006
   63.0  2007   85.3  2002  138.4  1921  173.5  1997  223.5  1953  229.0  1920  226.5  2016  207.4  1993  167.9  1940  123.3  1931   77.4  1972   59.3  1954   195.1  2003   508.4  1927   624.9  1930   346.7  2021  1626.6  2011
   62.5  2018   85.1  1995  137.1  1997  173.4  1999  222.2  1995  229.0  1986  225.5  1923  206.6  1944  167.9  1973  123.1  1949   76.5  1943   57.6  2003   194.2  2005   506.9  1944   623.8  2019   345.2  2012  1619.5  1955
   61.7  1923   84.9  1943  134.4  1932  172.8  1995  221.2  2009  227.5  2015  222.2  1967  206.4  1964  165.6  1981  121.6  1964   76.4  2013   57.5  1973   193.2  1994   506.4  1949   623.5  1999   344.7  1965  1618.8  1994
   61.6  1949   83.5  2012  133.3  2019  171.6  1945  220.9  1925  227.4  1922  221.0  1997  205.5  1984  164.4  1919  121.0  1987   74.2  2012   57.0  2004   192.0  2016   506.3  1933   622.4  1973   344.0  1995  1617.9  1973
   61.6  1928   81.5  1967  130.6  1973  170.2  1939  220.9  1964  225.1  1919  220.7  1946  204.9  1926  164.4  1954  121.0  1951   72.7  1930   56.6  1996   190.7  1928   505.0  2021   622.4  1970   343.1  1985  1614.9  1940
   61.5  1963   80.4  2021  129.9  1930  169.9  1976  220.8  1977  222.2  1928  219.6  1975  201.9  1988  163.0  1949  120.1  1986   71.9  2003   56.6  1926   190.5  1985   503.7  2002   621.7  2009   340.1  1977  1610.2  1996
   61.1  1954   80.0  1985  129.4  1958  169.8  1994  219.5  1947  219.8  1992  218.6  1985  200.8  2018  160.6  2007  119.0  1928   71.9  1999   55.9  1955   186.5  1990   499.8  1924   620.5  1929   338.9  1975  1609.1  1952
   60.8  2003   80.0  1957  129.1  1993  169.8  1947  218.4  1961  218.6  1935  217.2  1943  200.1  2014  160.1  1955  118.8  1929   71.6  2000   55.5  1983   184.2  1943   498.7  2014   614.3  1941   338.1  1978  1608.0  2001
   60.7  1931   79.3  1955  129.0  2016  167.7  1927  217.3  2005  216.5  1947  213.1  1951  199.3  2001  159.8  1982  118.2  1985   71.1  2020   55.3  2007   183.1  1930   498.0  1945   612.7  1984   336.2  1980  1602.6  1948
   60.1  2019   78.3  1994  128.7  1994  167.1  1956  214.1  1927  216.0  2020  212.7  1991  197.7  1966  159.8  1978  117.1  1993   70.9  1938   55.0  1948   182.7  2004   497.6  1961   611.4  1969   335.5  2007  1599.6  1934
   59.7  2020   78.2  1936  128.4  2017  167.0  1922  213.1  2010  214.5  1939  212.2  2008  196.8  2005  158.0  2021  116.8  1994   70.5  1957   54.0  1957   182.6  1980   497.2  1938   606.9  1993   334.8  1930  1598.0  1961
   59.6  1956   78.1  1921  127.6  1950  166.5  1982  211.6  1998  214.2  1941  210.8  1969  194.0  1996  157.9  1970  116.0  1952   70.3  1921   53.8  1932   182.4  1967   494.6  2017   604.6  2001   334.5  1955  1590.0  2013
   59.4  1924   76.4  2001  126.8  1953  165.9  1955  209.2  2019  212.1  1999  207.8  1964  193.7  1973  157.7  1966  116.0  1979   69.2  1975   53.7  1949   181.8  1956   494.1  1952   602.9  1955   332.8  2016  1582.5  1986
   58.9  1957   75.6  1973  126.7  1968  165.9  1954  208.6  1966  211.3  1993  206.1  2009  193.7  1974  156.7  2009  115.3  1947   69.1  1986   53.5  2016   181.4  2006   491.9  1940   601.0  1923   329.2  1961  1576.1  1922
   56.9  1927   74.6  1938  126.6  1927  165.5  1980  208.4  1993  211.1  2014  205.6  1984  192.4  1928  156.2  2005  114.6  1950   68.9  1949   52.5  2018   180.6  2009   490.8  1959   599.0  2016   328.8  1988  1575.1  1967
   56.8  2008   74.6  1960  126.0  1935  164.9  2008  207.2  1934  210.6  1921  205.3  1963  191.5  2017  155.6  1975  114.1  1975   68.3  1979   52.3  1982   180.5  1959   490.1  1935   596.9  1943   328.8  1954  1573.8  2007
   56.7  1934   73.8  1950  125.7  1965  163.8  1943  206.4  1942  210.2  2017  205.1  2019  190.8  1981  155.4  1974  113.8  1926   67.8  1961   52.3  1980   180.5  1922   488.9  1967   596.8  1997   327.5  1989  1569.0  2017
   56.7  1995   73.7  1952  125.6  1986  162.4  1950  205.5  2008  210.0  2003  202.9  2015  190.6  1955  155.1  1987  113.3  2014   67.5  1952   51.8  1928   178.4  1937   482.9  1977   596.7  1924   326.9  1970  1568.9  1975
   56.3  1976   71.9  1948  122.3  1940  162.3  1953  205.2  1949  208.9  2011  201.9  2003  189.6  1994  154.0  1935  112.6  1956   67.4  1948   51.7  1965   177.0  2017   482.0  1980   594.0  2015   325.5  1943  1566.1  1951
   56.3  1946   71.7  1946  121.3  1926  161.6  1991  204.7  1986  207.1  1945  201.8  2001  188.9  2012  151.6  1944  112.3  2006   66.7  1928   51.6  1977   176.9  1974   481.0  2008   592.4  1967   325.4  1991  1565.8  2008
   55.9  1983   70.4  1971  119.2  1944  161.0  1957  204.5  1974  206.3  1963  200.0  1945  186.8  1952  151.2  1937  112.3  1935   66.5  1960   51.6  1991   175.1  1977   477.8  1976   590.3  1957   325.0  2004  1547.4  2010
   55.6  1930   70.3  2004  118.6  1934  161.0  1960  203.8  2016  205.8  2021  199.6  1950  186.6  1934  151.0  1943  111.5  2001   66.5  1969   51.3  2012   174.0  1955   476.9  1958   590.2  2017   324.2  1935  1546.3  1982
   55.5  1974   70.3  1963  118.5  1978  160.1  1996  203.6  1957  205.0  1943  197.3  1952  186.2  1970  150.9  2002  111.0  1962   65.6  1964   50.5  1943   173.1  1920   473.8  1999   589.8  1925   322.5  1987  1541.9  1950
   54.8  2004   70.0  1984  117.0  1966  158.1  1977  202.3  1970  204.7  2009  192.3  1925  185.4  1932  150.6  1958  109.1  1984   65.3  1992   49.7  1992   172.7  1992   473.6  1919   588.6  1952   322.4  1933  1539.3  1970
   54.2  2016   69.6  1969  116.0  2002  158.0  1938  202.2  1946  204.5  1952  191.8  1953  184.5  1929  150.5  1999  108.4  1936   65.0  1929   49.4  1972   171.3  1981   471.2  1957   586.5  1961   322.2  2009  1539.1  2005
   54.0  1988   69.2  1962  115.7  2010  156.0  1959  200.2  1979  204.3  1938  191.5  1940  184.5  1965  150.3  1980  108.4  1969   64.4  1967   48.9  1963   171.3  1946   468.3  1920   581.9  1960   322.0  1934  1531.5  1920
   54.0  1979   68.8  1975  114.9  1941  155.7  2014  199.6  2003  203.5  2001  191.4  1947  184.4  1972  147.8  1948  107.8  1941   64.2  2011   48.8  1974   170.8  2010   466.7  1968   580.6  1991   319.8  1990  1526.5  1923
   53.9  1943   68.7  1925  114.5  1976  154.4  1958  196.0  1999  203.5  1936  191.3  2010  184.0  1950  144.2  2013  107.6  2005   63.5  1993   48.1  1988   170.7  2021   463.8  1992   577.8  2020   318.9  1922  1526.1  1957
   53.5  1992   68.6  1945  113.6  2011  154.0  1933  195.6  1963  201.6  1984  190.9  1977  183.7  2007  143.0  1939  107.5  1970   63.3  1995   47.9  1924   170.6  1986   463.1  1986   577.5  1964   316.5  1938  1525.8  2021
   53.5  1925   68.4  1961  113.0  2006  152.0  2006  195.3  1939  201.3  1967  189.8  2007  182.2  2020  142.4  1926  106.7  1992   63.2  1976   47.4  1944   170.1  1925   462.8  1931   572.8  1942   316.0  1952  1524.3  1925
   53.4  2009   68.0  1977  111.2  2021  151.6  1987  193.5  1976  199.1  2008  188.5  2017  181.9  2004  140.9  2016  105.6  2010   63.0  1956   47.4  1922   170.1  1997   462.6  2012   572.1  1926   315.6  2019  1522.7  1930
   53.1  1920   67.6  1992  110.6  2008  150.5  1974  193.4  2015  197.5  1924  188.2  1993  181.9  1961  137.4  1988  105.3  2016   62.7  1982   46.7  1938   169.8  2007   462.2  1972   566.3  2010   313.7  2013  1522.1  1964
   52.7  1998   67.3  1937  109.9  2000  150.4  1936  193.4  2013  197.5  1929  186.9  2021  181.7  1940  137.3  1995  104.5  1954   61.5  1970   46.6  2000   169.5  1987   462.0  2001   565.6  1962   312.9  1948  1521.7  2012
   52.5  1981   66.5  1981  108.4  1962  150.2  2004  193.0  1958  197.0  2004  185.7  1986  181.6  1927  136.4  1990  104.1  1967   60.9  1963   46.1  2020   167.4  1991   460.8  1993   565.2  1974   312.5  1944  1520.6  1946
   51.8  2010   66.4  1986  107.0  1937  149.7  1944  190.1  1955  195.9  1934  184.9  1926  180.3  1985  135.5  1996  104.1  1988   60.8  1959   45.4  1990   166.6  1950   459.8  1947   563.4  2004   310.9  2020  1519.9  1938
   51.7  1997   66.3  1956  106.6  1957  148.2  1929  189.7  1988  195.5  1974  184.4  2004  179.1  1937  134.6  1992  104.0  1940   60.5  1937   45.4  1942   166.5  1923   459.6  1973   561.9  1986   310.3  2015  1515.8  2004
   51.2  2002   66.0  1964  106.3  1959  148.1  1924  189.5  2004  194.1  1932  184.4  1958  178.3  1982  133.8  1942  103.8  1945   59.8  1954   44.3  2015   163.5  1927   459.2  1939   559.1  1985   307.7  1951  1509.3  1924
   51.1  1932   65.5  1959  105.7  1949  146.3  1923  189.4  1960  191.3  1931  183.6  1948  178.2  1936  133.7  1985  102.8  1944   58.1  1944   43.7  1993   162.6  1973   457.3  2018   558.3  1945   306.6  1992  1497.8  1992
   51.0  2013   65.1  2006  105.7  2004  145.7  2005  188.3  1978  190.4  2005  183.6  1942  177.8  1921  132.9  1963  102.6  1925   57.9  1935   43.4  1960   162.2  1982   454.8  1951   557.0  1919   304.3  1925  1496.6  1919
   50.8  2006   64.6  1932  104.4  1999  145.2  2000  187.7  1945  189.5  1937  181.8  1979  174.7  1943  132.5  1952  102.5  2004   57.9  1931   43.3  1945   161.8  2013   453.6  2013   556.7  1946   301.9  2001  1494.6  1944
   50.7  1937   64.5  1953  104.2  1963  144.5  1973  186.9  2000  188.7  1966  181.6  1982  171.9  1979  132.4  2014  101.4  1927   57.7  1981   43.1  2006   161.5  1936   453.1  1974   556.6  1992   301.7  1926  1493.9  1942
   50.7  1944   64.4  1987  104.0  1977  141.1  2001  185.4  2014  188.7  1980  179.5  2020  170.7  1992  131.4  1962  101.1  1973   57.0  1997   42.1  1933   161.4  1964   451.2  1950   553.4  1939   300.0  2017  1492.4  1980
   50.3  1951   63.8  1974  103.6  1922  140.0  1983  184.6  1973  182.4  2000  176.9  2002  170.3  1939  130.8  1968  100.2  2021   56.9  1951   42.1  1921   159.5  1958   450.6  1994   545.2  2005   299.5  2002  1492.3  1984
   49.9  1935   63.6  2007  103.2  1989  138.1  1962  183.5  1924  182.3  1926  176.0  1974  169.8  1962  130.2  1961   98.3  1958   56.8  2002   42.0  1981   159.0  1961   448.5  1934   545.2  1966   298.9  1969  1488.7  2000
   48.3  1926   62.7  2005  102.3  1951  137.4  1967  183.4  2017  181.7  1983  172.8  1930  169.5  1951  129.9  1951   98.0  1943   56.7  1990   41.7  1964   158.1  1947   448.1  1925   543.3  2008   298.4  1953  1488.0  1971
   48.1  1939   61.8  1997  101.2  1946  137.0  2012  182.6  1987  179.1  1946  172.6  1961  169.4  1960  129.1  2010   97.9  2015   56.4  1927   41.4  2010   157.9  1944   445.4  2004   539.4  1938   297.9  2014  1481.3  2002
   47.2  1961   60.7  1930  101.0  1991  136.8  1925  182.2  2002  178.7  1927  171.9  2012  168.9  1967  128.6  1922   97.8  1948   56.3  1980   40.7  1998   156.5  1953   442.0  2000   539.0  1936   297.4  1937  1481.1  1991
   47.2  1958   59.7  1951  100.4  1923  136.3  1985  182.1  1936  178.4  2002  170.6  1938  164.5  1938  128.5  1965   97.5  1933   56.0  1922   40.5  1975   155.6  1932   438.9  1971   539.0  1953   296.9  1998  1479.8  1953
   46.6  1921   59.5  2013   99.8  1928  134.1  1935  181.5  1972  177.5  1965  169.6  1970  164.2  1941  127.7  1989   97.5  1998   54.9  2019   40.1  1970   155.1  1975   434.5  1969   535.7  1963   296.1  1982  1477.2  1939
   46.5  1964   59.0  2009   98.2  1970  133.0  1928  180.1  1967  177.0  2019  168.6  1939  163.6  2015  126.0  1960   97.4  2007   54.8  2010   39.8  1931   155.1  1957   433.0  2005   535.1  1920   294.2  1931  1476.6  1993
   45.9  1985   58.3  1958   98.1  1974  132.8  1986  179.1  1926  176.7  1995  166.1  1992  163.1  1924  125.7  1977   97.3  1972   54.7  1984   39.2  1939   155.0  1921   432.6  1963   534.4  1998   293.6  2008  1475.7  1974
   45.9  1977   57.4  1923   97.3  1985  132.8  1963  177.2  1996  176.2  1968  165.0  2011  162.1  2002  124.7  1930   97.3  1989   53.2  2004   39.0  1935   153.8  1926   428.9  1987   532.4  2007   293.5  1958  1475.5  1983
   45.5  1938   56.8  1944   96.8  1971  132.5  1972  175.4  1965  174.6  1979  164.4  1987  161.0  1999  124.4  2000   95.6  1978   52.5  2008   37.5  1923   153.8  1945   426.6  1965   530.5  2000   291.7  1956  1474.6  1979
   44.3  1987   56.7  1929   95.4  1954  131.1  1988  175.4  1969  173.3  1948  162.1  1998  158.0  1931  124.1  2017   94.4  1924   52.2  2014   37.3  1958   149.9  1965   423.5  1970   528.2  1979   289.9  2000  1471.1  1962
   44.3  1936   56.5  1941   94.8  1987  129.1  1981  173.7  1931  173.1  1955  160.0  1980  157.9  1957  124.1  1969   94.3  1957   52.1  1991   36.6  1941   149.6  1968   422.8  2006   526.5  2011   289.6  2010  1468.7  1988
   44.2  2021   56.3  2017   94.6  1979  126.0  1932  172.0  2021  171.7  1972  159.9  1920  156.8  1946  123.7  1946   94.0  1934   51.8  1953   36.5  1966   149.3  1954   420.6  1954   524.2  1922   289.3  1974  1464.5  1969
   43.5  1993   55.9  1931   93.7  1939  125.6  1965  172.0  1937  169.4  2013  159.8  1973  156.2  1956  123.4  1976   93.9  2000   51.8  1919   36.4  1940   148.9  1931   420.0  1978   523.5  1932   288.1  1950  1452.0  1977
   42.8  1948   55.7  1982   90.6  1988  125.4  1992  170.0  2012  167.4  1944  159.6  1956  154.7  1942  122.0  1950   93.1  2013   51.5  1950   36.1  1997   148.9  1948   418.3  1966   520.3  1944   287.7  1972  1444.2  1998
   40.6  2011   55.3  1978   90.4  1983  125.0  2018  169.8  1975  165.6  1978  159.1  1988  152.6  1978  121.5  1998   92.6  1923   50.9  1966   35.5  1978   148.6  1938   417.6  1979   519.8  2021   286.9  1966  1439.0  1985
   40.0  1968   55.2  1954   90.4  1925  124.4  1940  169.2  1938  163.3  1964  158.7  1966  152.6  2011  120.6  1938   92.0  2012   50.4  1936   35.4  1995   147.8  1971   417.0  1960   517.5  2002   284.8  1963  1438.4  1956
   39.6  1978   54.8  1935   90.1  1942  123.6  1964  168.3  1928  160.3  1985  158.0  2005  151.2  1945  120.4  1924   91.9  1942   50.3  1955   34.9  1950   146.7  1960   416.9  1936   513.0  1982   283.8  1967  1436.2  1945
   39.1  1950   54.3  1980   89.8  1919  123.3  1993  167.8  1951  160.2  1981  157.9  1981  150.7  2006  118.6  1925   91.8  2002   48.5  1974   34.3  1959   146.6  1978   414.4  1930   511.2  1971   283.3  1993  1436.2  1926
   38.5  1972   54.0  2010   89.6  1952  123.1  1970  167.3  1933  158.9  2007  157.4  1936  150.0  1980  116.1  1956   90.9  1963   48.4  1946   34.1  1947   146.4  1996   411.8  1926   510.4  1972   280.3  1962  1433.8  1963
   37.8  1960   50.2  1919   84.4  1936  122.8  1934  166.2  1930  156.3  1997  156.7  1931  147.8  1922  116.0  1932   89.3  2017   47.4  1942   33.4  1985   146.3  1929   411.5  1988   509.1  1988   278.9  1983  1427.5  1960
   37.8  1929   50.0  1927   80.9  1980  122.7  1979  161.3  1950  153.1  1982  155.0  1957  147.3  1986  115.3  1967   89.2  1939   47.1  1994   33.1  1927   146.0  1976   406.7  1996   509.0  1981   277.2  1994  1419.4  1931
   37.7  1945   49.2  1976   76.2  2001  122.3  1989  159.2  1954  151.2  1998  154.3  1972  147.3  1925  113.3  1936   88.7  1991   46.4  1987   33.0  1953   144.9  1951   402.8  1962   507.2  2012   273.2  1942  1415.1  1927
   37.7  1973   47.4  1979   75.6  2018  120.3  1975  157.7  2006  148.8  1954  153.7  1960  146.5  1987  113.3  1994   87.6  1946   45.5  1926   32.3  1930   142.9  1924   402.2  1998   506.0  1931   272.7  1939  1411.0  1936
   37.5  1975   46.4  1991   73.3  1992  119.7  1931  157.6  1941  148.0  1988  148.9  1922  146.3  1920  113.0  1972   85.7  1937   44.8  1924   32.1  1971   142.2  1970   401.6  1964   500.0  1948   272.6  1960  1403.4  1965
   37.4  1971   45.9  1924   73.0  1998  118.3  1930  156.4  1968  146.4  2012  146.3  1944  145.2  2010  113.0  1931   85.6  1932   44.6  1958   31.0  1919   139.1  1940   401.5  1991   499.3  1927   272.1  1936  1390.1  1972
   36.2  1922   45.7  1926   70.9  1969  117.5  1998  156.3  1962  141.1  1971  144.0  1932  143.1  1948  112.7  1983   85.4  2009   44.5  1933   30.3  1920   136.9  1979   401.1  1928   498.8  1980   271.8  1957  1377.5  1941
   36.1  1919   45.5  1968   70.6  1947  116.1  1919  152.7  1923  140.2  1958  142.0  1968  143.0  1971  112.1  2008   85.4  1974   43.0  1934   29.6  2021   131.5  1993   399.7  1984   491.1  1937   267.2  1927  1371.8  1958
   35.4  1955   41.8  1972   70.0  2005  114.7  1961  152.1  1994  138.6  1990  139.1  1927  141.4  1977  111.7  2001   82.5  2019   43.0  1932   28.8  1987   130.5  1969   399.4  1923   472.1  1965   261.6  1984  1358.5  1966
   34.3  1969   39.8  1966   69.3  1996  114.5  1971  144.0  1981  136.0  1956  137.1  1954  139.0  1969  110.2  1941   80.2  1960   41.7  2015   28.5  1937   126.7  1935   380.4  1941   463.3  1977   259.7  1946  1349.6  1981
   32.3  1953   39.3  2011   66.8  2013  113.2  1978  143.9  1985  133.1  1991  135.9  1962  134.0  1958  109.3  1927   78.4  1966   41.6  1983   26.9  1989   123.7  1941   377.4  1985   458.6  1958   259.7  1924  1342.8  1954
   31.8  1966   38.4  1993   66.7  1960  111.4  1926  139.5  2007  132.0  2016  132.7  1978  132.0  2008  107.3  1920   74.9  1953   40.9  1941   26.7  1968   123.4  1966   376.4  1932   451.8  1956   259.0  1941  1339.6  1978
   30.8  1941   38.1  1942   63.5  1975  107.8  1941  138.9  1991  131.4  1953  129.6  2000  131.9  1954  107.0  1957   73.6  1982   40.5  1939   24.1  2002   121.3  2011   368.0  1983   451.0  1978   244.5  1932  1316.6  1987
   30.1  1942   34.0  1965   57.2  1964   92.6  1966  137.6  1983  130.9  1977  122.4  1937  127.1  2021  102.7  1993   68.6  1968   38.6  1945   21.9  1934   112.5  1972   361.8  1937   437.9  1968   243.8  1976  1313.9  1932
   24.8  1970   27.7  1940   55.1  1981   92.4  1920  128.4  1984  130.5  1923  115.7  1919  124.2  1963   97.8  1984   62.9  2020   38.0  1962   16.2  1956   104.7  1942   353.5  1975   427.5  1987   234.3  1968  1296.8  1937
   23.0  1996   26.7  1947   47.6  1984   82.7  1937  116.1  1932  116.7  1987  110.1  1965  119.7  1968   87.9  1945   57.3  1976   34.9  1968   15.8  1969     ---  1919   328.2  1981   417.8  1954   230.3  1945  1251.1  1968