Areal values from HadUK-Grid 1km gridded climate data from land surface network
Source: Met Office National Climate Information Centre
Monthly, seasonal and annual total precipitation amount for East Anglia
Areal series, starting in 1862
Last updated 01-Jan-2022 10:59
    jan  year    feb  year    mar  year    apr  year    may  year    jun  year    jul  year    aug  year    sep  year    oct  year    nov  year    dec  year     win  year     spr  year     sum  year     aut  year     ann  year
  117.9  1939   93.2  1916  111.0  1947  117.8  1998  118.1  2007  128.8  1997  146.5  1875  177.5  1912  125.3  1918  177.4  1865  154.6  1940  145.3  1914   287.2  1915   228.7  1981   327.6  1879   316.1  2000   887.9  1872
  116.5  1988   86.7  1951   93.6  1916  112.6  2012  106.8  1878  109.4  1985  129.0  1880  122.2  2010  123.5  1896  141.3  1892  139.1  1970  116.1  1876   260.6  1877   222.8  1983   321.6  1912   313.2  1885   809.9  2012
  102.5  1995   84.5  2001   92.9  1981   93.4  2000   97.4  1924  107.5  1958  124.6  1872  117.4  1878  122.5  1968  138.9  1882  127.6  1878  113.0  1868   248.3  2021   222.6  1979   298.5  1903   304.0  1960   788.3  1903
  101.9  2014   84.2  1866   91.7  1862   92.1  1983   96.0  1932  105.9  1879  116.0  1936  116.6  2004  112.4  1871  134.8  1880  118.1  1875  110.0  2020   237.1  1990   221.6  1937   266.2  1872   299.3  1974   783.0  1882
  100.5  1943   82.3  2010   91.2  1914   85.2  1920   93.6  1983  102.4  2016  113.0  1888  115.6  1917  110.6  1885  133.8  1939  110.1  2000  106.4  1929   234.8  2014   214.6  1951   265.9  1987   286.2  1882   779.5  2000
   94.4  2021   82.3  1900   89.4  2001   82.0  1931   93.6  2014   99.6  2007  111.0  1879  110.7  1879  110.6  1876  130.0  1987  107.9  1974  104.8  1915   232.6  1916   210.8  1862   262.3  1958   282.3  1880   779.2  2001
   92.5  1937   81.3  1977   88.3  1979   78.6  1951   91.9  2000   98.8  2012  110.7  1903  107.9  1881  108.4  1930  126.1  1960  105.9  2002  104.8  1978   225.1  1869   202.4  2001   259.5  1946   274.6  1875   774.1  1912
   91.3  1948   79.5  1937   83.3  2008   78.3  1871   90.2  1889   98.8  1982  107.2  2012  105.9  2006  106.0  1883  126.0  1903  105.8  1872  104.4  1869   225.0  1979   201.7  2000   253.9  2012   266.9  1993   769.4  1960
   88.0  1877   78.9  1990   79.8  1937   76.7  1882   87.1  1967   97.6  1903  101.7  1915  105.9  1956  103.6  1995  125.7  1885  104.7  1950  104.3  1989   224.9  1995   196.9  2008   250.4  1880   265.7  1939   755.2  1939
   86.4  1956   78.9  1950   78.7  1951   75.5  1926   85.0  1969   96.1  1998  100.8  1865  105.5  1954  103.1  1993  125.0  2000  104.5  1929  103.9  1965   214.7  1937   196.4  1932   242.3  1875   256.9  1944   752.1  1879
   83.5  2004   78.7  2020   78.6  1896   74.4  1918   81.2  2006   94.4  1964   98.5  1922  103.0  1941  100.6  1965  122.4  1982  104.2  2009  103.5  1910   213.6  1939   195.2  2012   242.0  1968   254.4  1976   750.5  1865
   83.4  1906   74.2  1958   78.4  1864   73.3  2001   81.0  2021   93.8  1987   97.6  1918   99.1  1865   97.9  1927  117.8  1891   97.8  1939   99.6  2002   211.5  1919   189.6  1975   241.1  1956   251.4  1892   747.4  1916
   83.2  1928   74.1  1923   77.6  1941   72.6  1989   79.0  1979   92.1  1909   96.8  1950   97.4  1977   93.4  1984  113.5  2020   97.8  1954   98.8  1872   211.4  2010   183.4  1998   240.7  1927   251.2  1883   746.3  1927
   83.1  1984   73.5  2014   77.2  1975   70.2  1876   78.8  1869   90.4  1936   95.1  1988   96.9  1999   92.3  1960  107.4  1932   96.0  1946   98.5  1911   210.6  2020   181.3  1877   239.5  1917   246.8  1935   745.2  1937
   81.7  1922   72.5  1883   75.0  1988   69.8  1907   74.7  1955   90.0  1927   94.8  1946   95.1  2014   91.8  1974  103.7  1949   95.3  1906   98.1  1919   208.5  1912   180.9  1867   235.0  1888   246.2  1992   744.5  1958
   81.7  1936   71.1  1879   71.9  1876   69.2  1877   74.3  1910   87.8  2019   92.5  1890   95.0  1891   91.6  1975   99.6  1974   95.0  1996   98.0  2012   205.7  1977   180.0  1916   234.3  1954   245.8  1872   738.9  1877
   80.3  2003   68.7  1915   71.8  1964   69.0  1981   74.2  1886   87.6  1999   92.3  1867   94.6  1946   91.5  1880   99.2  1924   94.5  1952   96.1  1979   202.3  2001   179.2  1889   234.1  1865   244.8  1982   736.3  2014
   77.7  1867   68.5  1919   71.7  1909   69.0  1908   73.6  1862   87.1  1905   90.6  1930   91.6  1987   90.6  1935   98.6  1993   92.4  1935   95.7  1934   200.0  1935   177.3  1878   230.2  1909   239.8  1903   736.0  1880
   76.1  1865   67.3  1927   70.7  1888   68.4  1937   73.3  1937   84.9  1991   90.4  1886   90.5  1931   87.6  1976   98.1  1976   91.0  1930   95.1  1886   199.9  1883   177.1  1969   228.8  1936   234.8  1896   732.7  1951
   76.0  1919   66.4  1995   70.6  2018   67.6  1970   73.2  1902   84.1  1980   89.5  1895   90.2  1916   86.2  1957   97.9  1909   90.9  1944   94.5  1909   198.9  1873   177.1  1872   227.1  2007   233.7  1865   730.6  1876
   74.4  1872   65.8  1881   69.7  1952   67.5  1919   73.1  1867   81.2  1883   89.2  1893   90.2  1903   85.5  2001   96.7  2013   90.7  1951   90.2  1870   198.5  1994   177.0  1924   225.9  2004   232.8  1940   726.3  1924
   74.3  1900   65.5  1893   68.7  1897   67.4  1935   73.1  1891   77.6  1880   87.8  1894   89.0  1948   83.3  1992   94.7  1923   89.4  1926   89.8  2017   198.3  1910   173.6  2018   224.5  1966   228.7  1998   720.6  1875
   74.2  1912   65.4  2007   68.2  1912   66.4  1993   72.9  1984   77.0  1871   86.2  1968   88.0  1968   81.7  1866   93.2  1998   87.7  2014   87.1  1959   197.3  1966   172.5  1869   218.6  1892   228.6  1924   718.7  1993
   73.2  1915   64.8  1904   67.8  1940   65.6  2018   71.5  1885   76.1  1892   85.9  1931   86.5  1986   81.1  1944   92.9  1889   87.6  1992   87.1  1901   197.1  2003   169.5  2016   218.1  1891   227.2  2019   715.6  1946
   73.1  1971   63.8  1966   65.9  1963   64.9  1922   71.0  1931   74.8  1971   84.3  1891   86.1  1877   81.0  2000   92.5  1875   86.7  1888   86.4  1993   196.1  1936   168.5  1967   215.0  1999   224.5  1952   712.4  1998
   72.5  1978   62.1  1865   65.4  2016   64.8  1939   70.1  1879   73.9  1863   84.2  2015   84.4  1951   79.6  1999   92.1  1906   85.6  2003   84.5  1985   195.7  1960   167.4  1947   214.7  1931   224.4  2001   707.6  2002
   71.1  1994   61.0  1876   64.0  1992   63.5  1964   69.0  1930   73.2  1906   82.7  1909   84.4  1974   79.3  1973   92.0  2019   85.6  1960   81.6  2019   195.0  1900   167.2  1963   214.6  1985   224.3  1984   704.9  1987
   70.6  2008   60.1  2000   61.5  1877   63.4  1932   68.7  1898   71.7  1882   82.1  1940   83.8  1963   78.9  1869   91.8  1967   84.9  1963   81.5  1882   194.8  1961   166.2  1986   210.5  1890   223.6  1918   704.9  1866
   69.9  1975   59.7  1957   61.5  1890   63.3  1924   68.1  2008   70.5  1866   82.1  1920   82.3  1900   77.8  1981   89.6  1917   82.7  1911   81.4  1961   190.4  1951   165.5  1876   209.9  1997   222.4  1930   699.2  1992
   69.8  1960   59.7  1936   61.5  1980   62.8  1879   68.1  1948   70.4  1902   81.3  1992   82.2  1895   77.4  1897   88.7  2004   82.4  1916   81.0  1960   187.2  2018   164.8  1992   207.7  1894   221.5  1987   697.9  1883
   69.1  2016   58.9  1885   61.1  1919   62.3  1867   66.9  1981   70.2  1926   81.2  1908   81.5  1927   76.1  1998   88.4  1942   82.0  1894   80.6  1881   186.1  1897   164.7  1964   206.8  1881   221.4  2002   696.8  2020
   67.3  1961   58.7  2009   59.7  1978   62.2  1966   64.6  1973   70.0  1946   80.9  1960   80.9  1996   75.4  1879   88.1  2012   81.8  1883   80.4  1891   185.9  2007   161.0  1907   205.2  1960   220.1  1927   695.5  1965
   67.3  1959   58.5  1910   59.0  1872   59.3  1986   64.1  1907   70.0  1912   80.8  1965   80.7  2020   74.9  1899   88.1  1872   81.5  1969   80.2  1997   183.1  1958   160.9  1931   203.5  2017   219.8  1906   695.3  1968
   66.9  1913   57.9  1974   57.0  1969   59.0  1975   62.5  1958   69.9  1966   80.6  1966   80.6  2008   74.7  1950   86.6  2001   81.1  1877   80.1  1896   181.3  1980   160.7  1908   199.2  1980   216.0  1878   695.2  1878
   66.5  1868   57.7  1925   56.3  1869   58.8  2004   61.8  1872   69.6  1935   80.5  1987   80.3  1872   74.0  1994   85.9  1870   80.9  2008   79.7  1937   181.1  2004   160.2  1903   198.4  1866   215.3  1968   694.6  1915
   66.5  1999   57.2  1897   56.3  1954   58.3  1967   61.5  1903   68.9  2011   80.1  1889   80.1  1902   74.0  1958   85.2  1913   80.5  1971   79.6  2009   180.8  1970   158.0  2007   197.5  1950   215.3  1876   691.0  1910
   65.2  2007   57.2  1931   55.8  1905   56.8  1899   61.3  2017   68.8  1948   80.1  2001   79.9  1960   73.9  1863   85.0  2002   80.2  1910   75.8  1938   178.2  1948   155.8  1994   196.5  1877   212.5  1863   689.0  2007
   65.2  1863   57.2  1979   54.9  1908   56.2  1872   60.3  1865   68.0  1911   79.8  2009   79.5  1892   73.9  1952   84.9  1944   78.2  1882   74.9  1966   177.6  1943   155.7  1879   194.8  1948   211.0  2020   686.4  1885
   65.1  2011   56.9  2002   54.8  1995   56.0  1965   58.1  2002   67.8  1968   79.2  1877   77.4  1992   72.5  1962   83.7  1955   77.7  1876   72.7  1907   176.2  1978   155.3  1941   194.3  1965   209.6  1970   684.8  2008
   65.1  1886   56.5  1877   54.6  1911   55.4  1889   57.3  1982   67.1  1978   79.0  2017   77.4  1952   72.3  1925   82.9  1961   76.9  1885   72.5  1916   176.1  2013   154.1  1930   194.2  1915   203.6  1946   683.3  1966
   64.7  1977   56.4  1869   53.6  1982   55.4  2016   57.3  1951   65.6  1953   77.6  1958   77.2  1958   71.4  1924   81.5  1896   76.4  1984   72.3  1999   175.4  1928   154.1  1920   192.9  1941   203.0  2012   678.5  1954
   64.6  1942   55.9  1970   53.1  1903   55.4  1979   56.9  1945   65.0  1875   76.8  1956   74.1  1888   71.1  1922   81.1  1980   74.6  2012   71.4  1995   174.6  1911   153.4  2006   192.9  1882   199.3  1899   676.7  2004
   64.4  1866   55.4  1926   53.1  1986   54.0  1953   56.6  1942   64.4  1900   75.7  1917   74.1  1966   70.9  1874   79.4  2014   74.6  1864   70.8  1958   174.3  1988   152.6  1913   192.7  1902   197.4  1923   675.9  1936
   64.1  1938   54.9  1946   53.1  2013   53.7  1913   56.5  1864   64.1  2017   75.2  1957   74.0  1862   70.9  1946   79.2  1966   74.4  1863   69.9  1928   174.2  1866   152.3  1978   192.5  2020   197.0  1967   675.6  1930
   64.1  1986   53.7  1935   53.0  1913   53.1  1934   55.3  1925   63.7  2003   75.0  1910   73.6  1939   69.1  1882   77.8  2021   74.2  1893   69.5  1986   172.7  1930   151.2  1988   192.5  1992   196.3  1961   675.3  1909
   63.1  1979   52.0  1969   51.6  1901   53.0  1963   54.9  1954   63.0  1890   74.8  1871   73.1  1868   67.8  1889   76.9  1907   73.8  1936   69.1  1998   171.3  1867   151.1  1882   191.9  1895   195.1  1929   674.8  1892
   62.6  1918   51.7  1941   51.2  1994   52.4  1973   53.8  1986   62.0  1916   74.1  1912   72.6  2001   65.5  1884   75.7  1886   72.5  1927   67.1  1918   170.9  1926   149.9  1886   190.9  2014   194.9  1950   674.5  1974
   62.5  1926   51.6  1922   50.9  1965   52.4  1994   53.4  1975   61.4  1872   73.8  2007   72.4  2015   64.9  1936   75.7  1929   72.2  1982   67.0  1945   169.4  1922   148.7  1864   190.8  1889   193.5  1925   671.2  1918
   62.3  1895   51.4  1954   50.2  1989   52.0  1910   53.2  1950   61.0  1954   73.8  1924   70.6  1971   64.6  1903   75.3  1992   71.9  1895   66.0  1900   165.6  1871   148.6  1910   189.5  2001   193.5  1942   669.3  1999
   61.9  1970   50.4  1906   50.2  1998   51.6  1901   53.1  1985   60.0  1928   73.7  1962   66.1  1873   64.5  1983   75.1  1881   71.5  2019   64.5  1923   165.6  1986   147.5  1965   188.3  1878   193.1  2013   669.1  1869
   61.8  1972   50.3  1892   49.6  1933   50.0  1930   53.1  1987   59.9  1973   73.6  1883   65.7  1889   64.3  1892   75.0  1994   71.2  2015   64.4  2021   165.1  1920   144.3  1885   188.2  1916   192.9  2008   668.1  1979
   61.5  1998   50.2  1955   49.5  1999   49.0  1866   52.7  1949   59.6  2020   73.4  1969   65.7  1925   64.1  1951   72.5  1873   70.1  1886   63.7  2000   164.2  1999   143.5  1898   187.7  1953   192.4  1881   667.9  1881
   61.0  1951   49.9  1996   49.2  1917   49.0  1961   52.2  1994   58.9  1896   73.1  1942   65.1  1930   64.0  1875   71.3  1986   69.0  2016   63.1  1912   163.5  1868   141.7  1909   186.9  1862   192.1  1869   664.9  1891
   58.3  1924   48.3  1871   49.2  1927   48.9  1992   51.9  1915   58.8  1898   71.8  1932   64.9  1866   63.7  2019   70.5  1928   68.8  1976   63.1  1880   162.9  1984   141.5  1987   185.5  1900   192.1  1894   659.6  1919
   57.3  1969   46.8  1980   48.3  1865   48.7  1925   51.9  1992   58.3  1956   71.1  1919   64.9  1897   63.5  1961   70.5  1981   68.4  1915   63.0  1969   162.9  1923   141.0  1919   184.2  1922   191.5  1889   657.6  1889
   56.9  1993   46.7  1873   47.5  1939   48.1  1880   51.8  1993   58.2  2021   70.0  2004   64.9  1915   63.4  1873   69.9  1893   68.3  1890   62.8  1947   161.2  1865   140.5  1914   183.4  1974   191.3  1954   656.7  1982
   56.8  1941   46.6  1961   47.1  2019   47.8  1950   51.6  1894   58.2  1955   69.3  1927   64.0  1905   63.0  1881   66.5  1938   68.1  1899   62.2  1867   161.1  1938   139.9  1952   182.6  1957   191.0  1926   656.4  1950
   56.7  1958   46.2  1978   46.5  1984   47.2  1905   51.4  1873   58.1  1947   69.1  1882   62.3  1908   62.0  1920   66.4  1894   67.0  1966   60.9  1920   160.9  1885   139.8  1939   182.4  2010   190.3  1911   654.9  1867
   56.5  1962   46.0  1997   45.6  1987   47.0  1991   50.6  1877   57.7  1894   68.9  2002   62.2  1894   61.6  1933   66.3  2006   66.7  2006   60.8  2018   160.6  1969   139.8  1888   181.6  1971   190.2  1932   654.0  1981
   55.6  1869   45.5  1880   45.4  1867   45.8  1888   50.0  2015   56.6  1897   68.2  1953   61.1  2018   61.3  2005   66.2  2005   66.7  1887   60.5  1927   158.2  1946   138.7  1918   181.5  1910   189.7  2006   651.9  1894
   55.4  2015   45.0  1967   45.0  1970   45.7  1927   49.1  1938   56.1  1862   67.8  1954   60.4  1957   60.1  1938   65.7  1895   65.8  1914   60.2  2003   157.7  1962   138.5  1871   180.3  2011   187.4  1891   651.3  1886
   54.8  1985   43.9  2021   44.7  1977   45.6  2008   48.9  2013   54.6  1989   67.6  1941   60.3  2017   59.2  2020   64.3  1863   65.2  1993   60.1  1924   157.1  1881   137.8  1897   180.1  1930   185.7  1981   643.6  1935
   54.4  2018   43.0  2018   43.8  1942   45.5  1903   48.8  2016   53.4  1965   66.2  1980   60.1  1965   59.1  1867   64.1  1925   63.6  1965   59.9  1946   155.7  1870   136.5  2004   178.7  2015   185.5  1949   641.2  1986
   54.1  2001   42.2  1889   43.7  1868   45.5  1959   48.5  1890   52.9  1974   65.5  1929   60.0  1945   59.0  2010   64.0  1926   63.2  1942   59.8  1976   155.7  1931   136.4  1993   178.6  2008   185.1  1936   637.5  1984
   53.8  1990   41.3  1940   43.5  1895   45.5  1862   48.5  2012   51.7  1933   64.7  1973   59.9  1950   58.9  1887   63.9  1868   62.7  1986   59.3  1866   155.5  1906   135.7  1985   178.1  1883   185.1  2014   634.0  1922
   53.6  1890   41.2  2011   43.2  1934   44.9  1962   48.4  1963   50.6  1977   64.3  1904   59.9  1969   58.6  1912   63.8  1935   60.7  1941   59.3  2013   155.2  1879   135.4  1940   177.3  1963   184.8  1938   633.9  1914
   53.5  1873   41.0  1947   42.9  1881   44.3  1978   48.3  1916   50.3  1907   64.0  1993   59.5  2011   58.0  2017   63.4  1883   60.6  1869   59.0  2011   153.8  1956   134.6  2014   176.5  1924   182.9  1874   633.6  1906
   53.2  1875   41.0  1994   42.6  1922   44.0  1878   48.3  1978   50.2  1984   63.7  1959   59.1  1994   57.0  1931   63.3  1862   60.3  1866   57.9  1952   153.7  2000   134.5  1925   176.4  1978   182.7  1913   632.2  1862
   52.1  1920   40.9  1983   42.2  1928   43.5  1894   48.1  1941   49.9  1881   63.0  1866   59.1  1923   56.9  1991   62.9  1916   59.4  1998   57.4  1977   152.9  1996   134.3  1891   176.3  1982   181.8  1871   630.7  1931
   51.5  1952   40.7  1933   42.1  1959   43.2  1917   47.8  1887   49.4  2009   63.0  1892   58.3  1919   56.7  2006   62.9  1911   59.1  1907   57.1  1942   151.9  1882   133.7  1890   174.7  1905   181.7  1887   629.1  1988
   51.4  1899   40.4  2005   41.6  1906   42.9  1987   47.4  1875   49.3  1910   62.0  1978   58.2  1979   53.0  1909   60.7  1898   58.5  1912   57.0  1884   151.8  1967   133.7  1922   173.6  1988   180.8  1873   627.8  2019
   50.9  1955   40.4  1888   41.5  1971   42.9  1944   46.8  1899   49.0  1873   61.2  1884   57.2  1910   53.0  1862   60.4  2010   58.3  1938   56.9  1906   151.5  1941   132.3  1989   173.0  1939   180.3  1965   627.1  1952
   50.8  1945   40.4  1989   41.3  1972   42.6  1885   45.9  1913   48.2  1917   60.4  1923   56.5  1924   51.9  1872   60.3  2008   58.2  1991   56.8  1898   151.4  1892   132.1  1984   172.9  1969   179.8  1886   625.3  1917
   50.6  1935   40.2  1914   41.2  1870   42.6  1999   45.8  1962   47.9  1888   60.4  2000   56.2  1896   51.9  1945   60.1  1953   58.1  1975   56.0  1994   149.5  1955   131.3  1905   171.7  1871   178.9  1916   617.9  2021
   50.3  2020   39.0  1945   40.9  1923   42.2  1897   45.5  2003   47.8  1943   58.2  2014   56.1  1961   51.6  2008   57.3  1971   58.0  1924   55.3  2006   149.5  1887   131.3  1970   171.6  1908   176.4  1951   617.6  1970
   49.5  1965   38.8  1960   40.8  1985   42.0  1972   45.2  1918   47.7  1945   57.8  1981   55.4  1909   51.4  1868   57.1  1988   57.6  1949   54.8  1935   149.1  2016   130.4  1973   168.5  1893   174.2  1994   617.5  1888
   49.4  2010   38.7  2015   40.7  1898   41.9  1985   45.0  1904   47.0  1957   56.9  1862   55.2  1985   51.2  1905   56.3  1899   57.4  1972   54.6  1982   148.7  1924   128.7  1901   168.0  1873   174.0  1909   616.9  1994
   49.1  1921   38.1  1991   40.0  1957   41.7  1968   44.7  1988   46.8  1993   56.1  2021   55.0  1890   50.5  1967   56.1  1940   57.1  1925   53.5  1894   148.6  1998   128.0  1899   167.6  1928   173.9  1957   615.9  1941
   48.8  1897   38.1  2006   39.2  1886   40.8  1868   44.7  1946   46.5  1878   55.7  1925   54.8  2002   50.3  2015   56.1  1887   57.0  1997   53.5  1956   147.6  1913   126.8  1902   166.0  2019   173.2  1966   615.4  1969
   47.6  1930   38.0  1908   39.0  1887   40.6  1947   44.6  2004   46.2  1924   55.7  1928   54.5  2005   50.2  1982   56.1  1952   56.8  1990   53.4  1981   147.6  1925   126.6  1866   164.1  1867   172.8  1917   615.0  1978
   47.5  2017   37.7  2017   38.9  2007   40.0  1949   44.6  1928   46.2  1963   55.1  1926   54.2  1904   49.9  1937   56.1  2018   56.6  1874   53.0  1925   146.8  1957   126.4  2002   163.3  2009   172.1  1866   614.6  1928
   47.5  2009   37.4  2004   38.0  1891   39.5  1990   43.2  1968   45.8  1914   54.9  2003   53.9  1953   48.3  1932   55.4  1874   56.1  1913   53.0  1922   146.0  1950   125.8  2013   162.8  1998   170.9  1963   613.5  1926
   47.2  1904   37.0  1984   37.9  1904   39.2  1883   43.2  1866   45.4  2005   54.6  1986   53.8  2007   47.9  1943   55.1  1945   56.0  1880   52.7  1930   144.4  2015   125.8  1926   162.7  1926   170.5  2010   611.9  1923
   47.0  2013   36.3  1882   37.9  2006   38.5  2005   42.9  1997   45.1  1939   54.6  2008   53.4  1893   47.5  1923   54.8  1941   55.9  1905   52.6  1874   143.6  1947   125.3  1962   162.1  1986   168.9  1912   611.7  1896
   46.0  1894   35.8  1912   37.5  1955   38.4  1892   42.8  1926   45.0  1889   54.5  1899   52.8  1982   47.2  1963   54.6  1867   55.4  1928   52.4  1877   143.4  1893   124.1  1982   161.9  1919   168.8  1999   606.9  2006
   46.0  1968   35.5  1953   37.0  1983   38.1  1916   42.4  1943   44.4  1960   54.3  1939   52.7  1922   45.5  1864   54.6  1984   55.3  1923   52.3  1957   142.7  1904   123.6  1955   161.7  1920   167.2  2005   606.3  1967
   45.9  1883   34.9  1868   36.9  1932   37.8  1940   42.1  1933   43.7  1876   53.9  1914   52.5  1932   45.2  1955   53.7  1933   55.2  1977   51.6  2015   141.6  1959   122.7  1934   158.1  1977   166.9  1893   606.2  1961
   45.8  1893   34.9  1972   36.0  1915   37.7  1909   40.9  2019   43.3  2008   52.9  1873   52.1  2013   44.7  1911   52.6  1869   54.7  1967   51.2  1968   140.8  1899   122.6  1917   157.9  2002   165.0  1975   604.2  2017
   45.7  1931   34.6  1894   35.9  1873   37.3  1869   40.6  1965   43.2  1990   52.2  2020   52.1  1882   44.2  1917   52.6  1884   54.2  1881   50.3  2014   137.8  1983   121.5  1972   157.5  2016   164.8  2015   603.3  1948
   45.5  1903   34.3  1867   35.7  2002   36.5  1886   40.3  1966   43.1  1937   51.9  2011   52.0  1928   43.7  1894   52.5  2007   53.5  1987   50.0  1967   137.4  1974   121.4  1948   156.3  1918   164.3  1877   602.6  1900
   45.3  2002   32.9  1911   35.4  2009   35.9  1936   39.9  1977   41.0  1944   51.8  2005   51.2  1962   43.6  1970   52.5  1958   52.9  2013   49.2  1895   137.2  1917   120.6  1942   154.8  1951   163.7  2004   601.9  1940
   45.3  1910   32.6  1878   35.4  1882   35.2  1948   39.8  2001   40.8  1950   50.1  1972   48.9  1944   43.5  2013   52.4  1914   52.3  2001   48.4  1954   135.9  1971   119.8  2021   154.7  2006   163.0  2009   600.4  1925
   45.1  1884   32.6  1899   35.2  1930   35.1  1969   39.1  2005   39.7  1920   50.0  1985   48.9  1980   42.8  1877   52.1  1878   52.2  1898   48.3  1972   135.8  1876   119.4  1954   154.4  1886   162.4  1986   597.8  1871
   45.1  1917   32.6  1988   34.6  1920   34.3  2006   39.0  1971   39.6  1969   49.8  1944   48.1  1867   42.4  2016   51.9  1901   51.4  1985   47.9  1990   135.1  1908   118.9  1865   154.2  1993   162.1  1958   597.1  2009
   45.1  1885   32.2  1968   34.6  1962   34.0  1898   39.0  1882   39.3  1885   49.0  1881   47.9  1876   42.3  1954   51.9  1999   51.2  2010   47.6  1904   134.9  2008   118.5  1873   153.5  1964   159.1  1971   595.2  1942
   44.9  1974   31.8  1928   34.5  2021   34.0  1921   38.4  1883   39.3  2004   48.4  1937   47.8  2012   42.1  2021   51.8  1912   51.0  1959   47.1  1970   133.3  2009   118.5  1887   151.7  2005   158.8  1980   588.0  2016
   44.1  1879   31.5  1864   34.4  1866   33.6  1952   38.3  1972   38.8  1874   48.4  1947   47.3  1978   41.8  1942   51.2  1954   50.7  1931   46.1  1962   132.3  1875   118.4  1958   149.7  1973   158.7  1933   586.8  1980
   43.7  1940   31.2  2013   34.3  1960   32.7  1945   38.1  1906   38.8  1891   47.3  1963   47.2  1997   41.8  1870   50.9  1990   50.6  1918   45.6  2007   131.9  2011   118.0  1894   148.9  1945   158.3  1870   585.0  1907
   43.6  1991   30.4  1944   34.1  2012   32.5  2002   37.4  2018   38.3  1931   46.1  1974   46.2  1934   41.4  1956   50.8  1948   49.9  1919   45.0  1897   130.4  1902   118.0  1999   147.6  2021   156.8  1905   584.8  2010
   43.5  1891   30.4  1907   34.1  1871   31.9  1929   36.9  1953   37.6  2014   46.0  1907   46.0  1907   41.3  1913   49.8  1905   49.9  1980   44.9  1984   130.4  1872   117.9  1933   147.2  1991   156.0  1895   583.9  2015
   42.7  1947   28.7  1987   34.0  2010   31.8  1874   36.8  1908   37.4  1988   45.0  1870   46.0  1870   41.2  1908   49.7  1927   49.8  1900   43.7  1980   129.6  1991   117.4  1928   145.5  1896   155.6  1884   582.9  1873
   42.5  1927   28.7  1999   33.5  1889   31.7  1887   36.7  1952   36.8  2001   44.6  1989   44.8  1886   41.0  1988   49.6  1979   49.8  1961   43.7  1948   128.1  1968   117.3  1966   142.2  1907   154.3  1996   582.3  1985
   42.3  1983   28.4  2016   33.1  2004   31.6  1977   36.5  1912   36.4  1901   44.5  1970   44.6  1967   40.9  1934   49.6  1968   49.2  1903   43.0  1940   126.4  2002   116.8  1945   142.1  1897   153.6  1868   581.6  1911
   42.1  1944   27.9  2019   32.8  2017   31.4  1988   35.4  1892   36.2  1972   43.3  1949   43.8  1898   40.6  1948   49.1  1997   49.0  1865   42.7  1936   126.1  1878   116.5  1949   139.7  1944   153.5  1910   579.6  1944
   42.0  2012   26.9  1901   31.9  1883   31.3  1873   34.3  1920   34.2  1865   43.0  1913   43.8  1880   40.3  2012   49.1  1900   48.6  1979   42.7  1983   126.0  1927   116.2  1977   139.3  1863   152.6  1955   579.6  1956
   41.8  1981   26.5  1875   31.7  2005   30.8  1884   33.5  2009   34.1  2002   42.6  1961   43.7  1887   39.0  1972   47.8  1918   48.6  1957   42.7  1950   125.0  1895   115.2  1927   139.3  1932   151.7  1983   579.4  1957
   41.1  1878   25.8  1924   30.6  1925   30.7  1928   33.5  1923   34.1  1934   42.3  1996   43.6  1942   38.9  1904   47.7  1937   48.4  1983   42.2  1964   124.1  1975   114.6  1911   138.8  1904   150.5  1907   576.8  1932
   40.4  1876   25.6  1872   30.4  1946   30.0  1875   32.8  1929   33.7  1992   42.2  1902   43.4  1993   38.3  1953   46.8  1956   47.9  2018   42.0  1955   123.9  1940   114.0  1950   137.3  1996   150.3  1962   572.6  1963
   39.3  1887   25.4  1956   30.2  1885   30.0  1923   32.2  1909   33.4  1869   41.5  2019   43.4  1938   38.1  1915   46.4  1936   47.3  1962   41.5  1908   123.8  1972   113.3  1935   135.7  1923   148.5  1995   572.5  1977
   39.1  1929   25.4  1905   29.9  1902   29.7  1941   32.0  1911   33.3  1952   41.2  1945   43.0  1863   38.0  1987   46.1  1959   46.3  1891   41.2  1862   123.8  1929   110.7  1896   135.2  1898   147.9  1888   572.3  1868
   39.0  1992   24.7  1981   29.6  1884   29.3  1881   31.7  1900   33.0  1922   40.8  1876   41.4  1869   37.6  1926   44.6  1910   46.2  1943   40.8  1883   121.8  1863   110.5  1912   135.1  1989   147.8  2021   566.9  1983
   38.4  1980   24.6  1942   28.7  1991   28.9  1971   31.7  1935   32.5  1919   40.7  1951   41.4  1984   37.1  1921   43.3  2015   45.8  1892   40.7  1893   121.4  1945   109.5  1883   134.9  1942   147.2  1862   565.9  1971
   38.1  1911   24.3  1902   27.9  1892   28.5  1895   30.9  1914   32.4  1979   40.6  1901   41.1  1988   36.3  1878   42.8  2009   45.4  2004   40.0  1992   121.3  1894   109.4  1971   133.2  1952   146.5  2003   561.4  2013
   37.6  1976   24.1  1948   27.7  1958   28.4  1900   30.5  1957   32.2  1981   40.6  1991   40.8  1976   34.1  1939   41.9  1943   44.9  1873   39.9  1878   121.0  1942   109.3  2005   132.3  1876   145.3  1973   559.4  1899
   37.3  1982   23.9  1949   27.2  1945   28.1  1911   30.2  1917   32.1  1884   39.3  1938   39.9  1920   34.0  2007   41.7  1996   43.8  1937   39.2  1951   120.3  1987   109.1  1915   131.9  1925   144.7  1928   558.3  1895
   36.3  1946   23.7  1964   27.1  1907   28.1  1958   29.8  1940   31.1  1877   39.0  1967   39.5  1885   33.9  1886   40.4  1877   43.4  1933   38.8  1939   118.8  2012   108.6  1968   130.6  1937   144.6  1915   558.2  1897
   35.8  1923   23.7  1870   26.6  1878   27.0  2020   29.5  1976   30.8  1961   38.7  1900   39.2  1970   33.7  1978   39.8  2003   43.3  1968   38.7  1949   118.8  1953   107.5  2017   130.4  1962   144.0  1864   557.6  1890
   35.5  1862   22.9  1918   26.2  1974   26.2  1946   29.4  1964   30.5  1899   38.3  1934   39.1  1937   33.6  1916   39.8  1890   42.3  2017   38.3  1899   118.6  1921   105.3  1953   129.6  1914   144.0  2016   556.6  2018
   35.0  1914   22.0  1874   24.6  2020   26.2  1933   28.7  1893   30.4  2010   37.3  1933   39.1  2000   33.1  1888   39.3  1989   41.3  1921   36.0  1921   115.5  1907   104.3  1923   129.5  1961   143.3  1914   555.2  1975
   34.9  1882   21.8  1975   24.5  1880   26.2  1956   28.3  1905   30.4  1967   37.1  1948   38.6  1943   32.4  1906   39.2  1957   41.2  1934   34.6  1973   114.8  1993   103.9  1904   129.1  1884   141.4  1937   549.5  1995
   34.6  1916   21.6  1898   24.4  1899   25.1  2003   27.9  1961   29.8  1951   36.2  1971   38.4  1874   32.3  1990   38.9  1983   41.2  2007   34.5  1863   114.7  2019   103.3  1868   124.4  1906   139.9  1990   547.9  1945
   33.7  1954   21.3  1884   24.1  1863   24.6  1943   27.9  1921   28.9  1913   36.0  1916   38.2  1921   30.5  2002   38.8  1963   39.8  2005   34.4  1875   112.1  1985   101.7  1959   124.4  1935   138.9  1991   547.3  1920
   33.7  1957   21.2  1890   24.0  2015   23.8  2013   27.6  1939   28.1  1908   34.4  1975   37.9  1949   29.8  2018   38.7  1902   39.4  1871   33.6  1996   111.7  1965   101.7  1892   124.2  2003   136.0  1943   541.6  1908
   32.6  1934   20.9  1973   24.0  1921   23.7  1890   27.0  1897   28.0  1970   34.0  1997   37.4  1926   29.5  2004   38.1  1915   38.9  1917   33.3  1889   111.3  1918   101.4  1946   122.6  1959   135.7  1867   540.3  1913
   31.9  1989   20.2  1952   23.8  1949   23.6  1902   26.7  1944   28.0  1864   33.2  1976   36.7  2019   28.6  1910   37.6  1934   38.3  2020   32.6  1902   110.9  1952    99.9  1980   119.7  1981   133.8  1879   539.2  1989
   31.8  1967   20.1  1943   23.7  1968   23.3  1980   26.4  1934   27.6  1994   32.7  2013   36.3  1935   28.5  1901   37.5  1919   38.3  1868   32.4  1974   110.2  1981    99.0  2019   119.0  1994   133.8  2018   538.4  1929
   31.7  1996   20.0  1965   23.1  1967   23.2  1891   26.3  1863   27.6  1915   32.6  1898   35.9  1989   28.4  1986   36.9  1964   37.5  1884   32.1  1892   110.2  1982    98.7  1906   118.6  1934   132.9  1988   535.1  1905
   30.0  1874   19.9  1939   23.0  1894   21.3  1896   26.1  1922   27.2  1995   32.3  1998   35.9  1901   28.0  1947   36.8  1946   37.4  1981   32.1  2005   108.2  1901    96.1  1995   116.6  2000   131.1  1953   534.3  1863
   29.8  1925   19.8  1962   22.8  1879   21.2  1915   26.1  1871   26.1  1975   32.2  1994   35.8  1884   27.8  1980   36.7  1973   37.4  1999   32.1  1975   108.1  1890    94.8  2015   116.2  1929   129.8  1922   532.4  1997
   29.7  1933   19.6  1917   22.4  1910   21.1  1904   26.0  1995   25.9  1893   31.5  1983   35.3  1918   27.2  1902   36.2  1908   36.6  1948   32.0  1943   107.3  1884    94.1  1881   116.0  1984   128.0  1948   529.6  2005
   29.6  1966   19.5  1982   21.6  2014   20.7  2015   25.9  1999   25.7  1959   31.2  1964   34.3  1998   26.9  1966   32.6  2016   35.7  1902   31.9  1941   105.2  1954    90.5  1991   115.8  1870   127.7  2007   528.3  1962
   28.8  2005   18.7  1930   20.1  1900   20.3  1942   25.5  1901   24.8  1870   30.5  1999   34.1  2009   26.7  1919   30.9  1921   35.7  1958   31.7  1944   104.7  2017    89.8  1880   114.2  1943   127.4  1931   527.5  1893
   28.4  1950   18.6  2008   19.7  1874   19.4  2014   25.4  2010   24.4  1930   30.4  1896   34.1  1955   25.7  2011   30.5  1962   35.4  1964   31.1  1888   104.5  1944    89.7  1895   114.0  1967   127.3  1941   519.1  1955
   28.3  1907   18.4  1976   19.5  1996   19.1  1906   24.4  1874   23.8  1867   29.8  2010   33.4  1906   25.2  1914   30.1  1866   35.2  1904   30.6  1903    98.9  2005    89.5  1875   112.9  1901   127.2  1897   516.4  2003
   28.2  1881   17.9  1993   19.1  1918   18.4  1914   23.9  1936   23.5  1918   29.3  1995   33.3  1959   25.0  1989   30.0  1871   34.8  1988   30.5  1887    98.5  1886    88.0  2003   111.8  1970   125.5  1945   514.1  1938
   27.7  1870   17.8  2012   18.6  1956   17.0  1863   23.4  1876   23.3  1929   28.7  2006   33.3  2021   24.3  1949   29.3  1904   34.7  1922   30.4  1871    98.1  1905    85.8  1921   111.7  1979   124.8  1890   512.6  1976
   27.2  1871   17.6  1913   18.2  1948   16.1  2009   23.3  1888   22.3  1941   27.8  1943   32.3  1990   23.3  1891   28.1  1888   34.5  1932   29.7  2004    94.5  1989    85.2  1961   110.5  1947   119.7  1934   505.7  1904
   26.5  1932   17.3  1938   18.1  1993   15.8  1870   21.9  1960   22.2  1983   27.3  2016   30.8  1875   22.8  1893   27.0  1876   34.2  1879   27.1  2008    94.3  1888    85.0  2009   110.1  1933   119.4  1898   505.1  1953
   26.1  2019   17.2  2003   18.0  1936   15.3  1995   21.9  1881   22.0  2015   26.1  1874   30.6  1913   22.1  1940   26.9  1970   33.8  1901   27.1  1971    93.9  1889    80.7  1943   109.8  1899   118.3  1997   500.5  1934
   26.0  1896   17.0  1986   17.5  2003   15.1  2010   21.8  1996   20.9  1986   26.0  1887   29.9  1914   21.3  1971   25.4  2011   33.1  1995   26.3  1885    93.3  1949    80.1  1900   109.3  1972   118.2  2017   499.2  1898
   25.8  1949   16.7  1992   16.5  2000   14.5  1960   20.3  1927   20.9  1938   24.7  1982   29.7  1981   21.1  2003   24.3  1879   32.7  1953   25.8  1917    93.3  1914    79.0  1944   107.1  1911   117.4  1979   497.4  1973
   25.4  1953   16.3  1963   16.3  1924   13.8  1864   19.0  1974   20.3  1904   24.4  1984   27.9  1964   19.2  1979   24.0  1922   31.0  1947   25.7  1865    91.8  1903    78.2  1884   105.6  1940   114.3  1900   496.9  1902
   25.1  1905   15.7  1971   15.3  1990   13.7  1976   18.8  1868   20.3  2013   24.3  1878   27.8  2016   18.8  1928   23.9  1864   31.0  1862   25.6  2010    90.3  1997    77.9  1936   105.0  2013   114.2  1901   490.6  1964
   24.6  1963   15.4  1863   14.9  1966   13.5  1997   18.7  1970   20.2  1895   24.2  2018   27.6  1911   18.4  1895   23.9  1991   30.8  1989   25.2  1987    89.9  1896    77.3  1957   103.5  1938   114.1  1919   490.5  1949
   24.4  1908   15.0  1909   14.3  1953   13.5  2017   17.8  1884   20.1  2006   23.6  1905   27.4  1929   17.9  2014   23.2  1977   30.7  1889   24.7  1931    89.3  1898    75.9  1874   103.3  1874   111.8  1956   489.3  1947
   23.4  1888   15.0  1887   14.2  1935   13.2  1982   17.6  1895   19.3  1886   22.4  1863   25.2  1973   17.5  1996   23.0  1930   30.6  1870   24.2  2001    88.1  1976    74.5  2010   102.5  1913   109.3  1921   488.9  1870
   22.7  1898   14.9  1920   13.8  1943   12.7  1984   17.2  1880   18.8  1949   22.4  1952   24.8  1899   16.7  1890   21.6  1951   29.9  2011   23.1  1864    87.9  1864    73.3  1870   101.0  1868   105.4  1908   486.4  1884
   22.1  1987   14.8  1929   13.5  1976   11.5  1955   16.6  1956   18.2  1942   21.1  1979   23.2  1883   16.5  1977   21.4  1920   29.8  1896   22.3  1991    87.0  1963    70.7  1960   100.0  1949   103.6  1920   485.2  1901
   21.8  1864   14.7  1896   13.4  1973   11.4  1974   16.3  1870   18.1  1868   20.6  1897   23.0  1972   15.9  2009   20.4  1897   29.4  1897   22.2  1988    85.8  2006    69.1  1990    99.8  1955   103.6  1972   483.8  1990
   21.3  2000   13.6  1903   13.0  1950   11.0  2019   16.2  2011   17.2  2000   19.8  1885   22.4  1936   15.4  1900   19.7  1931   29.4  1973   21.7  1905    85.6  1973    68.6  1938    98.6  1885   103.3  1904   483.6  1943
   20.7  1892   12.3  1985   12.1  1875   10.3  1865   15.8  1947   16.2  1923   18.6  1990   21.8  1991   14.9  1929   18.0  2017   28.0  1908   20.1  1953    82.9  1933    67.4  1863    94.2  1990   101.6  1902   480.9  1959
   20.6  1889   12.0  1932   10.9  1997    9.5  1938   15.4  1998   14.9  1932   18.5  1935   21.0  1933   14.8  1964   16.1  1965   27.9  2021   19.7  1879    78.0  1992    67.3  1997    91.0  2018    98.7  1959   480.7  1991
   19.9  1909   11.1  1934   10.0  1938    9.2  1996   15.2  1980   14.0  1996   17.9  1906   20.7  1864   14.5  1907   15.6  1950   25.2  1994   19.5  2016    76.4  1909    66.8  1929    88.1  1869    95.1  1989   479.3  1972
   19.4  1964   10.4  1862    9.5  1944    8.2  1954   14.8  1991   13.5  1940   13.2  1869   19.9  1871   14.5  1985   15.2  1975   23.7  1955   18.0  1913    70.1  1880    61.4  1956    85.6  1976    94.9  1977   470.3  1933
   19.0  1902    9.1  1895    8.3  1961    6.8  1957   14.3  1990   12.3  1887   13.2  1864   16.3  1975   12.1  1997   14.5  1985   23.6  1956   16.1  1926    67.5  1874    56.8  1976    82.0  1887    93.0  1969   467.1  1887
   16.5  1973    8.5  1921    7.8  1931    5.8  1912   14.1  1959   11.6  1976   11.6  1911   12.8  1983   11.8  1941   11.9  1995   23.1  1909   16.1  1963    63.2  1932    56.6  1974    76.8  1975    87.1  1964   466.7  1874
   15.6  2006    7.1  1886    7.8  1893    4.3  2021   12.4  1919   10.4  1925   10.1  1977   10.0  1940    7.3  1865    7.2  1972   23.0  1978   15.5  1873    59.3  1964    54.4  2020    66.4  1983    81.0  2011   457.3  1996
   15.3  1901    6.9  1998    7.4  1926    4.3  2011   10.8  1896    9.3  1921    9.8  1868    8.1  1995    6.5  1898    7.1  1969   22.0  1867   13.9  1890    58.6  1891    50.5  1996    64.6  1995    80.4  1985   454.4  2011
   10.7  1997    3.5  1959    7.3  2011    3.6  1893    9.5  1989    5.8  2018    8.7  1921    5.6  2003    4.4  1969    6.2  1978   20.3  1920   13.1  1933    56.8  1934    40.1  1893    61.8  1864    65.0  1947   430.9  1864
    4.9  1880    1.2  1891    2.0  1929    1.0  2007    2.8  2020    5.6  1962    7.6  1955    4.0  1947    1.6  1959    5.9  1947   18.5  1945   12.4  1932     ---  1862    27.8  2011    56.2  1921    62.8  1978   345.0  1921