Areal values from HadUK-Grid 1km gridded climate data from land surface network
Source: Met Office National Climate Information Centre
Monthly, seasonal and annual number of days in the month with precipitation amount >= 1mm for England
Areal series, starting in 1891
Last updated 01-Jan-2022 10:59
    jan  year    feb  year    mar  year    apr  year    may  year    jun  year    jul  year    aug  year    sep  year    oct  year    nov  year    dec  year     win  year     spr  year     sum  year     aut  year     ann  year
   23.2  2014   20.1  1923   21.3  1947   20.7  1920   20.5  1967   19.0  1912   19.6  1936   22.5  1912   22.2  1918   25.4  1903   21.6  2009   22.5  1934    56.7  2014    49.0  1983    55.5  1912    54.2  1960   163.3  1903
   22.3  1948   19.7  2020   19.7  1981   19.6  1998   18.6  1924   17.7  1991   18.7  1920   21.0  1917   19.8  1896   21.1  1976   21.0  1960   22.1  1911    54.6  1915    47.5  1979    47.6  2012    52.3  1935   161.8  1960
   19.9  1928   19.5  1916   19.5  1914   19.0  2012   18.5  1983   17.2  1998   18.2  1988   19.9  1891   18.0  1950   20.4  1960   20.3  1951   21.9  1915    52.1  1916    46.6  1920    47.4  1927    51.6  2000   159.7  1912
   19.7  1988   18.9  1910   18.1  1979   18.3  2000   17.9  1969   16.9  2012   18.0  2009   19.5  1956   17.9  1974   20.4  1907   19.7  2002   21.4  1914    51.8  1910    44.5  1932    44.7  1958    50.0  1903   159.1  1916
   19.3  1984   18.5  1977   17.9  1912   18.1  1932   17.2  1932   16.9  1935   18.0  1939   18.3  1941   16.9  2017   19.8  1909   19.6  1963   21.3  1929    50.9  1912    43.9  1981    44.3  1956    49.8  1954   159.1  1927
   19.2  1943   18.1  1937   17.8  1896   16.7  1983   16.8  2021   16.9  1987   17.4  1960   17.9  1927   16.9  1935   19.7  2020   19.5  1944   21.1  1959    50.0  1937    43.4  1947    44.2  1946    49.3  1974   158.0  2000
   18.9  1939   18.0  2014   17.7  1903   16.4  2001   16.6  1981   16.8  1907   16.9  2007   17.4  1897   16.6  1954   19.5  1932   19.5  1926   20.2  1919    49.8  1995    43.1  1913    43.2  1985    48.9  2019   157.0  1951
   18.6  1900   17.3  1893   17.5  2018   16.4  1935   16.3  1902   16.4  1946   16.6  2012   17.1  1946   16.1  1927   19.2  1916   19.2  1946   20.1  1993    49.6  1960    43.0  1986    42.5  1931    48.6  1944   156.0  2012
   18.5  1919   17.2  1915   17.5  1913   15.6  1966   16.3  1925   16.4  1997   16.3  1931   17.1  1951   16.1  1924   18.9  1891   19.1  2000   19.5  1978    48.8  1994    42.2  1951    42.3  1924    47.8  1976   155.5  1923
   18.4  1936   17.2  1904   17.4  1897   15.6  1931   16.0  1898   16.2  1980   16.2  1915   17.0  2004   15.8  1968   18.9  1923   19.0  1935   19.4  1999    48.7  1900    41.5  1903    42.2  1891    46.6  1918   155.2  1930
   18.3  2016   17.2  2002   17.2  1909   15.2  1899   15.9  1979   15.7  1958   16.2  1957   16.9  2008   15.4  1946   18.7  1906   18.9  2015   19.1  2020    48.7  2021    40.5  1963    42.0  1954    45.6  1930   155.0  1900
   18.2  1937   17.1  1900   16.9  1905   15.0  1961   15.6  1907   15.7  1948   16.1  1922   16.9  1954   15.2  1957   18.5  2013   18.6  1970   18.8  2015    48.2  2016    40.3  1908    41.6  1907    44.7  1984   154.5  1924
   17.9  1970   17.0  1951   16.8  1951   15.0  1970   15.3  1891   15.7  1982   16.1  1918   16.8  1985   15.1  1930   18.4  2000   18.4  1939   18.8  1918    47.0  2020    39.7  1937    41.6  1894    44.6  1950   154.1  1954
   17.9  1975   16.9  1995   16.6  1916   14.8  1963   15.2  1955   15.6  1927   16.0  1953   16.8  1924   14.9  1995   18.2  1967   18.4  1929   18.8  1896    46.9  1919    39.6  1897    41.3  1960    44.3  1896   153.7  1894
   17.9  1938   16.5  1925   16.3  1988   14.7  1905   15.1  2006   15.4  2007   15.5  1940   16.4  1963   14.7  1965   18.0  1896   18.3  1950   18.7  1965    46.5  1970    39.4  1907    40.7  2007    44.3  1891   153.7  1910
   17.8  2004   16.2  1990   16.0  1908   14.7  1950   14.8  2014   15.0  1900   14.9  1894   16.3  1950   14.5  1999   17.9  1928   18.3  2019   18.6  2012    46.4  1922    38.9  1972    40.0  1917    44.1  1932   153.2  2014
   17.8  1922   16.0  2000   15.7  2008   14.6  1925   14.4  1972   14.8  2016   14.7  1893   16.1  1903   14.5  1967   17.8  1998   17.6  1954   18.1  1909    46.4  1977    38.9  1925    39.4  1963    43.7  1923   152.1  1928
   17.7  1986   15.9  1950   15.5  1980   14.5  1986   14.3  2002   14.6  1985   14.6  1909   16.0  1960   14.4  1899   17.7  1892   17.6  1992   17.8  1910    46.3  1990    38.5  2006    39.4  1936    43.6  1967   151.0  1966
   17.7  1906   15.9  2007   15.3  1927   14.5  1907   14.3  2007   14.6  1945   14.5  1924   16.0  1905   14.4  1984   17.5  1917   17.4  1900   17.5  2009    46.1  1923    38.3  1916    39.3  1939    43.5  1938   150.2  1891
   17.6  1990   15.8  1931   15.1  1992   14.5  1913   14.2  1986   14.3  1928   14.4  1895   15.6  1958   14.2  1976   17.5  2004   17.3  1940   17.4  1986    45.7  2007    38.2  1967    39.3  1922    43.1  1998   149.8  1946
   17.6  1999   15.5  1966   15.0  1937   14.3  1989   14.1  1910   14.2  1972   14.3  1965   15.5  1910   14.1  2000   17.4  2019   17.1  1895   17.4  1891    45.7  1936    38.0  1969    39.2  1900    42.7  1982   149.8  1950
   17.6  1894   15.4  1941   14.9  1919   14.2  1975   13.8  1926   13.8  2020   14.2  1932   15.5  1902   14.1  1932   16.9  1981   16.7  1984   17.3  1938    45.6  1939    37.9  1994    39.0  1910    42.4  1992   149.5  1998
   17.5  2008   15.2  2010   14.9  1994   14.2  2016   13.8  1906   13.3  1936   14.0  1891   15.2  1930   14.0  1981   16.6  1987   16.7  1974   17.3  1966    45.2  2010    37.8  2000    38.8  1902    42.0  1981   149.4  1958
   17.3  1926   14.9  1957   14.7  1977   14.2  1922   13.6  1894   13.2  1902   14.0  1912   15.2  1992   13.8  1994   16.6  1938   16.6  1997   17.2  1901    45.1  1931    37.6  2008    38.4  1909    41.5  1926   148.7  1907
   17.3  1995   14.8  1997   14.6  1978   14.1  1910   13.5  1973   13.2  1990   13.9  1927   14.8  1900   13.7  1992   16.4  1961   16.4  1982   17.0  2011    45.1  1935    37.1  2001    38.4  1953    41.3  1946   148.5  1936
   17.2  2021   14.8  1970   14.5  1963   14.1  2008   13.5  2003   13.1  1963   13.7  1930   14.8  1894   13.7  1952   16.4  1935   16.4  1911   16.9  1900    44.9  1966    37.0  1998    38.3  1903    41.0  1916   148.3  1922
   17.2  1994   14.5  1922   14.4  2001   13.7  1930   13.4  1903   13.0  2019   13.7  1954   14.8  2014   13.4  2001   16.3  2001   16.4  1914   16.8  1912    44.5  1951    37.0  2018    38.3  2008    40.6  1924   148.2  1935
   16.9  1899   14.3  1958   14.3  1986   13.5  1979   13.2  1958   13.0  1909   13.6  1903   14.6  1895   13.4  1925   16.2  1966   16.3  1928   16.7  1979    44.3  1948    37.0  1914    38.2  1957    40.6  1892   148.2  1918
   16.9  1956   14.3  1906   14.3  1928   13.4  1937   13.1  1942   12.7  1916   13.6  1993   14.1  1922   13.3  1958   16.2  1944   16.2  2014   16.4  2002    44.2  1926    36.9  1965    38.2  2020    40.5  2001   148.2  2002
   16.7  1930   13.9  1954   14.3  1934   13.4  1897   13.0  1923   12.7  1892   13.4  1958   14.1  2012   13.2  2019   15.8  2012   15.9  1996   16.2  1955    44.0  1904    36.5  1930    37.7  2004    40.4  1927   147.1  1920
   16.7  1993   13.8  1935   14.1  1982   13.3  2004   13.0  1945   12.4  1931   13.3  1914   14.0  2006   13.1  1962   15.8  2014   15.8  1949   16.2  1942    43.9  1920    36.0  1905    37.7  1950    40.0  1952   146.2  1965
   16.7  2018   13.7  1974   14.0  1920   13.1  1926   12.9  2000   12.3  2011   13.1  1950   13.9  1943   13.1  1983   15.5  1954   15.7  1905   16.0  2000    43.9  1930    36.0  1924    37.6  1980    40.0  1963   146.2  1909
   16.7  1895   13.6  1978   14.0  2006   13.1  1934   12.9  1951   12.3  1966   13.1  2017   13.8  1931   13.0  1936   15.5  1982   15.4  1930   16.0  2021    43.6  1957    35.9  1909    37.5  1997    40.0  1928   145.9  2008
   16.6  1974   13.4  2011   14.0  1895   13.1  1965   12.8  2015   12.2  1999   13.1  1938   13.8  1957   13.0  1993   15.4  1900   15.3  1965   16.0  1946    43.5  1984    35.6  1898    37.2  1948    39.9  2012   145.9  1999
   16.4  1921   13.3  1980   13.9  1983   13.0  1993   12.7  1931   12.2  1968   12.7  1956   13.6  1925   13.0  1909   15.3  1939   15.3  1969   15.9  1952    43.4  1894    35.5  1988    37.0  1987    39.8  1940   145.8  1974
   16.2  1972   13.0  1960   13.8  1989   12.8  1959   12.6  1962   12.1  1956   12.5  2015   13.6  1928   12.9  1944   15.2  2006   15.2  1913   15.9  2019    43.4  1943    35.4  1977    36.4  2009    39.7  2006   145.4  1914
   16.1  1961   12.9  1912   13.5  1975   12.7  1994   12.6  1904   11.9  1894   12.4  2008   13.6  1921   12.9  1903   15.2  1894   15.1  1959   15.7  1998    43.3  2000    35.3  1902    36.1  1966    39.7  2013   145.3  1906
   16.1  1904   12.9  1972   13.4  1917   12.7  1953   12.4  1968   11.8  1926   12.3  2021   13.5  1923   12.9  1908   15.1  1980   15.0  1986   15.6  1994    43.2  1961    35.1  1923    36.0  1965    39.6  1909   144.8  1939
   16.0  1915   12.8  2001   13.4  1901   12.6  1901   12.2  1965   11.8  1944   12.3  1907   13.5  2010   12.8  1923   15.1  1930   14.9  1919   15.5  2013    43.2  1999    34.8  1992    35.8  1895    39.2  1939   144.3  2020
   16.0  1913   12.8  1914   13.3  1922   12.6  1951   12.2  1899   11.6  1964   12.2  1910   13.5  1942   12.8  1960   14.9  1924   14.9  1938   15.5  1958    42.7  1897    34.8  1975    35.7  1930    39.0  2020   143.8  1994
   16.0  1920   12.8  1996   13.3  2019   12.5  1992   12.1  1930   11.5  1971   12.2  1966   13.4  1948   12.6  1975   14.7  1895   14.9  1931   15.4  1923    42.4  1925    34.7  1922    35.7  1988    38.9  1961   143.7  1979
   15.8  1912   12.7  1926   13.3  1995   12.5  2005   12.1  1908   11.4  1954   12.2  2002   13.3  1982   12.3  1998   14.7  2002   14.8  1910   15.4  1985    42.2  2018    34.6  1899    35.4  1920    38.8  1900   143.5  1931
   15.8  2007   12.6  1894   13.2  1985   12.5  1919   12.0  1976   11.3  1953   12.1  1970   13.2  1971   12.0  1938   14.6  1974   14.7  2010   15.2  1920    42.1  1979    34.6  1966    35.3  1998    38.6  1968   143.5  2019
   15.6  1962   12.4  1955   13.0  1970   12.4  2018   11.9  2013   11.3  1896   11.8  1944   13.1  2001   11.9  1943   14.4  1934   14.7  1977   15.2  1906    42.0  1974    34.6  1999    35.1  1915    38.4  1913   143.4  1926
   15.6  1927   12.3  2021   12.8  1972   12.4  1964   11.8  1920   11.2  1910   11.7  1985   13.0  1915   11.8  1897   14.2  1949   14.1  1936   15.2  2018    41.8  1978    34.6  1934    35.0  1916    38.3  1911   143.0  1919
   15.5  1960   12.3  1940   12.6  1987   12.4  1999   11.7  1916   11.0  1947   11.5  1942   13.0  2020   11.8  1961   14.1  1996   14.1  2006   15.1  1956    41.1  1928    34.6  1891    34.8  1928    38.3  2002   142.6  1925
   15.5  2015   12.3  1892   12.5  1957   12.2  1908   11.7  1997   11.0  1905   11.4  1978   13.0  1999   11.7  1922   14.1  1929   14.1  1941   15.1  1935    41.0  1941    34.4  1985    34.6  2011    38.2  1936   142.5  1967
   15.4  1978   12.2  1946   12.4  1921   12.1  1917   11.6  1954   11.0  1977   11.4  2004   12.9  1908   11.7  1942   14.0  1940   14.1  2012   14.9  1960    40.7  1892    34.2  1927    34.1  1941    38.2  1906   142.5  2004
   15.2  1971   12.2  1936   12.4  1999   11.9  1894   11.6  1938   11.0  1924   11.4  1947   12.8  1961   11.7  1891   13.9  1893   13.9  1906   14.9  2017    40.6  1980    34.1  1917    34.0  1938    37.9  1980   142.3  1970
   15.2  1965   12.2  1989   12.1  1959   11.7  1985   11.4  1933   11.0  1943   11.4  2020   12.8  1934   11.6  2008   13.9  1902   13.7  1979   14.9  1907    40.5  1956    34.1  1894    34.0  1892    37.7  1987   141.8  1977
   14.8  1910   12.2  1961   12.1  2017   11.7  1972   11.3  1966   10.8  1933   11.2  1923   12.6  1986   11.6  1892   13.9  1898   13.7  1891   14.9  1922    39.9  2001    34.1  1904    33.9  1897    37.6  1970   141.7  1937
   14.8  1951   12.1  1969   12.0  1911   11.6  1939   11.3  1937   10.6  1898   11.1  1980   12.5  1896   11.6  2010   13.7  2005   13.7  2008   14.8  1930    39.7  1913    33.9  2014    33.9  2017    37.6  1994   140.9  1986
   14.8  1977   12.1  2017   12.0  1952   11.6  1923   11.2  1963   10.5  1939   11.0  1974   12.5  1962   11.1  1945   13.7  1952   13.6  1916   14.8  1924    39.5  1899    33.8  1910    33.9  1926    37.6  2010   140.1  1897
   14.6  1952   12.0  1897   12.0  1954   11.5  1977   11.2  1988   10.5  1897   11.0  1992   12.5  1907   10.8  1956   13.5  1984   13.6  2003   14.8  1916    39.5  1958    33.7  2016    33.9  1943    37.5  2008   140.0  2015
   14.4  1931   11.9  1933   11.8  1906   11.4  1940   11.1  1913   10.3  1965   10.8  2003   12.4  2015   10.8  1951   13.5  1913   13.6  1943   14.7  1908    39.5  2004    33.4  1964    33.8  1982    37.3  1905   139.4  2001
   14.2  1969   11.7  1945   11.7  1936   11.4  1927   11.0  1921   10.3  1978   10.7  1941   12.3  2011   10.8  1934   13.4  1918   13.4  1927   14.7  1937    39.5  1967    33.2  1970    33.7  2019    37.1  2004   139.2  1981
   13.9  1903   11.7  1918   11.7  1939   11.4  1947   10.8  1947   10.2  1917   10.7  1998   12.3  1952   10.8  1982   13.3  1942   13.3  1966   14.6  1897    39.4  2002    33.1  1968    33.5  1978    37.0  2009   138.6  2009
   13.8  1983   11.7  1927   11.6  1933   11.2  1924   10.7  1892   10.0  2002   10.7  1908   12.3  1916   10.7  1953   13.1  1911   13.1  1972   14.5  1984    39.2  1938    33.1  1906    33.4  1905    36.9  2017   138.5  1963
   13.8  2002   11.6  1898   11.6  1940   11.2  1909   10.7  1993   10.0  1955   10.6  1946   12.3  1979   10.6  1893   13.1  1933   13.1  1998   14.5  1997    39.1  1893    33.1  1919    33.4  1945    36.9  1951   138.1  1915
   13.7  1942   11.6  1994   11.6  1965   11.1  1962   10.6  1987   10.0  1911   10.5  1987   12.3  1892   10.5  1937   13.1  2021   12.9  1980   14.3  1983    39.1  2013    33.0  1901    33.2  1974    36.9  1943   137.5  1952
   13.7  1998   11.3  1928   11.5  1998   10.8  1968   10.5  1952    9.9  1974   10.5  1926   12.3  1974   10.5  1987   13.1  1989   12.7  1952   14.2  1921    38.6  1947    32.9  1952    32.9  1893    36.9  1893   136.5  1917
   13.7  1924   11.1  1908   11.4  1991   10.7  1898   10.5  2009    9.8  2003   10.4  1933   11.9  1967   10.4  2006   13.0  1990   12.5  1991   14.2  1925    38.6  1906    32.9  2012    32.8  1944    36.8  1966   136.4  1896
   13.6  1947   11.1  2016   11.3  1904   10.6  1918   10.3  1994    9.6  1993   10.4  1925   11.8  1978   10.4  1905   12.9  1901   12.4  1976   14.1  1945    38.6  1988    32.6  1950    32.8  1968    36.8  1917   136.3  1980
   13.5  1957   10.9  1911   11.3  1941   10.5  1973   10.2  1949    9.5  2017   10.3  1973   11.8  1938   10.3  1920   12.7  1986   12.4  1893   14.1  1949    37.9  1946    32.5  1987    32.4  1896    36.7  1925   136.3  1938
   13.5  2003   10.7  1967   11.0  1964   10.4  1952   10.2  1943    9.3  1952   10.3  1919   11.8  1977   10.3  2011   12.3  1926   12.4  1894   13.9  2006    37.3  1986    32.5  1931    32.3  1951    36.6  1907   136.2  1957
   13.5  1941   10.6  2018   11.0  2004   10.4  1903   10.1  1946    9.3  2004   10.1  1902   11.8  2019   10.2  2016   12.3  1925   12.2  2018   13.8  1928    36.9  1901    32.3  1926    32.3  1918    36.5  1949   136.0  1948
   13.4  2013   10.5  1988   10.9  1891   10.1  1904   10.0  1914    9.2  1938   10.1  1975   11.7  1904   10.2  2005   12.3  1958   12.2  1985   13.8  1969    36.9  1975    32.3  1928    32.2  2016    36.4  2015   135.8  1982
   13.2  1979    9.9  1999   10.7  1930   10.0  1969   10.0  1964    9.1  1959   10.0  1904   11.6  1966   10.0  2012   12.2  1994   12.1  1923   13.7  1951    36.7  1911    32.1  2004    32.1  1991    36.3  1929   135.8  1902
   13.1  1934    9.9  1899   10.6  2016    9.9  1948    9.8  1999    9.0  1929   10.0  2011   11.6  1926    9.9  1973   12.2  2008   12.0  1975   13.7  1936    36.4  2003    31.9  1989    32.0  1992    36.1  1895   135.8  1932
   13.0  2009    9.9  2005   10.5  1971    9.9  1916    9.6  2005    9.0  2008   10.0  2000   11.5  1898    9.9  2004   12.0  1988   12.0  2020   13.7  1895    36.3  1969    31.9  1962    31.5  1914    35.6  1996   135.6  1988
   12.9  1958    9.9  1984   10.5  1923    9.8  1978    9.6  1912    9.0  1920    9.9  1963   11.4  1965    9.9  1980   11.9  1983   11.8  2016   13.2  1893    36.3  1950    31.5  2002    31.5  2014    35.5  2014   135.3  1913
   12.9  1985    9.7  1948   10.3  2013    9.6  2014    9.6  1948    9.0  2005    9.9  1916   11.4  1997    9.8  1970   11.9  1968   11.8  2013   13.1  1948    36.3  1924    31.4  1978    31.2  2015    35.0  1965   135.3  1934
   12.8  1945    9.7  1919   10.3  2010    9.6  1895    9.6  1941    9.0  1922    9.7  1968   11.3  2017    9.8  1913   11.8  1912   11.8  1907   13.1  1964    36.1  1972    31.2  2005    31.2  2002    35.0  1894   134.6  2017
   12.6  2010    9.6  2006   10.1  1902    9.6  1949    9.6  1985    8.7  1901    9.7  1997   11.3  1988    9.6  1926   11.5  1910   11.7  1947   13.1  1899    35.9  1955    31.2  1921    31.1  1993    35.0  2005   134.4  1978
   12.2  1982    9.5  1979   10.1  1969    9.5  1991    9.5  1950    8.6  1969    9.6  2001   11.2  1929    9.6  1963   11.4  1943   11.7  1898   13.0  1976    35.8  1945    30.6  1942    31.0  1971    34.7  1999   134.0  1985
   12.2  1959    9.4  1991    9.9  1984    9.4  1928    9.4  1929    8.5  1903    9.6  2010   11.1  1906    9.6  1931   11.3  1941   11.7  1903   12.9  1967    35.7  2008    30.5  1940    30.0  1923    34.4  1914   134.0  1908
   12.2  1991    9.4  1939    9.9  1942    9.4  2006    9.3  2017    8.4  1934    9.4  1991   11.1  1953    9.4  2013   11.3  1979   11.6  1994   12.9  1961    35.7  2015    30.3  1933    29.7  1999    34.3  1934   133.8  2006
   12.2  1944    9.2  1907    9.9  1968    9.3  1987    9.3  1977    8.3  2014    9.3  1900   11.1  1893    9.2  1955   11.3  2010   11.5  1962   12.9  1894    35.6  1962    30.1  1959    29.5  2010    33.6  1902   133.6  1968
   12.0  1893    9.1  2015    9.7  1960    9.2  1936    9.2  1957    8.3  1989    9.1  1986   11.0  1969    9.2  1919   11.2  1959   11.4  1971   12.8  1977    34.4  1983    29.9  1955    29.4  1908    33.4  1958   133.2  1904
   12.0  1981    9.1  1947    9.5  2014    9.1  1900    9.1  1918    8.3  1957    9.1  1961   11.0  2000    9.0  1948   11.2  1905   11.3  2017   12.7  1980    34.4  1952    29.4  1912    29.4  1935    33.3  1919   133.0  2007
   12.0  1918    9.1  2004    9.5  1958    9.1  1911    9.1  2012    8.3  1906    9.0  1981   10.9  1909    9.0  1947   11.2  2011   11.3  1912   12.7  1974    34.3  1991    29.4  1973    29.4  2001    32.9  1995   132.9  1895
   12.0  1968    9.0  1901    9.4  1974    8.9  1902    9.1  1971    8.3  1891    9.0  1943   10.9  1968    8.8  1904   11.2  2009   11.3  1902   12.7  1950    34.2  1902    29.3  2013    28.7  2000    32.9  1957   132.9  1992
   11.9  1897    9.0  1903    9.3  2020    8.9  1990    9.0  1996    8.2  1950    9.0  1892   10.8  1939    8.8  1911   11.2  1992   11.3  1892   12.7  1990    34.0  2012    29.3  1939    28.6  1942    32.4  1990   132.4  1944
   11.7  1955    8.8  1987    9.3  2015    8.9  1944    8.9  2016    8.2  1937    8.9  2019   10.6  2009    8.7  1988   11.1  1993   11.1  1995   12.7  1898    33.9  1908    29.0  1896    28.5  1929    32.4  1993   132.3  1961
   11.7  2012    8.7  1902    9.3  1932    8.6  1967    8.8  2011    8.2  2013    8.8  1917   10.5  1996    8.6  1978   11.1  1936   11.1  1981   12.7  1972    33.9  1903    28.9  2015    28.4  1934    32.4  1977   132.3  1983
   11.6  1946    8.6  1983    9.3  1907    8.5  1896    8.7  1897    8.1  1914    8.8  1937   10.3  1980    8.6  1901   10.9  1927   11.1  2005   12.6  2003    33.4  1921    28.9  1935    28.3  1972    32.0  1899   132.2  2016
   11.5  1967    8.6  1992    9.1  2007    8.4  1891    8.7  1900    7.9  1960    8.6  2005   10.3  2018    8.5  1940   10.8  1977   11.1  1990   12.5  1989    33.4  1996    28.6  1941    28.3  1919    31.9  1942   132.1  1892
   11.5  1933    8.5  1944    9.1  1967    8.2  1945    8.7  1953    7.8  1979    8.6  1959   10.3  1945    8.4  2015   10.8  1963   11.0  1918   12.5  1904    33.2  1982    28.6  2021    28.2  1904    31.5  1979   131.7  1993
   11.4  2020    8.5  1982    9.1  2005    8.2  2009    8.7  2019    7.8  2009    8.6  1896   10.3  1919    8.4  1991   10.7  1948   11.0  1925   12.4  1981    33.0  1927    28.6  2019    28.1  2021    30.9  1983   131.5  1972
   11.2  2011    8.4  2019    9.0  2002    8.1  1943    8.6  1917    7.8  2000    8.5  1962   10.2  1914    8.4  1902   10.4  1914   10.9  1917   12.3  1947    32.8  1998    28.6  1958    28.0  1986    30.7  1997   131.0  2021
   11.1  1891    8.3  1953    8.9  1898    8.1  2002    8.5  1928    7.8  1913    8.5  1945   10.0  1994    8.4  1990   10.3  1957   10.9  1967   12.3  1957    32.7  2011    28.4  1993    28.0  1970    30.5  1986   130.2  1987
   11.1  1925    8.2  1905    8.8  2021    8.1  1915    8.3  1984    7.7  1919    8.5  1967    9.6  1987    8.3  1917   10.2  1999   10.8  1968   12.2  1940    32.6  1965    27.9  1895    28.0  1952    30.5  1991   130.1  1956
   11.1  1892    8.2  1973    8.5  1894    8.0  1988    8.1  1974    7.7  1981    8.4  1972    9.6  2005    8.2  1933    9.6  1945   10.8  2001   12.0  1982    32.4  1971    27.5  1945    27.9  1964    30.5  1908   129.9  1984
   11.1  1923    8.1  2009    8.3  1950    7.8  1946    8.1  1982    7.2  1951    8.3  2014    9.6  1901    8.1  2021    9.6  1956   10.7  1987   11.8  1973    32.4  1895    27.4  1911    27.9  1977    30.5  1933   129.6  1969
   11.1  1901    7.9  1976    8.2  1962    7.8  1921    8.1  1915    7.1  1893    8.3  1901    9.4  1918    8.1  1916    9.6  1991   10.6  1961   11.7  1954    32.3  1898    27.2  1954    27.8  1961    30.4  1931   128.8  1905
   11.0  2001    7.9  1943    8.1  1915    7.7  1960    8.0  1995    7.1  1984    8.3  1929    9.3  2016    8.1  2018    9.3  1970   10.5  1932   11.6  2007    32.2  1933    26.8  1949    27.7  1933    30.4  1975   128.6  1943
   11.0  2005    7.7  1920    8.0  1925    7.7  1941    7.8  2004    7.0  2021    8.2  1996    9.2  1944    7.7  1914    9.2  1919   10.4  2007   11.3  1962    32.2  1968    26.8  1918    27.2  2005    30.3  1962   128.6  2013
   10.9  2017    7.4  1956    8.0  2009    7.7  1981    7.8  2008    7.0  1970    8.2  2016    9.0  2002    7.5  2007    9.2  1955   10.0  1999   11.3  1995    32.2  1918    26.6  1936    26.9  1898    30.3  2011   128.6  1941
   10.6  1916    7.4  1981    7.7  1966    7.6  1906    7.5  1893    6.8  1918    8.1  1951    8.9  1970    7.4  1894    9.1  1937    9.9  1897   11.3  1944    32.1  1981    26.6  2009    26.8  1906    29.5  2016   128.4  1911
   10.6  1917    7.3  1949    7.7  1955    7.6  1942    7.5  1909    6.8  1994    8.0  1948    8.8  2021    7.4  2020    9.1  1953    9.7  2004   11.1  2014    32.0  1987    26.5  1982    26.6  1901    29.4  1953   128.0  1947
   10.6  1980    7.3  1968    7.6  1996    7.5  1996    7.4  1927    6.8  1930    7.9  1899    8.6  2013    7.3  1966    9.1  2015    9.7  1924   11.1  1902    31.9  1917    26.5  1995    25.9  1990    29.4  1910   127.6  1940
   10.6  1966    7.1  1924    7.5  1976    7.4  2003    7.4  1940    6.8  1895    7.9  1964    8.5  1964    6.9  1977    8.9  1964    9.6  1964   10.9  1970    31.8  1954    26.4  2003    25.7  1969    29.2  1948   127.5  1899
   10.5  1932    7.1  1962    7.3  1899    7.4  1914    7.2  1934    6.7  2001    7.4  1906    8.4  2007    6.7  1964    8.9  1973    9.6  1953   10.6  1903    31.6  2019    25.8  2017    25.6  2006    29.2  1912   126.8  2018
    9.6  1954    7.0  2013    7.1  1918    7.3  1933    7.2  1922    6.6  1904    7.3  1934    8.2  1911    6.6  1985    8.9  1915    9.5  1948   10.0  1968    31.4  1907    25.8  1953    25.5  1967    29.1  1898   126.4  1942
    9.5  1976    6.8  1913    7.0  1949    7.3  1892    7.1  1992    6.4  1899    7.2  1913    8.1  1989    6.5  1949    8.8  2003    9.4  1921    9.9  1927    31.3  1985    25.3  2007    25.4  1979    29.0  2018   126.0  1893
    9.3  1909    6.8  1964    6.7  1946    7.2  1929    7.1  2018    6.4  2010    7.2  1994    8.0  1993    6.5  1979    8.8  1899    9.3  1908    9.7  1892    30.5  2017    24.9  1971    25.2  1925    28.8  1941   125.5  1901
    9.3  1996    6.7  1938    6.6  1900    7.1  2013    7.0  1975    6.4  2015    6.9  1928    7.7  1920    6.2  1969    8.7  2018    9.1  1933    9.5  1992    30.3  1953    24.6  1946    25.0  1932    28.8  2021   125.4  2010
    9.0  1940    6.6  2008    6.6  2000    7.1  1956    7.0  1901    6.3  1986    6.9  2006    7.5  1913    6.1  1912    8.7  2017    9.1  1934    9.2  2005    30.0  1940    24.6  1991    25.0  1962    28.7  1901   125.2  1945
    8.9  1929    6.5  1917    6.5  1892    7.1  1955    6.9  1978    6.2  1988    6.9  2013    7.5  1984    6.0  1915    8.3  1908    8.8  1899    8.7  1932    29.7  1959    24.5  1948    24.5  1947    28.2  1897   123.9  1997
    8.8  1935    6.5  2003    6.3  1956    6.8  2015    6.7  1944    6.0  1983    6.5  1949    7.5  1975    6.0  1997    8.2  1950    8.8  2011    8.7  2004    29.5  2005    24.5  1892    24.3  1996    28.0  2003   123.5  2005
    8.7  1949    6.4  1971    6.3  1945    6.6  2019    6.5  2010    6.0  1961    6.4  1905    7.4  1973    6.0  1900    8.2  1920    8.8  1904    8.6  1939    29.5  2009    24.5  1900    24.0  1994    27.9  1956   123.3  1990
    8.3  1902    6.3  1963    6.2  1935    5.8  1958    6.3  1961    5.9  1908    6.4  1995    7.3  1998    5.9  1989    8.1  1997    8.8  1915    8.5  2001    29.5  1914    24.4  1957    23.7  1940    27.8  1959   122.0  1898
    8.3  1914    6.3  1975    6.2  1997    5.8  2010    6.3  2001    5.9  1915    6.4  1952    7.3  1949    5.7  1928    8.0  1971    8.2  1993    8.5  1917    29.3  1993    24.4  1961    23.7  2013    27.8  1937   121.8  2011
    8.3  1989    6.0  1952    6.1  1924    5.3  1971    6.3  1911    5.8  1992    6.3  1971    7.2  1935    5.6  1906    7.7  1921    8.2  1978    8.4  2008    29.2  1949    24.2  1915    23.5  2003    27.2  1922   121.3  1962
    8.0  1973    6.0  1929    5.6  1910    5.2  1995    6.2  1935    5.7  1973    6.1  1969    7.1  1990    5.6  2003    7.5  2016    8.2  1937    8.4  1987    28.9  1909    24.2  1996    23.3  1973    27.1  1988   119.7  1995
    8.0  2019    5.8  1930    5.5  1926    5.1  2020    6.1  1939    5.6  1995    6.0  1897    7.0  1932    5.6  1996    7.5  1904    8.1  1922    8.3  1913    28.9  1973    24.1  1980    23.1  1937    26.8  1973   119.3  1929
    8.0  1911    5.3  1942    5.5  2003    4.5  2017    5.9  1998    5.5  1996    5.6  1990    6.6  1899    5.5  1939    7.3  1922    8.1  1955    8.3  1953    28.7  1944    23.6  1976    22.7  1959    26.7  1989   117.4  1933
    7.9  2000    5.2  2012    5.3  1973    4.4  1997    5.7  1919    5.2  1923    5.5  1984    6.5  1933    4.9  1971    6.8  1995    8.0  1973    8.2  1941    28.7  1929    22.9  1960    22.6  1913    26.5  1955   117.3  1975
    7.9  1908    4.9  1909    5.1  1990    4.3  1982    5.7  1936    5.1  1967    5.4  1921    6.5  1936    4.8  1921    6.7  1946    7.9  1958    8.1  2010    27.9  1905    22.7  1943    21.9  1921    26.2  1920   116.4  1953
    7.3  1896    4.6  1896    5.0  1948    4.1  1976    5.4  1960    5.1  1941    5.4  2018    6.1  1937    4.5  1907    6.4  1897    7.8  1989    8.0  1943    27.7  1989    22.5  2010    21.8  1989    25.8  1969   116.0  1959
    7.2  1905    4.6  1998    4.8  2012    3.6  1954    5.2  1970    4.7  2006    5.3  1989    5.8  1972    4.5  1972    6.0  1931    7.7  1920    8.0  1996    27.2  1942    22.3  1997    21.7  1975    25.6  1945   115.2  1955
    7.0  1907    4.4  1965    4.6  1993    3.6  1980    5.2  1959    4.3  1940    5.3  1983    5.2  1955    4.3  1895    5.8  1951    7.6  2021    8.0  1931    26.9  1997    21.3  1984    21.7  1911    25.3  1964   115.1  1991
    6.5  2006    4.2  1986    4.4  1953    3.1  1984    5.1  1956    4.3  1949    5.2  1935    5.1  1991    4.2  2009    5.8  2007    7.5  1956    7.5  2016    25.6  1896    20.4  1974    21.5  1981    25.1  1904   114.1  1996
    6.3  1950    3.9  1985    4.4  1943    2.9  1974    5.0  1980    4.1  1975    5.2  1979    5.0  1959    3.9  2002    5.7  1975    7.4  1957    7.2  1988    25.3  2006    18.9  1944    20.9  1899    25.1  1947   113.4  1989
    6.3  1963    3.1  1993    4.1  1931    2.9  2021    4.5  1905    4.0  1962    5.1  1977    4.7  1981    3.9  1929    5.7  1962    7.1  1901    7.0  1971    24.0  1963    18.5  1956    20.1  1984    24.2  1971   113.2  1976
    6.1  1898    2.9  1932    3.9  2011    2.8  1957    4.4  1895    3.8  1932    5.1  1976    4.4  1983    3.5  1898    5.5  1985    6.9  1942    6.7  1905    23.7  1976    18.4  1990    18.4  2018    24.2  1985   112.4  1964
    6.1  1953    2.8  1895    3.8  1893    2.6  2011    4.4  1990    3.6  1942    4.9  1982    4.0  1940    3.5  2014    5.0  1965    6.8  1909    6.3  1991    21.3  1932    18.3  1929    18.4  1955    23.7  2007   111.6  1949
    5.9  1964    2.4  1934    3.7  1938    2.4  1893    3.8  1989    3.4  1976    4.8  1898    3.0  2003    3.4  1941    4.9  1972    6.6  1896    6.3  1975    20.9  1934    16.9  1938    18.1  1949    23.7  1915   110.6  2003
    5.7  1987    2.0  1959    3.4  1944    1.9  1912    3.6  1991    2.9  1921    4.5  1999    2.9  1976    3.1  1910    4.3  1947    6.4  1988    5.9  1963    20.4  1992    16.8  2020    15.7  1983    22.5  1972   108.7  1971
    5.6  1992    1.8  1921    3.0  1961    1.9  2007    2.7  1896    2.7  2018    3.5  1911    2.8  1995    2.8  1986    4.3  1969    5.9  1983    5.7  1926    18.6  1964    15.3  2011    14.8  1995    21.9  1921   107.5  1973
    4.2  1997    0.7  1891    1.7  1929    1.7  1938    2.3  2020    1.2  1925    3.1  1955    2.1  1947    1.5  1959    4.2  1978    4.9  1945    5.5  1933     ---  1891    13.7  1893    11.4  1976    21.1  1978   107.4  1921