Areal values from HadUK-Grid 1km gridded climate data from land surface network
Source: Met Office National Climate Information Centre
Monthly, seasonal and annual total precipitation amount for England SW and S Wales
Areal series, starting in 1862
Last updated 01-Jan-2022 11:00
    jan  year    feb  year    mar  year    apr  year    may  year    jun  year    jul  year    aug  year    sep  year    oct  year    nov  year    dec  year     win  year     spr  year     sum  year     aut  year     ann  year
  248.5  2014  256.0  1923  240.2  1947  174.6  2012  184.1  2021  193.9  2012  218.9  2009  253.9  1912  242.4  1866  281.5  1903  328.2  1929  308.2  1934   691.6  2014   422.7  1947   510.7  1912   636.4  2000  1729.9  1872
  244.1  1948  240.9  2020  232.1  1981  166.2  2000  165.4  1942  189.7  1879  205.4  1939  220.2  1917  236.9  1918  265.5  1891  260.2  1940  290.7  1911   624.7  1990   411.1  1981   504.2  1879   608.1  1960  1619.3  2000
  238.8  1974  226.2  2014  194.5  1912  158.2  1920  162.6  1869  161.1  1998  198.7  1936  198.8  1992  222.8  1974  258.6  1967  259.8  2009  280.4  1929   613.9  1995   399.5  1913   476.0  2012   549.9  1929  1591.7  1960
  230.5  1995  220.0  1990  187.6  1914  155.4  1998  160.0  1967  153.4  1912  180.8  1888  192.3  1950  206.5  1981  249.1  2000  259.7  1926  265.2  1965   592.9  1915   377.0  1920   402.5  1882   544.2  1954  1566.1  2012
  226.2  1928  209.4  1950  172.8  1903  152.4  1966  151.8  2002  146.8  2007  163.8  2007  191.2  1891  196.1  1958  238.2  1998  248.0  1939  263.9  1915   578.0  1994   369.1  1979   389.4  1917   537.5  2019  1504.9  1882
  226.2  1988  206.5  1915  168.3  2018  148.7  1882  145.8  1878  137.7  1980  163.4  1920  190.4  1879  195.4  1896  235.4  1960  244.8  1954  263.8  1876   563.8  1869   365.7  1867   387.6  2007   532.9  1872  1488.6  1903
  224.8  1984  204.9  2002  167.0  1905  148.4  1961  138.4  2007  135.4  2020  158.4  1882  176.2  1985  189.6  1950  233.0  1987  240.5  2002  257.7  1959   563.2  2016   340.7  1963   387.3  2008   526.1  1935  1488.5  2020
  222.8  1943  201.0  1937  161.9  1963  147.3  1913  136.9  2006  132.0  1971  158.2  1988  173.6  1865  186.8  1876  232.6  1932  237.7  1963  257.3  1914   554.5  2020   338.2  1998   382.8  1927   526.0  1976  1487.8  1998
  215.8  2016  193.7  1977  161.7  1919  146.2  1935  136.1  1983  129.3  1872  158.1  2008  171.2  1946  182.8  1869  227.5  1916  233.1  2000  255.0  1868   554.2  1877   334.9  1903   380.0  1888   521.1  1875  1477.8  2002
  215.7  1872  183.5  1916  160.4  1913  134.8  1871  135.0  1925  129.0  1997  155.4  1871  168.8  1997  180.0  1976  227.3  1865  229.8  1970  253.1  1999   546.1  2021   328.4  1983   375.6  1950   506.6  1967  1471.4  1912
  207.6  1990  183.4  1925  156.0  1979  126.6  1907  134.2  1969  128.0  1982  151.2  1880  167.5  2008  178.7  1871  225.4  1949  228.1  1888  252.9  1993   543.9  1937   328.0  1994   375.5  1939   503.0  1984  1457.6  1974
  205.4  1999  179.7  1974  152.6  1982  119.8  2001  134.1  1979  127.9  1863  143.8  1924  164.8  1878  178.3  1927  222.3  1870  227.9  1951  243.5  2012   536.6  1960   320.7  2018   372.4  1985   493.7  1998  1454.3  1924
  205.1  1930  178.0  1997  147.3  1897  118.6  1963  132.1  1981  125.8  1935  141.3  1931  162.9  1951  178.2  1874  221.5  1976  227.1  1931  240.9  2020   531.6  1912   319.7  1951   372.1  1931   491.5  1944  1451.1  1994
  202.9  1877  171.2  1966  144.9  1998  118.1  1999  127.4  1932  125.6  1968  140.4  1960  159.5  1910  175.5  1946  218.4  2004  220.8  1944  234.2  2000   530.9  1966   317.4  1972   370.0  1910   489.5  1903  1439.5  1877
  200.2  1939  168.6  1883  144.5  2001  116.8  1867  124.7  1955  121.8  1882  139.0  1875  156.7  1952  174.2  1885  216.9  1909  220.2  1872  233.3  1979   530.9  1916   317.0  1942   366.3  2020   486.0  1981  1439.1  1954
  196.7  1906  167.7  2007  143.8  1994  114.5  1877  123.6  1924  121.0  1991  138.2  1914  155.1  1877  173.7  1999  216.3  1907  218.8  1960  221.0  1994   522.0  1974   314.9  1986   358.6  2009   483.6  1891  1420.2  1946
  195.7  1971  165.2  1910  142.7  1980  114.1  1897  116.4  1946  117.5  1955  134.8  1918  154.3  1897  167.1  1883  212.0  2013  218.3  1877  217.2  1872   517.2  1930   314.8  1886   356.7  1924   483.5  1974  1418.8  1999
  194.4  1913  164.2  1904  141.9  1951  113.5  1983  116.4  1886  116.7  1972  134.3  1922  154.0  1927  164.5  1957  209.5  1928  214.8  1946  217.0  2013   516.2  1923   312.7  2000   351.8  1958   481.8  1885  1416.2  2014
  192.3  1970  162.4  1995  141.9  1988  111.5  1991  114.6  1931  116.7  1945  133.9  1915  153.9  2020  163.6  1935  206.0  1875  211.9  1992  216.6  1910   504.4  1925   310.3  2006   344.6  1946   477.0  1982  1415.4  1910
  192.1  1937  161.9  1900  140.4  1989  107.8  1959  114.5  1898  115.2  1954  133.3  1894  150.6  2012  163.5  2019  199.5  1886  211.2  1959  215.9  1986   502.3  2007   307.3  1897   340.4  1891   476.7  1882  1405.9  1950
  190.9  1873  161.0  1872  139.7  1867  107.2  1899  113.3  1865  114.3  1985  132.1  1950  150.1  1903  160.5  1967  197.3  2019  205.1  1984  215.7  1978   493.4  1873   304.2  2001   340.3  1877   476.2  1930  1400.0  2008
  188.0  1875  154.1  2000  137.1  1920  107.1  1901  113.0  1943  111.5  2019  131.5  2012  150.1  1986  159.8  1924  197.2  1923  204.9  1986  214.3  1919   491.3  1910   300.2  1966   338.6  1954   464.9  1949  1390.9  2019
  187.4  1975  151.7  1958  136.9  1909  103.0  2018  112.8  1993  111.3  1910  131.0  1872  149.2  1868  159.5  1956  195.9  2020  204.5  1997  214.3  2015   479.5  1935   300.1  1932   338.5  1997   463.0  1876  1387.4  1928
  186.9  1866  148.4  1957  132.6  2008  102.4  1993  111.7  1972  109.9  1946  130.9  1965  148.4  1873  154.2  2000  195.5  1882  203.9  1950  204.9  1948   473.8  1883   299.7  2002   337.0  1872   462.9  1940  1372.3  1986
  184.1  1899  147.7  1893  131.4  2006  102.0  1972  111.0  1986  109.5  1958  127.9  1877  146.8  1881  154.0  1960  193.5  1981  200.8  1938  200.7  1896   473.8  2000   299.4  1877   336.0  1988   461.0  1932  1372.1  1927
  183.7  1920  145.3  1914  130.2  2019  100.6  1922  109.3  1867  106.6  1987  127.5  1927  146.8  1905  148.8  1930  193.3  1929  196.6  1894  198.4  1972   473.2  1980   297.6  2008   333.9  1875   461.0  1950  1369.6  1951
  180.9  2008  145.1  1994  127.2  1862  100.1  1924  108.9  1906  104.7  1907  126.7  1953  145.1  2015  146.6  1968  192.7  2021  194.2  1982  197.0  1989   472.5  1919   297.4  1914   329.7  1865   457.4  1883  1365.4  1930
  180.5  1869  144.9  1989  126.0  1896   97.9  1932  105.8  1945  104.3  1931  124.1  1879  144.7  1941  146.0  1984  191.6  1872  194.2  1935  196.5  1897   471.7  1943   295.3  1878   327.6  1960   453.4  2002  1360.6  1914
  180.0  1994  144.4  1967  125.6  1978   97.1  2005  105.2  2014  104.0  2016  124.0  1957  142.1  2004  145.9  1983  190.2  1863  188.4  1895  193.9  1985   471.6  1872   294.8  1862   321.5  1992   451.2  1916  1359.3  1876
  179.7  1998  142.8  1879  125.0  1991   96.9  1986  101.1  2015  103.0  2011  120.9  1867  139.6  1962  139.5  1993  186.1  1906  185.0  2012  193.1  1901   469.6  1984   288.3  1952   317.0  1881   449.5  1863  1358.6  1967
  178.2  1993  142.1  1885  124.2  1886   96.9  1992  100.6  1996  101.3  1927  118.9  1893  138.7  1924  139.0  1863  185.6  2001  183.2  1875  191.4  1924   459.1  2001   285.6  1969   316.9  1956   449.0  1946  1354.3  1982
  175.8  1926  141.2  1978  123.5  1927   96.5  1994  100.5  1958  100.9  1875  116.9  1978  136.0  1956  138.7  2017  185.4  2005  180.6  2018  189.9  1900   458.6  1977   282.1  1988   314.8  1965   448.2  1924  1352.9  1981
  175.7  1983  139.4  1951  123.2  1959   96.4  1947   99.6  1877  100.8  2017  115.9  1993  135.2  2014  138.1  1932  184.3  1862  178.0  2006  188.7  1918   453.9  1928   281.4  1967   314.7  1894   441.3  1874  1346.1  1958
  175.2  1867  139.2  1866  122.3  1888   96.2  1985   98.6  1952   99.5  1862  115.1  2017  134.9  1999  135.8  1965  182.7  1917  176.7  2019  187.4  1912   453.2  1899   281.1  1905   313.4  1878   438.9  1886  1344.9  1875
  175.0  1962  138.0  1980  122.3  2017   95.1  1951   98.5  1929   99.5  1883  114.8  1940  134.0  1930  134.1  1962  181.7  1924  175.8  1996  186.8  1909   450.4  1904   278.9  1924   311.6  1903   434.6  1987  1344.9  1966
  174.2  1986  135.9  1972  122.2  1957   94.9  1905   98.4  1973   98.9  1928  114.6  2003  133.5  1958  133.9  1954  181.7  1961  172.5  1928  185.0  2019   449.4  2013   277.8  1937   310.0  1936   433.8  1918  1341.3  2009
  173.3  2004  134.4  1935  122.0  1876   93.8  1970   97.8  2000   98.0  1993  113.8  1865  131.7  1988  132.5  1995  179.9  2002  172.1  2015  183.8  2006   448.8  1970   276.4  1869   308.4  1938   433.0  2012  1338.0  1920
  173.2  2021  133.6  1922  121.9  1937   93.7  1862   95.7  1997   98.0  1881  111.9  1904  131.1  1960  132.0  1875  178.3  1898  171.5  1882  183.1  1945   448.6  1920   272.1  1959   307.3  1873   430.7  1928  1331.1  1886
  168.3  1919  133.5  1876  121.2  1908   93.5  1960   94.6  1966   96.7  1990  111.1  1938  130.6  1874  130.4  1975  178.0  1966  169.6  1910  182.5  1886   441.3  1946   270.9  1889   306.0  1890   427.7  1938  1321.4  1866
  167.8  1961  133.1  2016  120.0  1928   93.1  1878   92.8  2008   96.2  1965  110.1  1890  130.3  1948  130.2  1879  170.2  1885  168.8  1930  179.0  1955   439.2  1866   270.6  1882   304.7  1920   424.7  1894  1320.8  1979
  166.9  1938  133.1  1960  117.3  1873   93.0  1885   92.6  1907   95.9  1888  110.1  1956  129.4  1908  129.7  1998  169.5  1880  164.5  1883  175.4  1942   435.1  1913   269.7  2014   304.2  2017   419.5  2009  1319.3  2007
  165.3  2015  132.0  2021  117.2  1872   92.8  1876   92.2  1891   93.2  1963  109.7  1954  126.5  1931  129.3  1943  168.7  2006  163.3  1911  174.8  1891   434.8  1999   268.5  1909   301.8  2015   418.9  1877  1318.1  1891
  165.2  1936  131.8  1881  116.9  1987   92.8  1952   92.0  2013   93.1  1900  109.4  1895  126.5  1938  129.2  1897  168.2  1935  162.9  1969  174.7  1922   434.3  1957   267.0  1908   301.1  1998   417.8  2006  1316.7  1993
  164.4  1868  130.9  1941  115.4  1954   92.7  2014   91.9  1913   92.5  1917  108.8  1958  125.3  1971  126.9  1868  167.3  1938  161.0  2014  173.8  2018   432.3  1988   266.1  1872   299.6  1980   415.6  1926  1316.7  1929
  162.6  2002  130.0  1970  113.1  1977   92.3  1953   91.6  1903   92.3  1878  108.4  1886  124.6  1979  125.3  2008  167.3  1980  160.3  1865  171.1  2011   429.0  1961   264.4  1999   299.3  1971   411.9  1970  1308.0  1965
  161.3  1890  129.6  1880  110.8  1866   92.1  1923   90.3  1949   91.1  1890  106.8  1932  123.3  1974  125.2  1903  167.2  1944  158.6  1881  170.5  2002   428.6  1978   263.8  2012   299.0  1914   410.8  1923  1305.6  1865
  160.7  1932  128.4  1869  109.6  1884   90.8  1937   88.9  1968   88.9  1936  106.0  1884  122.3  1882  123.4  1953  166.6  1982  158.0  1974  169.6  1966   427.2  1979   263.7  1919   296.7  1968   410.2  1866  1303.8  1948
  158.5  1959  127.5  1954  107.9  1922   90.4  1989   88.6  1988   88.6  1948  105.7  2010  121.8  1942  122.4  1994  166.2  1878  156.6  1949  167.8  1982   426.1  1939   262.0  1907   296.0  1957   410.0  2005  1297.9  1939
  158.1  1904  126.6  1884  107.2  1933   89.2  1987   88.4  1885   87.4  1902  105.4  1968  120.8  1863  122.0  1951  165.5  1954  155.5  1972  167.1  1882   424.5  1967   259.9  2021   292.8  1986   406.6  1958  1294.9  1916
  157.7  1969  125.7  1933  107.0  1986   88.4  1934   87.7  1994   86.1  1966  103.4  1912  120.7  1876  121.1  1872  164.7  1867  153.5  1913  163.4  1956   423.9  1900   256.7  1964   292.4  1953   402.5  1880  1294.9  1894
  156.0  1965  124.8  1940  104.5  1881   88.4  1930   87.0  2003   85.4  1999  102.7  2015  118.7  1966  116.2  1982  160.0  1871  148.3  1977  162.7  1981   423.1  2002   254.6  2007   292.1  1871   401.4  1870  1294.5  1972
  156.0  1991  124.5  1897  104.1  1889   87.8  1909   86.7  1938   82.9  1920  101.9  1873  117.9  1925  116.0  2010  159.8  1989  147.6  2005  162.3  1907   420.3  1948   254.6  1985   290.8  1945   400.1  1992  1290.6  1923
  155.2  2009  124.1  1899  103.9  1964   87.5  1968   86.1  1947   82.8  1911  101.9  1883  117.3  2019  115.5  1864  158.6  1930  146.1  1916  161.2  1880   407.0  1875   254.2  1912   286.2  1897   398.8  1927  1288.6  2015
  153.9  2018  123.8  1945  103.7  1972   87.4  1931   86.0  1894   81.9  1977   99.2  1910  117.0  1892  114.6  2016  157.5  1894  145.6  1965  160.8  2017   405.7  1926   253.5  1968   282.1  1922   394.8  1980  1278.9  1935
  153.9  1900  122.0  1928  102.7  1921   87.1  1925   85.5  1954   81.6  1897   98.5  2001  116.6  1934  114.5  1925  155.3  2008  143.7  1914  160.1  1960   397.8  2004   253.3  1996   280.4  1948   391.4  1865  1278.5  1915
  153.7  1865  119.6  1996  102.4  1941   87.0  1910   85.4  1948   79.4  1944   97.2  1903  115.8  1963  109.8  1882  153.9  2012  142.0  1876  159.9  1869   397.4  1885   250.3  1993   279.3  1863   389.8  1951  1275.6  1918
  153.7  1927  115.4  1919  101.4  2016   86.4  1939   83.9  1889   79.0  1939   96.9  1889  115.3  1866  108.6  1880  152.5  1933  139.2  1890  158.8  1983   396.3  1897   250.0  1987   279.2  1974   389.4  1869  1263.3  1988
  153.7  1886  113.6  1906  100.9  1936   85.8  1962   82.9  1904   78.8  1905   96.8  1908  114.7  1977  106.3  1952  152.5  1874  138.8  1995  157.3  1964   396.3  1867   249.6  1931   278.4  1963   389.2  2013  1259.8  1925
  152.7  1978  112.3  1946  100.1  1965   85.5  1872   82.7  1951   78.7  2005   96.8  1930  113.7  1954  105.3  1961  151.9  1984  137.3  1885  154.6  1874   395.1  2008   248.2  1925   276.7  1982   387.4  2008  1258.4  1980
  152.3  1884  108.7  1927   97.8  1985   84.8  1950   82.4  1962   78.5  1909   95.6  1991  112.9  1916  104.8  1886  150.9  1912  135.9  1905  154.1  1930   389.3  1951   248.1  1989   276.0  1966   387.1  1963  1257.9  1970
  152.1  1972  107.5  1865   97.3  1916   82.9  1889   82.1  1953   78.2  1880   94.6  1862  112.6  1894  104.7  1887  150.9  2014  134.6  1886  153.5  2007   389.0  1936   246.7  1991   275.5  2019   386.6  1994  1254.6  1868
  151.0  1924  104.8  2001   97.0  2007   82.6  2004   81.6  1920   77.5  1866   94.6  2021  111.6  1957  103.7  1923  150.4  1910  133.0  1936  152.9  1884   383.4  1983   246.3  1955   273.8  2004   384.7  1871  1250.2  1959
  150.8  2007  104.7  1931   96.9  1952   82.2  1975   81.1  1964   77.0  1947   93.7  1945  110.5  2010  103.4  1944  148.8  1952  131.1  2010  150.8  1936   380.0  2018   245.0  1922   273.0  1907   380.1  1939  1248.5  1897
  150.0  1956  103.8  1874   95.8  1901   81.2  1949   81.1  1879   74.2  1924   92.6  1925  110.3  1943  102.9  1973  148.5  1996  129.9  1900  148.1  1893   378.1  1958   242.8  1965   269.4  1943   379.7  1913  1248.0  1977
  145.9  1946  102.7  1912   95.5  1895   80.4  1940   79.0  1916   73.8  1926   91.3  1909  109.5  1922  102.4  1992  147.4  1925  129.4  1971  147.9  1998   374.3  1986   242.7  2019   268.9  1928   379.3  1995  1246.8  2021
  145.8  1960  101.2  1961   94.8  1917   79.1  1979   78.7  1917   73.7  1974   89.2  1970  107.9  1921  102.2  1980  145.8  1959  129.2  1902  145.5  1946   372.5  1931   237.8  1934   267.8  1862   377.0  1952  1245.3  2018
  145.7  1942   99.8  1987   93.8  1934   79.0  1996   78.6  1965   72.5  1943   88.4  1967  107.0  1889   99.9  1942  142.9  1940  128.4  1864  145.0  1898   371.6  1982   235.7  1894   266.7  1930   376.0  1996  1239.9  1913
  145.2  1863   99.5  1867   92.4  1992   77.3  2019   78.2  1915   72.1  1929   87.7  1998  104.8  1890   99.7  1934  139.1  1994  126.7  1979  141.7  2021   369.9  1969   235.1  1977   266.3  1952   374.7  2004  1239.6  2004
  144.8  2013   98.0  2011   91.7  1940   76.6  1936   76.4  1875   71.9  1986   87.4  1975  104.5  1900   99.2  2011  137.7  1991  125.8  2003  140.5  1997   369.1  1865   234.6  1962   264.3  1993   374.4  2018  1239.1  1931
  144.8  1903   97.0  1926   91.5  1942   76.4  2002   75.3  1974   71.7  1891   87.0  1992  104.0  1895   98.1  1936  137.5  1895  125.7  1998  139.3  1928   368.7  1991   234.6  1901   263.5  1905   374.2  1999  1231.5  1879
  143.7  1921   96.8  1870   91.1  2010   76.3  1879   74.0  1899   71.6  1916   86.6  1943  103.4  1888   96.6  1970  136.7  1889  125.4  1980  138.8  2003   366.9  1894   234.3  1935   259.0  2011   373.7  1878  1227.8  1932
  141.5  1951   95.8  1988   91.0  2013   75.1  1908   74.0  1862   70.8  1956   85.3  1969  102.8  1961   96.4  1913  135.1  1915  125.2  2016  137.1  2009   366.1  1922   233.7  1885   257.6  1941   368.4  1986  1225.7  1900
  140.4  1922   94.4  1894   90.9  2020   74.8  2009   73.7  2016   70.8  1938   83.8  1944  102.7  1914   94.6  2021  134.3  1876  125.1  1994  136.5  1958   363.7  1996   233.3  2016   257.6  1908   365.3  1959  1224.6  1936
  140.0  1895   92.4  1982   88.5  1868   74.7  1868   72.5  1923   69.4  1885   83.1  1942  101.1  1923   94.4  1891  133.7  1986  124.5  1976  135.9  1920   363.6  2015   232.9  1917   256.5  1944   363.3  2020  1223.3  2013
  139.2  1910   92.3  2017   87.5  1971   74.3  1886   72.4  1890   69.2  1901   82.2  1974  100.9  1970   94.4  1901  133.0  1900  124.4  1880  135.8  1938   357.4  1950   231.7  1930   255.6  1883   361.9  1961  1220.5  1874
  138.3  1874   92.0  1936   86.1  1969   73.4  1973   72.0  2009   68.8  1894   81.9  1985  100.4  1953   94.0  2012  132.7  1990  123.7  1891  134.6  1977   357.4  1975   231.3  1992   255.6  1991   361.0  1968  1219.2  1878
  138.1  1912   91.4  1882   85.7  1864   72.6  1895   71.8  1910   68.7  1871   81.3  1926   99.3  1996   94.0  2004  130.1  1988  123.5  1927  132.9  1925   356.4  1941   230.1  1916   254.4  1915   357.3  1911  1217.7  1869
  138.0  1883   90.3  2015   85.5  1976   72.2  2008   70.8  1941   67.5  1969   80.8  1937   98.9  1928   93.4  1922  129.9  1913  122.0  1952  132.5  1951   354.9  1972   229.9  2013   253.9  1880   356.3  1907  1215.5  1883
  137.2  1918   90.1  1939   85.3  2004   72.0  1894   70.7  1908   66.4  1952   79.6  1933   97.9  1898   93.4  1948  129.3  1945  121.5  1987  132.3  1888   353.9  1879   229.4  1888   253.8  1918   353.5  1925  1214.4  1968
  136.3  1977   89.5  1979   85.3  1877   71.7  1964   70.1  1999   65.2  1953   78.9  1959   97.7  1973   92.3  1908  128.5  1968  120.4  1863  132.1  1984   353.8  1906   229.0  1953   250.5  2010   353.5  1909  1212.6  1957
  134.4  2011   87.5  1877   84.7  1975   70.8  1911   68.7  1902   64.5  2004   78.9  2005   97.3  2001   91.5  1892  127.5  1868  118.7  1878  131.8  1935   352.1  1911   225.8  1876   250.3  1895   353.4  1896  1212.2  1952
  131.1  1952   86.6  1918   83.4  1995   70.5  1903   68.4  1900   64.4  1933   78.3  1973   97.0  1982   91.1  1920  127.0  1893  118.6  1870  130.3  1992   351.6  1870   225.6  1949   249.4  1904   353.2  1997  1209.6  1992
  129.6  1925   86.2  1911   81.5  1930   70.5  1919   66.9  2017   64.4  1903   77.8  1947   95.8  1904   89.0  2018  125.9  1883  117.3  1991  129.9  1990   347.5  1998   223.9  1898   248.7  1970   351.3  1895  1207.2  1867
  129.1  1915   86.0  1984   81.2  1970   70.4  1926   65.0  1937   64.0  2003   77.6  1891   94.2  1919   88.8  1878  125.7  1943  116.4  1887  129.1  1908   347.3  2003   223.8  1982   246.7  1951   350.4  1957  1203.4  1984
  128.6  2020   85.7  2004   80.4  1967   70.2  1948   63.7  1995   63.5  1906   77.1  2020   94.0  1875   88.8  1909  124.9  1948  115.3  1898  128.5  1976   347.1  1881   222.9  1940   246.5  1900   350.2  1993  1198.2  1938
  127.9  1955   85.3  1873   78.8  1983   70.1  1890   63.6  1957   62.8  1898   76.8  1917   93.3  1944   88.8  1937  124.3  1920  114.7  1975  128.5  1881   346.3  1973   222.9  1946   245.1  1926   350.1  2001  1197.7  1937
  126.7  1996   84.3  1969   78.6  1902   69.2  1944   63.4  1872   62.7  2009   75.9  1907   92.7  1994   88.7  1991  122.0  1983  114.1  1947  128.4  1974   343.6  1987   222.5  1927   243.4  1866   348.7  1943  1195.4  1985
  125.9  1934   83.6  1955   77.7  1894   67.6  1898   62.8  1873   61.6  2008   75.3  2011   92.4  1907   87.7  1945  121.9  1892  114.1  1906  128.1  1903   343.1  1962   222.5  1954   242.9  1892   345.7  2010  1194.1  1997
  125.6  1958   82.8  1991   77.1  1968   67.2  1874   62.8  1984   61.2  1964   73.5  2002   91.4  2000   87.2  1877  121.2  1896  111.6  1955  128.0  1968   343.1  1956   222.3  1978   240.2  1999   343.6  1991  1194.0  2006
  124.4  1894   81.5  1999   77.0  1911   66.3  1880   62.7  1926   61.2  1884   72.2  1881   91.1  1939   85.6  1873  119.3  1958  110.7  1874  127.3  1895   338.7  1884   221.8  2004   238.9  2014   342.8  1868  1192.5  1863
  123.5  1947   80.2  1871   76.1  1999   65.4  2003   62.5  1977   60.4  1957   71.6  1980   91.0  2018   84.5  1884  117.8  1911  110.0  1923  126.9  1923   338.0  1945   221.5  2005   238.3  2001   337.0  1989  1186.5  1943
  122.5  1957   79.9  1981   74.8  1932   65.3  1969   61.7  1930   60.3  2014   71.3  1923   90.8  1929   84.4  1988  117.6  2009  108.0  2020  126.5  1969   335.4  1955   220.0  1866   237.3  1969   337.0  1898  1186.0  1871
  122.0  1979   79.6  1903   73.7  1996   64.5  1978   60.9  1933   59.8  2002   71.2  1966   90.4  1980   83.0  1862  115.9  1979  106.9  2017  124.2  1961   331.5  1901   219.9  1899   234.9  1909   335.1  2021  1185.1  2017
  120.1  2001   78.2  2010   72.4  1960   64.1  1965   60.8  1976   59.5  1932   71.1  1928   90.0  1926   82.8  1949  114.1  2011  106.9  1907  124.0  1954   329.3  1993   218.8  1868   233.7  1902   334.9  1888  1179.1  1907
  118.9  1879   78.0  2019   71.8  2014   61.0  1866   60.6  1985   58.6  1970   71.1  2000   90.0  1906   81.3  1899  113.4  1877  106.8  2008  121.6  1866   327.1  1938   218.2  1891   233.1  1929   334.7  1983  1179.1  1885
  118.8  1871   76.9  1889   71.5  2002   60.8  1927   60.2  2012   58.5  1892   70.8  1986   88.3  2017   80.9  1989  110.4  1934  106.7  1924  120.7  1980   324.5  1947   217.5  1933   233.1  1977   333.3  1966  1176.5  1922
  118.6  1968   75.8  2006   69.8  1906   60.1  1942   60.2  1963   58.1  1914   70.2  1929   87.7  1965   80.4  1904  110.3  1942  105.1  1993  117.3  1995   324.0  2019   217.0  1960   232.9  1884   333.2  1906  1173.0  2001
  117.9  1941   75.0  1892   68.9  1891   59.9  1918   60.1  1870   58.1  1896   69.4  1963   86.9  2013   80.1  1987  109.6  1957  104.8  1869  116.4  1916   323.4  1892   216.8  1923   232.6  1874   331.3  1917  1172.2  1990
  116.6  1982   74.4  1908   67.6  1863   59.5  1977   59.6  1914   57.3  1877   68.7  1964   84.5  1969   77.6  1916  108.0  1995  104.7  1873  115.7  1952   321.9  1903   215.8  1941   230.2  1916   329.7  1910  1164.8  1919
  113.9  1944   73.6  1943   67.6  2015   59.3  1917   59.4  1950   57.0  1873   67.4  1892   83.8  1901   76.9  2005  107.9  1926  104.4  2013  113.6  1967   321.0  2012   215.4  2017   226.9  2016   329.7  1931  1162.9  1961
  113.8  1931   73.3  1973   67.2  1870   58.6  1946   58.9  2011   56.1  1960   67.1  2004   83.7  1902   76.2  1911  107.9  1937  103.4  1918  113.1  1865   320.6  1898   215.3  1871   225.3  1962   324.9  2014  1160.9  1983
  110.5  1967   71.3  1898   66.5  1962   58.6  1902   58.8  1921   56.0  1981   63.6  1941   81.4  2016   74.3  2015  107.3  1977  101.7  2001  112.5  1947   320.0  1965   215.2  1884   224.7  1973   323.2  2017  1160.9  1989
  107.1  2003   69.6  2003   65.8  1950   58.3  1904   58.7  2005   55.0  1864   63.5  1946   81.1  1967   73.1  1893  105.6  1993  101.6  1899  112.2  1862   319.4  1933   215.0  1906   224.2  1978   322.4  1965  1160.8  1995
  106.9  1862   69.2  1868   65.7  2005   58.1  2016   58.2  1883   54.9  1978   63.3  1961   80.7  2011   72.9  2013  105.5  1964  101.4  1892  111.2  1944   316.4  1882   213.1  1948   223.1  1893   322.3  2015  1159.8  1940
  104.0  2012   68.9  1992   65.6  1882   58.0  1863   57.6  1881   54.7  1913   62.6  1902   80.4  1945   72.8  1963  104.8  2018  101.3  1953  111.0  2005   313.6  1868   211.2  1873   222.8  1889   322.1  1953  1158.6  1888
  103.0  1945   67.5  1963   65.0  1880   57.6  1875   57.1  1863   54.0  1915   61.7  1896   78.9  1911   72.7  1990  104.2  1939   99.9  1962  110.3  1987   313.1  2010   211.0  1936   219.9  1972   318.9  1864  1156.8  1911
  102.4  1885   67.2  1976   64.7  1955   57.1  1891   56.2  1882   54.0  2015   61.5  1948   78.0  1918   72.5  1917  103.2  1899   99.3  1964  110.3  2004   312.6  1887   210.2  1865   219.5  1942   317.5  1887  1154.0  1880
  101.9  1985   65.9  1878   63.9  1918   56.8  1955   55.8  1887   52.7  2000   61.0  1962   77.0  2009   72.4  1914  103.1  1999   98.8  1990  109.3  1904   308.1  1971   210.0  1950   215.5  1935   315.2  1977  1151.6  2016
  101.8  1980   65.2  2018   62.9  1865   54.9  1888   55.6  1868   51.2  1950   60.8  1901   77.0  2007   71.1  2006  102.7  1974   98.7  1921  109.2  1937   307.8  1949   209.6  2009   215.2  2000   314.8  1892  1149.9  1945
  101.4  1933   64.7  1953   62.8  2009   54.4  1884   55.5  1934   50.1  1934   60.2  1987   76.6  1872   71.1  1867  101.7  1869   98.1  1966  108.4  1950   307.6  1959   209.6  1970   214.6  1876   314.4  1881  1149.2  1906
  100.3  1887   64.3  1875   62.2  2021   53.9  1916   53.9  2004   49.6  1959   58.5  1981   74.2  1896   70.7  1902  100.9  1873   97.3  1999  108.0  1899   305.9  1924   206.3  2003   213.8  1901   308.7  1900  1147.9  1881
   98.5  1901   63.8  1864   61.6  1869   52.9  1971   53.4  1893   49.4  1941   56.3  1878   73.6  1862   70.6  1894   98.5  2010   96.3  1989  108.0  2014   303.6  1902   205.8  1902   212.2  1925   308.6  1862  1147.6  1934
   97.8  2010   63.7  1948   61.4  1871   52.8  1900   52.1  1888   49.3  2013   55.5  1994   72.4  1975   66.2  1931   98.1  1902   94.6  1912  107.9  1864   303.0  1940   204.8  1973   211.6  1932   304.2  1990  1146.4  1963
   97.7  1891   61.2  2009   61.3  1904   52.1  1869   51.7  1918   48.7  1876   55.3  1874   69.4  1989   65.6  1919   97.4  1953   93.6  1943  107.6  1940   302.4  2009   204.2  1961   210.9  1990   300.5  2011  1142.0  1969
   96.5  1882   61.1  2013   58.5  1890   51.6  1988   51.3  1884   48.7  1973   54.9  1990   67.9  1870   65.1  1881   97.2  1997   91.7  1925  106.5  1949   302.4  1908   203.3  1980   210.8  2005   300.4  1979  1136.1  1991
   95.8  2005   60.6  2008   58.1  1887   50.2  1914   51.1  1960   48.2  1989   53.9  1887   67.9  1871   62.8  2001   96.9  1927   91.7  1919  105.7  1927   297.3  1952   202.5  1904   210.6  1867   299.2  1914  1127.8  1909
   94.9  1870   60.2  1907   57.5  1948   49.5  1933   50.8  1940   48.1  1983   52.7  2018   67.9  1935   61.4  1947   96.8  1971   91.2  1958  103.5  1973   296.7  1863   202.2  1881   206.5  1979   298.0  1902  1126.5  1944
   94.5  1966   56.7  1968   56.9  1974   49.1  1928   50.6  1935   47.5  2021   52.5  2006   67.8  1949   61.1  1969   96.3  1887   91.1  1866  102.3  1887   295.6  1914   201.7  1945   204.9  2021   297.6  1948  1125.8  1987
   93.9  1940   55.5  1947   56.6  1874   48.4  1864   49.9  1912   46.7  1874   51.8  1982   66.4  1915   60.6  1870   93.5  1918   90.5  2007  100.9  1894   293.1  1893   200.9  1890   204.5  1868   297.1  1975  1120.5  1873
   89.2  2017   54.7  1949   56.3  1878   48.1  1945   49.4  2018   46.0  1988   51.0  1951   65.8  2006   60.1  2007   90.7  1881   90.4  1915  100.8  1957   288.9  1968   200.3  1928   203.6  1961   295.6  1936  1117.4  1862
   85.5  1923   54.3  2005   56.3  1984   46.9  1981   48.9  1911   44.3  1919   50.6  1866   65.7  1968   59.9  1955   86.4  1901   90.3  1932  100.7  1941   287.6  1921   200.1  1975   203.1  1987   291.2  1873  1116.9  1926
   84.4  1864   53.2  1913   55.2  1924   46.8  2013   48.7  1971   42.7  1899   50.4  1972   65.7  1884   59.7  1940   85.9  1941   90.1  1978   97.9  1906   286.0  1927   198.8  1879   202.1  2003   286.1  1920  1113.7  1942
   83.5  1916   52.3  1929   55.1  1939   46.4  1915   48.2  1866   42.5  2001   50.3  1897   65.1  1909   59.7  1938   85.8  1992   88.8  1941   97.5  1902   285.3  1985   196.7  1911   202.1  1967   286.1  1899  1112.6  1904
   82.3  1954   51.4  1985   54.6  1953   45.3  2020   47.9  1880   42.3  1865   50.3  1949   64.5  1885   59.5  1977   85.5  1970   88.4  1868   96.6  1962   280.0  1871   194.7  2015   199.8  1886   285.2  2016  1110.4  1978
   81.9  1893   51.0  1938   54.0  1949   44.1  1990   46.0  1897   42.2  1994   49.7  1995   64.5  1893   59.4  2020   83.3  2003   87.5  1967   96.4  1863   278.8  2011   194.6  1910   195.5  1934   280.0  1962  1106.1  1947
   78.8  1878   50.6  1920   53.9  2003   42.6  1941   45.5  2010   41.8  1904   48.9  1900   64.4  1984   57.7  1979   83.2  1914   87.2  1973   94.9  1871   277.8  1890   194.4  1957   194.6  1923   278.2  1912  1103.4  2005
   74.6  1973   50.3  1964   53.2  1966   42.0  2006   43.9  1987   41.0  1918   47.0  1870   62.9  2021   57.2  1966   82.2  1955   87.2  2011   92.4  1932   276.7  1874   190.8  1921   194.0  1896   276.4  1893  1097.4  1996
   74.5  1989   48.6  1902   52.3  1885   41.5  1887   43.7  1909   40.1  1979   46.7  2019   61.9  1887   56.6  1905   78.9  1985   86.5  1985   92.2  1921   271.9  1989   189.1  1971   192.8  1906   276.2  1867  1095.3  1884
   73.6  1892   46.9  1971   52.2  1923   41.1  1967   42.8  1892   39.8  1893   45.7  1916   59.8  1964   56.1  1889   77.5  2017   85.9  1981   92.1  1878   270.7  1981   187.9  1995   190.4  1994   270.7  1972  1083.7  1917
   72.1  2019   45.9  2012   48.7  2000   40.8  1995   42.4  1961   39.4  1937   45.6  1919   59.4  1990   55.7  1985   76.7  1866   85.9  1968   90.4  1877   264.0  1918   186.3  1943   189.8  1964   270.6  1988  1072.4  1955
   71.1  1897   44.5  1905   47.9  1946   40.2  1881   42.1  1992   38.7  1996   45.2  1876   59.0  1886   54.8  1933   76.6  1963   82.8  1903   87.8  1913   260.4  1942   185.3  1895   188.0  1933   269.9  1956  1069.0  2011
   70.1  1981   43.9  1962   47.8  1945   39.9  2010   41.1  1959   38.3  1922   45.1  2013   58.5  1920   51.7  1996   75.8  2015   82.6  1904   86.0  2008   260.4  2005   182.8  1863   186.7  2002   269.5  1934  1059.0  1895
   66.6  2000   43.1  1901   47.6  1931   39.6  1956   39.9  2001   38.0  2006   44.9  1921   55.5  1959   51.5  1997   75.1  1864   79.5  1897   85.7  1943   256.5  1889   179.2  1880   184.2  1919   267.2  1915  1058.4  1899
   65.7  1908   42.4  1917   46.9  1956   38.0  1943   39.0  1982   37.5  1961   43.4  2014   54.9  1899   50.3  1890   73.9  1908   79.4  1948   84.3  1939   251.6  1886   178.5  1875   183.9  1959   266.4  1905  1055.5  1962
   65.2  1907   41.6  1975   44.6  1875   36.3  1906   38.7  1944   36.9  1895   43.3  1952   54.2  1883   50.2  1921   73.8  1905   76.3  1957   84.2  1889   251.1  1876   176.5  2010   183.6  1898   263.1  1937  1051.8  1971
   64.2  1909   41.4  1886   44.2  1958   36.1  1883   38.4  1980   36.0  1867   42.0  1971   53.7  1867   48.9  1964   71.2  1972   76.3  1893   81.0  1870   249.8  1929   175.5  1918   182.0  1955   263.0  1897  1037.3  1949
   62.8  1976   39.9  1983   43.5  1900   35.5  1892   38.3  1927   35.9  1930   41.8  1989   53.3  2002   48.7  1928   71.1  1890   76.2  1917   80.0  1867   248.9  1954   174.0  1958   181.3  2013   260.6  1890  1030.3  1956
   62.5  1914   39.3  1863   42.8  1907   34.0  1865   37.8  1998   35.7  1992   41.8  1979   53.2  2005   48.0  1926   69.3  1888   75.0  1961   69.3  1931   245.6  1895   170.5  1864   179.6  1947   257.1  1889  1028.0  1890
   61.9  1902   34.2  1944   41.9  1898   32.3  1982   36.4  1922   34.3  2010   41.5  2016   52.7  1972   45.8  1900   67.4  1950   72.0  1884   67.0  1890   244.6  1864   167.7  1939   176.5  1911   253.9  1971  1025.6  1908
   58.6  1876   33.7  1952   41.6  1883   31.1  1873   36.3  1864   32.9  1951   40.9  1955   52.5  1978   45.8  1978   66.1  1904   70.7  1920   66.8  1971   242.4  1997   166.4  1997   174.7  1996   253.7  1964  1023.4  1976
   58.3  1929   32.3  1890   41.4  1879   29.9  1997   35.2  2019   32.7  1967   40.7  1997   52.3  1998   44.0  1972   64.5  1936   66.9  1983   65.4  1970   238.8  2017   164.8  1900   172.5  1975   253.6  1955  1023.1  1941
   57.4  1992   31.7  1930   40.9  1997   29.3  1921   34.6  1970   32.3  1886   39.3  1906   51.4  1983   43.4  1898   63.4  1973   66.3  1937   63.5  1892   236.7  2006   160.7  1976   162.6  1921   253.6  1973  1013.6  1898
   54.1  1881   29.8  1887   38.7  1899   29.3  1958   33.6  1936   31.4  1908   38.6  1899   50.4  1993   42.1  2009   63.1  1956   65.6  1908   61.2  1879   235.1  1878   159.9  1926   162.5  1885   250.6  1969  1006.9  1901
   52.8  1898   29.4  1888   37.5  1935   26.1  2017   33.2  1975   30.9  1984   38.4  1864   47.7  1913   41.7  1915   61.4  1919   64.4  1889   59.8  1883   233.9  1944   157.4  1915   159.4  1989   247.5  1945   995.1  2010
   52.6  1888   28.0  1924   35.8  1910   26.1  1929   32.2  1978   24.7  1962   37.9  1905   45.4  1932   37.5  1888   58.9  1884   63.0  1922   59.0  1875   232.0  1932   155.4  1887   157.3  2018   242.1  1942   983.2  1953
   51.8  1905   27.2  1998   35.4  1943   25.9  2015   31.7  1901   23.2  1940   36.8  1996   44.0  1933   33.1  1907   58.8  1946   62.3  2004   58.1  1975   223.3  1907   155.1  1896   156.3  2006   241.6  1933   966.0  1896
   49.9  2006   27.0  1862   35.1  1993   25.8  1896   31.5  1919   22.2  1923   36.5  1977   39.4  1864   32.9  2002   55.8  1879   59.5  1934   57.3  2016   218.4  1880   149.9  1874   154.5  1937   236.4  2003   960.3  2003
   49.4  1911   25.1  1896   33.0  1973   22.2  1980   31.1  1928   22.1  1868   35.3  1984   39.0  1991   32.9  1906   54.4  2007   56.1  1988   56.6  1885   216.3  1953   148.3  2020   147.7  1940   231.8  1908   959.3  1889
   48.2  1949   20.8  1993   32.8  1915   21.6  1954   29.6  1956   22.0  1869   33.1  1868   36.3  1987   32.7  1912   54.3  1897   47.8  2021   55.6  2001   213.2  1909   148.0  1974   143.1  1981   229.1  1904   956.8  1975
   47.5  1917   19.8  1909   29.8  1892   19.3  1870   27.1  1990   21.4  1976   30.6  1863   34.4  1869   29.9  1986   52.0  1975   47.7  1909   52.6  1988   206.3  1917   146.5  1870   137.4  1949   223.8  1901   954.4  1870
   47.3  1889   14.1  1956   28.9  2012   19.2  2007   26.2  1939   20.2  1995   29.6  1976   34.2  1937   28.4  1929   51.1  1921   47.3  1956   51.4  1991   205.7  1905   142.8  1929   136.2  1899   221.2  1985   953.5  1893
   41.5  1950   14.0  1942   28.4  1990   19.1  2011   26.1  1874   19.3  1949   28.8  1934   28.5  1981   28.0  1939   46.0  1962   46.0  1871   50.3  1933   190.6  1963   136.0  1883   133.8  1870   218.8  1919   950.7  1905
   37.6  1896   12.6  1959   28.0  2011   15.8  1974   19.2  1905   18.9  1889   28.6  1885   27.2  1976   27.7  1971   45.5  2016   43.1  1901   47.0  1996   190.0  1896   127.0  1984   132.8  1864   215.4  1884   945.5  1902
   36.9  1935   10.7  1934   26.8  1926   14.4  1976   19.1  1871   18.8  1870   26.8  1869   24.8  1947   27.2  2003   44.3  1922   41.4  1862   46.4  2010   188.1  1976   119.1  1944   130.6  1984   212.3  1947   935.9  1964
   35.9  1953    8.0  1921   26.1  1925   13.6  2021   17.3  1895   14.7  1887   24.0  1983   24.5  1880   25.5  1941   41.0  1965   40.5  1867   46.3  1963   186.9  1934   116.1  1956   130.4  1887   205.5  1879   934.4  1973
   28.1  1964    6.8  1965   18.2  1929    9.7  1912   17.3  1989   14.6  1942   22.8  1898   23.5  1955   25.3  1895   40.0  1951   36.8  1896   43.4  1905   184.3  1888   108.3  1938   125.2  1913   205.0  2007   924.6  1933
   28.0  1987    6.2  1986   16.4  1938    8.7  1957   12.1  2020   13.7  2018   22.8  1913   23.4  2003   13.1  2014   36.7  1947   34.2  1933   40.2  1917   177.7  1992   108.1  1892   123.4  1983   200.8  1922   878.3  1864
   27.6  1880    4.7  1895   15.0  1893    7.9  1984   11.1  1876   12.8  1975   21.8  1935   22.4  1936    9.8  1910   36.4  1931   31.8  1942   39.1  1953   168.0  1891   106.1  2011    83.3  1995   200.2  1941   877.8  1892
   26.4  1963    3.3  1891   13.5  1961    7.8  1893   10.3  1991    9.8  1921   20.0  1999   13.4  1995    8.3  1959   26.5  1969   30.5  1945   34.6  1873   124.6  1964    99.5  1990    83.3  1869   200.0  1921   835.7  1887
   17.4  1997    2.0  1932   11.3  1944    5.3  1938    3.3  1896    1.7  1925   14.9  1911    9.6  1940    3.7  1865   18.3  1978   19.5  1879   23.6  1926     ---  1862    76.2  1893    78.1  1976   154.2  1978   797.2  1921