Areal values from HadUK-Grid 1km gridded climate data from land surface network
Source: Met Office National Climate Information Centre
Monthly, seasonal and annual total precipitation amount for England
Areal series, starting in 1862
Last updated 01-Jan-2022 10:59
    jan  year    feb  year    mar  year    apr  year    may  year    jun  year    jul  year    aug  year    sep  year    oct  year    nov  year    dec  year     win  year     spr  year     sum  year     aut  year     ann  year
  160.0  2014  161.0  2020  149.4  1947  136.5  2012  128.4  1967  148.1  2012  143.8  1888  170.3  1912  168.5  1918  195.5  1903  174.8  1929  179.0  1914   401.3  2014   288.8  1979   376.7  1912   443.7  2000  1175.5  1872
  157.2  1948  134.4  1923  138.5  1981  131.9  2000  119.6  1932  145.8  2007  136.4  1880  156.3  1917  145.3  1866  166.8  2000  170.8  2009  177.3  1876   392.4  1915   281.1  1981   366.2  1879   397.5  1960  1125.9  2012
  144.9  1995  130.2  1990  117.0  1979  117.7  1998  117.6  1924  125.2  1879  130.7  1875  147.3  2004  142.0  1976  164.4  1960  168.7  1940  168.0  1915   378.8  1877   274.1  1947   351.1  2012   377.7  1935  1109.0  2000
  142.8  1939  126.2  1950  108.5  1919  106.9  1920  116.9  1878  122.9  1997  128.6  2009  145.7  1956  139.9  1896  164.1  1865  167.3  1951  167.5  1868   368.2  1990   269.0  1983   324.4  2007   361.1  2019  1069.1  1960
  141.9  1928  123.4  2014  108.4  1912  102.5  1882  111.4  2021  117.0  1982  126.3  1936  139.3  1878  139.6  1968  154.1  1967  160.1  2000  166.1  1929   365.6  1995   252.2  1862   308.1  1956   360.8  1976  1060.4  1903
  140.5  1988  122.9  1977  104.9  1914  101.9  1983  110.8  1886  116.8  1980  124.7  2007  139.1  1891  136.6  1927  153.1  1987  155.8  1970  160.2  1934   345.1  1869   250.8  1932   307.8  1931   356.5  1875  1031.1  1882
  136.6  1877  122.3  1937  103.1  1862   96.2  1966  109.5  1979  116.2  1912  123.2  1988  131.8  1879  132.9  1871  151.0  1891  151.8  1954  159.7  1911   340.7  2020   249.7  1913   303.0  1927   351.3  1872  1017.2  1877
  136.5  1943  121.6  1900  103.1  2018   91.4  2001  107.2  1983  116.1  1998  123.1  1920  131.6  1881  131.3  1974  146.1  1882  148.5  1926  155.7  1978   340.3  2021   249.5  1920   286.8  1958   348.1  1903  1016.1  1912
  131.8  1984  120.8  2002  102.5  1897   91.2  1935  107.2  2007  107.3  2019  119.8  1915  127.1  1946  128.8  1981  145.4  1998  145.6  1946  150.4  1959   337.8  1916   249.0  2000   285.6  1872   344.5  1954  1006.4  2002
  129.2  2008  120.4  1916  102.4  1951   90.0  1993  106.2  1869  105.6  1958  116.1  1939  121.0  1927  128.5  1965  144.0  2020  144.2  1963  148.9  2012   337.5  1960   246.4  1951   281.7  1917   344.4  1944   993.6  1951
  128.6  1872  116.6  1915  101.2  1903   89.7  1913  104.6  1969  102.4  1987  113.6  2012  120.1  1951  127.9  1883  142.0  1907  142.0  2002  144.8  1993   330.4  2016   237.4  1886   279.2  1954   336.6  1880   992.1  1954
  128.3  2021  114.8  1966   99.5  1916   89.1  1871  100.8  2006  102.2  1882  113.4  1922  118.6  1877  126.3  1876  141.7  1976  140.4  1944  143.9  1979   328.0  1994   234.7  1998   279.0  1903   334.4  1974   990.1  1927
  124.2  2016  107.1  1925   98.2  1913   88.7  1961   95.7  2014   96.5  1863  112.5  1872  116.1  1954  122.9  1935  141.7  1880  139.6  1888  143.8  1965   319.8  1937   234.4  1903   279.0  1888   332.6  1882   989.2  2020
  118.9  1906  105.1  1958   97.1  1909   86.9  1931   94.8  1955   95.8  1872  109.3  1895  115.7  1865  122.1  1869  141.2  1932  137.6  1950  137.2  1999   316.7  1912   233.6  1937   278.6  1946   330.6  1885   983.4  2014
  118.5  1999  104.3  1951   92.6  1963   82.9  1877   94.2  1925   95.5  2016  109.2  1879  115.1  1992  116.8  2000  141.1  1949  137.1  1939  136.9  2020   310.1  1966   232.6  1986   276.8  1882   327.0  1984   981.4  2008
  116.7  1937  102.3  1997   92.3  1876   81.7  1867   90.7  1942   93.2  1971  108.4  1871  114.5  2020  115.2  1946  139.7  1875  134.9  1935  133.6  2015   308.0  1910   227.9  1969   271.9  2020   315.1  2012   979.3  2019
  115.8  1960  100.6  1995   92.2  1980   80.8  1989   84.9  2002   91.7  1927  107.6  1960  112.2  1986  114.8  1950  138.1  1870  133.3  1984  129.1  1919   306.1  1930   226.7  1889   270.2  1875   315.0  1883   966.5  1998
  115.3  1930   98.5  1910   91.9  1982   80.2  1986   84.4  1981   91.2  2020  106.8  1940  111.3  1931  113.5  2019  136.7  2013  130.2  1875  127.0  1901   299.3  1977   226.4  2018   270.0  2004   312.7  1940   964.1  1924
  114.5  1990   97.2  1904   91.8  2008   79.0  1970   84.1  1862   90.7  1991  106.2  1931  110.6  1941  112.2  1885  136.3  1906  130.1  1960  126.7  1909   299.1  2007   224.3  1967   269.7  1881   311.5  1967   962.4  1946
  112.9  2004   97.1  1893   91.6  1988   78.4  2018   83.3  1907   90.3  1931  106.0  1918  109.6  1950  111.8  1880  131.8  1885  128.7  1872  125.6  1886   296.7  1923   224.2  2006   267.0  1891   310.5  1929   959.6  1876
  112.7  1936   96.4  1866   91.3  1896   78.2  2004   83.1  2000   88.9  1928  105.1  1930  109.5  1903  110.6  1957  130.9  2004  127.3  1877  124.0  1910   296.3  1980   222.7  1877   265.7  2008   308.4  1998   949.3  1966
  110.6  1994   95.5  1883   90.5  1905   78.0  1876   81.5  1898   88.7  1936  103.3  1882  107.4  1948  110.6  1993  130.3  1872  124.8  1992  123.9  1986   294.8  1939   219.6  1867   265.4  1980   302.0  1981   948.2  1866
  110.5  1919   95.4  1881   88.5  1964   76.3  1932   81.1  1986   87.7  1935  101.3  1924  107.4  2014  108.9  1995  130.3  1892  123.2  1969  123.5  1989   293.9  1900   218.8  2001   261.4  2019   299.3  2002   947.2  1930
  110.5  1913   95.2  1974   88.5  1888   75.0  1907   80.3  1903   87.4  1985  100.5  2008  106.0  2008  107.6  1999  129.4  1928  119.6  2019  123.5  1872   292.1  1935   218.0  2008   259.6  1985   298.9  1930   946.5  1958
  110.1  1986   93.8  2007   88.2  2019   74.6  1922   80.1  1931   85.6  1948   98.2  1957  105.4  1900  107.1  1984  128.0  2019  119.5  2012  121.8  2002   291.3  1883   218.0  1924   256.4  1997   296.1  1946   941.1  1916
  109.8  1974   91.3  1941   87.5  2001   74.2  1889   80.0  1889   83.5  1999   97.0  1968  104.2  1962  103.8  1958  127.4  1909  118.0  1996  120.7  2000   288.8  1979   216.9  2012   256.0  1960   294.2  1927   935.5  1999
  109.6  1956   90.7  2001   86.4  1937   73.7  1899   79.9  1993   83.3  1907   96.4  1867  103.9  1985  103.0  1960  124.6  2021  117.5  2015  120.0  1994   287.3  1925   216.9  1878   254.9  1877   294.2  1891   933.3  2007
  109.4  1975   90.5  1935   84.8  1908   73.3  1937   79.6  2015   82.7  1909   96.0  1877  103.0  1971  101.5  1930  122.9  2002  116.9  1931  119.6  1896   285.8  1928   212.9  1963   252.7  1880   292.8  1992   932.8  1886
  108.9  1886   90.4  1879   83.9  1941   73.0  1947   78.9  1865   82.1  2017   95.9  1903  103.0  1897  100.1  1944  122.3  1923  116.8  1974  117.8  2013   285.5  1984   211.1  1908   252.1  1966   292.6  1982   928.8  1875
  106.9  1875   89.4  1933   83.8  1998   72.9  1959   77.4  1951   81.2  1954   95.5  1965  101.8  1930   99.1  1994  122.2  1916  116.0  1930  117.7  1891   283.0  1919   206.4  1872   247.8  1950   291.7  1918   923.0  1880
  105.5  1961   86.7  1957   81.8  1987   72.7  1963   76.3  1958   80.9  1883   95.1  1956  101.4  1960   98.5  1975  121.8  1886  113.9  1895  114.6  1900   281.3  2001   206.0  1916   246.4  1936   290.4  1950   920.4  1928
  104.5  1900   86.5  1876   80.9  2006   71.5  1908   75.6  1943   80.2  1977   94.3  1894  101.0  1910   98.4  1924  120.7  1980  113.4  1882  114.5  1985   271.7  1961   205.7  1964   245.4  1910   289.4  1968   919.8  1974
  104.0  1998   85.1  2000   78.9  1989   69.6  1992   75.5  1945   80.1  1875   94.1  1950  100.9  1966   98.3  1874  119.9  1935  112.8  1982  114.4  1869   271.3  1948   204.1  1994   245.3  1924   287.6  1949   919.3  1939
  103.5  1978   83.7  1885   78.6  1994   69.2  1934   75.0  1891   79.9  1968   93.8  1886   99.8  1999   96.1  2008  119.5  2001  109.9  1910  109.5  2006   270.2  1936   201.6  1869   245.3  2017   286.0  1876   918.7  1965
  103.2  1866   82.2  1967   78.3  2016   68.8  1999   74.6  1906   78.6  1966   93.4  1932   99.4  1868   92.6  1962  119.0  1924  109.0  1959  108.9  1924   270.0  2013   201.5  1972   245.2  1939   285.4  1924   917.4  1910
  103.2  1899   81.9  1922   78.0  1927   68.7  1872   73.9  1937   78.4  1880   91.6  1893   98.4  1905   92.3  1872  118.0  1917  108.1  1938  108.5  1922   269.4  1873   201.4  1882   245.1  1922   283.6  1987   915.7  1950
  101.7  1863   81.8  1980   76.6  1992   68.1  1953   73.9  1973   77.7  1900   90.8  2017   97.6  1963   91.4  1903  117.0  1938  106.6  1916  106.9  1882   268.7  2000   198.8  1907   244.6  1909   283.4  1939   913.9  1994
  100.2  1970   80.6  1894   75.8  1978   68.1  2005   73.6  1954   77.3  1871   90.3  1927   97.2  2010   91.3  2017  116.9  1862  105.8  1986  105.5  2019   268.2  1872   198.0  1897   244.2  1890   283.4  1874   911.8  1981
   99.7  1912   80.1  1872   75.3  1864   67.8  1924   71.3  2013   77.1  1946   90.2  1884   96.8  1957   90.3  1863  115.5  1966  104.4  2014  105.0  1918   267.8  1920   197.9  2014   243.2  1878   282.5  1938   909.1  1935
   99.7  1962   79.9  1880   75.2  1920   67.7  1879   71.0  1879   77.0  1963   90.1  1912   95.5  1892   90.1  1925  114.4  1939  104.1  1911  103.8  2011   267.7  1943   195.7  1909   243.0  1987   280.5  1932   908.9  1967
   99.5  1867   79.2  1869   75.1  1975   67.5  1925   70.8  1885   76.6  1905   89.5  1953   94.9  1952   88.9  1967  112.5  1889  103.3  1894  103.4  1880   266.3  1974   194.3  1966   243.0  2009   279.6  1866   908.8  1891
   99.4  1922   77.9  2011   74.8  1872   66.9  1930   69.6  1968   75.6  1892   89.5  1909   93.9  1922   88.5  2012  112.1  1929  103.0  1878  103.2  1938   263.8  1978   193.8  1993   242.8  1894   279.3  1896   905.7  1979
   99.3  1926   77.8  1897   73.7  1881   66.6  1950   69.5  1877   74.5  1955   89.1  1914   93.5  1977   88.4  1983  111.2  1982  102.8  1914  102.4  1897   260.8  1958   193.0  1919   242.7  1957   279.2  1923   905.5  1986
   99.0  1873   77.7  1989   72.5  1889   66.6  1951   69.4  1902   74.4  1926   89.0  1958   92.3  2015   87.8  1992  109.8  1981  102.5  1997  102.2  1983   258.8  1926   192.1  2016   241.5  1968   279.1  1926   905.1  1915
   98.6  1920   77.0  1914   72.0  1940   65.8  1994   68.5  1946   74.2  1862   85.9  1883   92.2  1958   87.7  1899  108.4  1954  102.2  1928  101.9  1907   254.8  1970   191.2  1876   241.4  1930   277.6  1916   905.0  1923
   98.5  1869   76.6  1946   71.9  1867   65.2  1905   68.0  1972   74.2  1945   84.9  1973   91.9  1866   86.6  1875  107.1  2012  101.2  1949  101.9  1912   253.2  2008   191.2  1925   237.7  1971   275.9  2006   903.8  1993
   98.2  1993   75.5  1970   71.5  1972   65.0  1862   67.8  1997   74.1  1964   84.7  2002   91.6  1873   86.5  1998  106.4  1894  101.0  1965  101.7  1960   252.7  1897   191.0  1999   237.1  1866   272.4  2008   903.3  1968
   97.6  1971   75.1  2021   71.5  1928   64.6  1926   67.4  1920   73.6  1903   83.8  1890   90.1  1889   85.9  1932  106.2  1898  101.0  1905   99.0  2018   252.3  2004   190.8  1992   236.2  1988   271.8  1863   892.5  1931
   96.8  1915   74.4  1978   71.3  1986   64.3  2008   67.3  1904   73.1  1911   81.9  1954   89.6  1890   85.5  1936  106.2  2006  100.8  1883   98.8  1966   251.9  1922   188.3  1985   233.7  1948   271.0  1892   890.4  2004
   96.3  1938   74.2  1996   70.6  1886   63.7  1910   66.5  1938   72.5  1866   81.5  1992   89.5  2012   84.8  1897  106.0  2005  100.5  1890   98.4  1997   251.3  1866   187.9  1987   233.4  1865   270.9  1951   885.3  1900
   96.1  1921   73.6  2010   70.3  1877   63.1  1975   66.1  1867   72.2  1897   79.8  1910   88.8  1974   84.3  1954  105.5  1863  100.3  2016   98.1  2017   251.1  1988   186.6  1931   232.2  1992   270.2  1877   885.3  1878
   95.7  2007   73.2  1954   69.9  1969   63.1  1985   66.0  2003   70.8  1890   79.5  1978   88.3  1916   84.2  1952  104.3  1896   99.3  1876   97.5  1948   251.0  1899   185.6  1942   231.9  1892   269.1  1970   885.2  1980
   95.7  1884   72.7  1994   69.9  2017   63.0  1962   65.4  1966   70.3  1878   79.3  1865   87.9  2006   83.1  1879  104.0  1944   99.1  1906   96.6  1972   250.1  1951   184.6  1968   230.0  1953   268.6  2009   884.7  1894
   95.2  1868   72.5  2016   69.8  1933   63.0  1878   64.8  1899   70.1  1972   79.2  2015   87.0  1923   82.6  1887  103.7  1961   97.2  1881   96.4  1956   247.9  1957   183.2  1988   229.8  1900   268.2  1886   884.4  1914
   94.8  1972   71.7  1931   68.9  1954   62.9  1973   64.5  1916   69.9  2011   78.9  1938   86.9  1921   81.5  1956  102.8  2014   96.0  2006   96.1  1955   247.7  1904   182.6  1952   229.6  1965   267.6  1952   881.9  1937
   93.6  1890   71.3  1960   68.8  1952   62.9  1923   64.2  1910   68.4  1894   78.9  1891   86.5  1997   80.0  1892  100.7  1874   93.4  2003   96.1  1958   244.9  1999   182.0  1930   229.5  1982   266.4  1993   880.1  1881
   93.5  1895   71.0  1927   68.6  1873   62.4  2016   64.2  1985   67.8  1881   78.3  2021   85.7  1928   79.1  1868   99.7  1945   93.4  1936   93.1  2009   244.5  1913   182.0  1975   228.7  1895   266.3  1963   878.6  1879
   92.5  1942   70.8  1926   68.2  1977   62.3  1964   64.0  1948   67.3  1956   77.0  1993   85.7  1979   78.7  2001   99.1  1895   93.4  1972   92.5  1982   242.6  1986   181.1  1965   226.8  1928   265.7  1906   878.6  1883
   91.5  2015   70.0  1936   67.4  1999   62.3  1979   63.9  1926   67.0  1990   76.5  1908   85.4  1908   78.5  2010   96.9  1952   91.5  2010   92.3  1881   242.4  1894   178.9  1989   226.4  1963   264.2  1994   878.1  1982
   91.4  1977   68.6  1972   67.2  1895   61.9  1972   62.9  1872   66.9  1896   76.1  1873   85.3  1924   78.0  1943   96.5  1940   91.2  1927   91.3  1937   241.6  2002   178.7  1941   226.1  1871   261.5  1928   874.6  2009
   91.2  1959   68.6  1945   66.7  1991   61.7  1968   62.2  1923   66.6  2003   75.0  1862   84.6  1980   75.6  1862   95.1  1913   91.0  1977   91.2  1961   239.3  1867   178.1  2002   222.9  1915   261.3  1980   874.5  1936
   90.4  2018   68.1  1865   66.6  1965   61.5  1901   62.0  2008   66.0  1902   74.4  1946   84.1  1902   75.0  1923   94.6  1925   89.8  2018   90.6  1942   239.2  1941   178.1  1914   222.7  1873   260.6  1865   873.9  1992
   89.3  1965   67.5  1919   66.5  1868   60.7  1987   61.9  1913   64.9  1965   74.1  1889   83.7  2019   74.2  1922   94.6  2008   86.6  1885   90.5  2003   239.0  1946   177.9  1905   221.9  1920   259.5  1869   869.7  1918
   88.9  1883   67.4  1928   66.4  1934   60.6  1991   60.8  1915   64.6  1910   73.1  1987   81.8  1895   74.2  1864   93.2  1900   86.5  1952   89.9  1990   238.0  2003   175.7  1898   218.8  1974   258.8  1965   867.0  2015
   88.5  1904   67.1  1906   65.6  2013   60.2  1939   60.5  1962   63.6  1917   72.6  1866   81.8  1874   74.1  1953   92.9  1990   86.1  1991   89.4  1923   237.3  1950   174.0  2007   217.5  1998   257.6  1878   862.5  2001
   88.3  1865   65.4  1940   64.5  1901   59.8  1949   60.4  1894   63.4  1947   72.6  1966   80.0  1894   73.7  2006   91.7  1933   84.9  1886   89.3  1951   237.1  2018   173.6  1934   216.3  1862   256.2  2013   862.2  1948
   88.2  1983   65.0  1877   62.5  1959   59.5  1919   60.0  1984   63.1  1888   71.0  1923   79.8  1942   73.4  1951   90.3  1912   84.9  1865   88.6  1925   237.0  1967   173.5  1885   212.8  1941   255.9  2001   859.3  2021
   85.7  1969   64.5  1961   62.4  1995   59.0  1897   59.9  1952   62.8  1953   70.4  2019   79.7  1938   73.1  1882   89.8  1993   84.4  1874   88.6  2021   234.0  2010   172.6  1888   209.3  1883   255.9  2020   858.4  1925
   83.5  1951   63.9  1899   62.0  1922   58.2  1981   59.7  1994   61.2  1974   70.3  1904   78.9  1982   71.1  1973   89.7  1942   84.3  1864   88.0  1916   232.3  1885   172.5  1899   209.0  1938   253.8  1894   858.1  1909
   83.1  1903   63.2  1969   62.0  1917   58.0  1909   58.7  1949   61.0  1916   70.3  1881   78.8  1863   70.5  1961   89.6  1878   83.8  1971   87.6  1884   232.0  1991   172.3  2021   208.2  1907   251.1  1925   854.3  1862
   82.9  1991   61.8  2017   61.9  1971   57.9  1868   58.6  1976   60.8  1944   69.6  1941   78.8  2001   69.0  1931   88.3  1994   83.2  1880   87.6  1946   231.5  1881   171.9  1912   207.6  2011   245.4  1870   853.2  1920
   82.8  1910   59.2  1991   61.2  1884   57.6  1965   58.4  1890   60.3  1973   68.7  1974   78.5  1904   68.6  1982   87.7  1986   82.8  1913   87.5  1935   231.1  1956   171.9  1955   207.2  1905   243.7  2005   852.3  1922
   82.7  1918   58.5  1988   61.1  1985   57.3  1885   58.1  1892   60.3  1939   68.5  1942   78.2  2011   67.9  1909   86.5  1984   82.3  1891   87.2  1945   229.4  1875   171.7  1923   207.0  1999   243.2  1911   847.0  1869
   82.3  2009   58.3  1871   60.9  1866   56.6  1898   57.2  2017   59.3  1993   68.2  1985   77.9  1925   67.1  1948   86.5  1910   82.2  1900   86.3  1964   226.0  1931   170.6  1879   206.8  2015   243.0  2010   846.9  1865
   82.2  1924   58.3  1867   60.8  1984   56.0  1886   56.9  1965   59.2  2008   68.2  1944   77.7  1953   66.1  1908   86.3  1974   81.9  1923   86.2  2007   225.2  1870   170.1  1917   205.7  1863   242.7  1881   846.8  1977
   82.2  1958   58.1  1979   60.0  1983   55.9  1918   56.2  1917   59.0  1978   68.0  2001   77.5  1943   66.0  1963   86.3  1883   81.7  2008   86.1  1981   224.2  1962   169.1  2004   205.7  1897   241.6  1871   846.7  1987
   81.4  2002   57.9  1955   59.7  1957   55.1  1927   56.0  1941   58.8  1924   67.8  2003   77.4  1898   65.4  1881   85.6  1968   80.0  1898   85.9  1977   222.8  1969   168.4  2013   205.3  2014   237.8  1999   845.5  1919
   81.3  2003   57.9  1884   59.2  1930   54.8  1880   55.9  1930   57.7  1906   67.6  1970   77.3  1872   65.1  1877   85.1  1868   79.7  1887   85.1  1976   222.0  1998   168.0  1891   204.9  2002   237.8  1966   845.1  2006
   80.1  1941   57.7  1911   58.8  2010   54.5  1940   55.7  1912   56.3  1876   67.0  1925   75.8  1996   64.9  1878   84.3  1989   79.7  1980   84.9  1930   220.2  1911   168.0  1922   203.5  1902   237.4  1895   842.2  1988
   79.3  1927   57.3  1912   57.7  1942   53.8  1952   55.6  1873   56.0  2004   66.7  2004   75.4  1988   64.0  1873   83.8  1988   79.0  1979   83.9  1954   219.2  1865   166.2  1927   203.0  1973   237.3  1936   834.1  1984
   79.1  2013   57.2  1882   56.2  1970   53.8  1944   55.5  1953   55.8  1920   66.4  1969   75.2  1876   63.8  1867   83.7  1873   78.8  1866   83.9  1898   218.5  2015   165.9  2019   202.1  1986   237.1  1913   833.0  1970
   78.6  2011   56.0  1918   56.2  2007   53.3  1969   54.8  1964   55.5  1885   66.2  2020   75.1  1961   62.8  2005   83.0  1911   77.1  1976   83.6  1893   218.3  1892   163.9  1940   201.8  1944   236.5  1899   830.8  1868
   78.2  1894   54.3  1892   55.9  1911   53.1  2014   54.8  1999   55.3  1914   64.8  1961   74.9  1919   62.5  2016   81.6  1867   76.8  1994   83.6  1920   218.1  1955   163.7  1977   200.8  1978   234.2  1957   830.5  1932
   76.2  1955   53.9  1874   54.8  1932   52.9  1903   54.8  1908   55.1  1873   64.5  1947   74.7  1970   62.2  1934   81.4  1930   76.7  1941   82.4  1998   217.6  1983   163.6  1978   200.7  1945   232.6  1907   825.3  2017
   75.5  1932   53.8  1903   54.8  1890   52.8  1894   54.3  2009   54.9  2009   64.2  1926   72.9  1934   62.0  1970   81.1  1893   76.5  1998   82.1  1874   216.7  1938   163.2  1962   200.3  1926   230.5  2004   823.2  2016
   75.1  1946   53.7  1889   54.4  1936   51.9  1917   54.0  2012   54.6  1943   64.2  1991   72.9  1944   61.6  1886   80.8  1926   76.3  1869   81.5  1866   214.9  1887   163.1  1864   199.9  1914   230.1  1995   822.4  1944
   75.0  1979   53.4  1870   54.1  1939   51.8  1888   53.4  1918   54.5  2002   64.1  1980   72.8  1915   61.0  1884   80.2  1992   76.0  1863   81.5  1870   214.3  1879   161.7  1902   199.6  1916   228.9  1961   821.7  1926
   74.8  1945   52.6  2009   53.4  1968   51.5  1895   53.2  1988   53.6  2005   63.0  2005   72.5  1909   60.9  1891   80.0  1881   75.0  1899   80.8  1936   212.7  1906   161.4  2005   199.6  1867   228.8  2015   821.7  1969
   74.4  1952   52.5  2015   52.6  1891   49.3  1971   52.6  1933   53.4  1933   62.2  1929   72.5  1967   60.9  1980   77.8  1877   74.9  2005   79.4  1995   210.4  1996   160.4  1868   199.6  2016   227.7  1958   821.5  1906
   74.1  2020   52.5  2006   52.0  1967   48.5  1948   51.7  1947   53.3  1989   61.8  1917   72.4  2017   60.8  1942   76.4  1943   74.5  1966   79.2  1969   208.7  1945   160.0  1959   199.2  1951   225.6  1887   820.1  1897
   72.8  1944   51.6  1987   51.6  1921   48.2  1866   51.4  2016   53.0  1969   61.2  1901   72.0  1888   59.8  1920   76.4  1959   73.7  1995   79.0  1952   208.2  1868   159.9  1904   197.6  1908   224.3  1909   817.7  1907
   71.5  1947   51.5  1984   50.7  2020   47.1  1977   51.2  1864   50.9  1898   61.1  1945   71.2  1882   59.4  2018   75.2  1958   72.1  1987   77.8  1895   207.9  1947   159.0  1894   197.1  1977   223.6  1862   817.4  1978
   71.2  1925   50.9  1864   50.5  1882   46.5  2002   51.1  1875   50.4  1938   61.0  2010   69.3  1965   59.2  1913   74.5  1941   71.7  1907   76.5  1927   206.4  1975   158.3  1970   194.6  2010   222.3  2014   816.7  1940
   70.6  1980   50.7  1868   50.3  1869   46.1  1936   51.1  1929   49.6  1952   60.8  1975   68.8  1939   58.5  1991   74.5  1999   70.4  1985   75.8  1928   205.8  1882   158.0  1973   191.6  1918   221.7  1868   815.4  1885
   70.6  1934   49.8  1908   50.0  2021   45.8  1978   50.9  1950   49.0  1891   60.7  1892   67.7  1969   58.5  1987   74.3  1937   70.1  2007   75.4  1949   203.9  1987   158.0  1901   188.9  1889   221.3  1996   814.0  1957
   70.1  1968   48.9  2004   49.9  1904   45.1  1869   48.5  1887   47.8  2021   60.7  1919   67.6  1987   58.3  1945   74.0  1983   69.1  1912   74.6  2014   202.8  1902   157.8  1871   187.8  2001   220.7  1917   813.7  1867
   69.9  2001   48.9  1939   49.8  1906   44.5  1946   48.4  1977   47.7  1957   60.6  1959   67.5  1994   58.3  1937   73.8  1899   68.5  1967   73.9  1968   202.6  1903   157.0  1971   187.0  1969   220.3  2021   813.0  2013
   69.7  1874   48.9  1947   49.2  1955   44.1  1911   48.3  1882   47.3  1901   60.3  2000   67.1  1862   57.4  1938   73.6  1996   68.2  1919   73.5  1957   201.7  1901   156.7  1933   186.8  1993   218.9  1986   809.2  1985
   69.4  1931   48.8  1981   49.1  2014   44.1  1996   48.3  2011   47.0  1960   60.2  1937   67.1  1929   56.6  2021   73.2  1934   68.0  1924   72.8  1992   199.0  1908   155.7  1954   183.9  1893   217.0  1931   808.9  1938
   68.8  1985   48.7  2018   48.6  1870   43.9  1967   48.2  1996   46.6  1864   59.4  2011   66.4  2018   56.1  1911   73.1  2010   67.9  1947   71.4  1862   198.6  1972   155.6  1949   182.3  1943   215.2  1943   807.3  1929
   68.1  1862   48.0  1898   48.5  2015   43.8  1902   47.6  1963   46.3  2014   59.0  1907   65.8  1907   54.8  1988   72.2  1871   67.5  2017   71.0  1947   197.8  1884   155.0  1982   181.9  1970   215.2  1864   803.9  1961
   67.2  2010   47.7  2019   48.4  1902   43.7  1874   46.3  1883   44.4  1981   56.5  1962   65.8  2002   54.6  1933   70.8  1902   67.0  1915   70.7  1906   197.6  2012   154.6  1910   181.2  1991   214.5  1888   801.9  1952
   66.9  1982   46.9  1873   48.3  2005   43.4  1884   45.9  1971   44.1  1950   56.4  1967   65.4  1945   54.6  1905   68.5  1979   66.6  2013   70.6  1921   197.0  1863   154.0  1890   178.6  1904   214.2  1905   800.5  1983
   65.8  1887   45.8  1953   48.2  2004   43.0  1883   45.4  1987   42.8  1984   55.8  1933   64.7  1968   54.3  2011   68.4  1955   66.6  1893   70.3  1894   196.4  1959   153.8  2015   176.5  1923   214.2  1873   799.1  1888
   64.8  1957   45.8  2005   46.7  1923   42.8  1904   45.3  1921   42.4  2000   55.2  1998   64.3  2016   53.8  1893   68.2  1948   66.5  1873   69.6  1980   195.8  1924   153.3  1950   176.3  1961   214.0  2018   798.7  1917
   63.9  2012   44.2  1878   46.7  2002   42.5  2006   45.1  2005   41.9  1959   55.1  2013   62.5  1867   53.5  1889   67.7  2009   66.4  1925   69.6  1984   194.6  1982   151.7  1906   176.3  1962   212.7  2017   796.8  1871
   63.8  1940   44.1  1999   46.2  1960   42.1  1916   45.0  2018   41.6  1884   53.5  1902   62.3  1978   53.2  2004   66.7  1971   66.1  1975   69.4  1974   193.4  1871   150.6  1926   176.2  1952   212.0  1910   795.4  2018
   63.6  1879   43.8  1968   45.7  1894   40.8  1890   44.6  1992   41.6  1934   53.3  1949   61.6  1926   52.9  2013   66.5  1927   66.1  1993   68.0  1877   193.3  2009   150.4  1866   175.7  1876   209.8  1898   791.7  1963
   63.1  1878   43.2  1948   45.4  1885   40.3  1891   43.8  1900   41.6  1929   52.8  1981   61.4  2000   52.1  1978   66.4  1953   65.5  1902   67.9  1940   192.7  1933   148.6  1958   174.8  2021   209.2  1983   790.6  1956
   62.8  2017   42.9  1907   45.1  1887   40.3  2003   43.7  1975   41.0  2001   52.2  1972   59.5  2009   50.9  2015   66.0  1957   65.0  1962   67.8  1899   191.7  1965   148.3  1946   174.6  2005   209.1  1991   785.0  1913
   61.0  1885   42.0  2013   44.6  1880   39.9  1960   43.7  1995   40.7  1867   52.1  1928   59.4  1875   50.0  1917   65.9  1915   64.2  1968   67.3  1904   191.6  2011   147.3  1873   174.1  1884   208.7  1912   784.0  1895
   60.2  1933   41.6  1982   44.4  1958   39.7  2009   43.1  1881   40.4  1899   51.9  1963   58.8  2013   49.8  1926   64.8  2018   64.2  2020   66.8  1967   191.3  1893   147.3  1881   174.1  1896   207.6  1914   783.1  1997
   58.7  1891   41.0  1992   42.6  1974   39.7  1900   43.0  1957   40.3  1877   51.6  2014   58.7  1896   49.3  1912   64.4  1991   63.4  1981   66.2  1962   188.1  1921   146.9  1928   171.4  1932   203.4  1900   779.5  1972
   58.5  2005   40.6  1943   42.1  1976   38.8  1941   42.7  1893   40.2  1986   50.3  1916   58.2  1906   48.8  1916   63.8  1901   62.1  1953   66.2  1908   185.8  1952   145.7  1948   170.8  1929   202.5  1953   776.2  1941
   57.9  1917   40.4  1875   41.5  1865   38.6  1945   42.7  1914   39.7  1970   50.2  1943   58.1  1901   48.7  1904   63.3  1887   61.7  1901   65.7  1902   184.9  1993   145.7  1939   170.4  1886   202.2  1889   772.3  1911
   57.5  1870   40.1  1920   41.0  2009   38.3  1988   42.7  2004   39.3  1937   49.7  1986   58.0  2005   47.8  1966   62.8  2011   61.3  1903   65.3  1944   184.5  1898   145.4  1953   168.6  1964   201.4  1893   766.9  1863
   56.9  1996   39.8  1901   40.6  1907   37.9  1956   42.5  1982   39.2  1967   48.5  1896   57.8  1973   47.7  2020   62.6  1919   60.8  1943   64.1  1888   184.3  2019   144.8  1865   168.1  1967   199.2  2016   764.8  1874
   56.4  1882   38.4  1944   39.9  1874   37.3  1942   42.3  2019   38.4  1865   47.7  1951   57.4  1893   47.5  1919   62.5  1918   60.8  1918   62.8  1864   182.5  1940   144.7  1935   167.3  1935   198.8  1990   764.8  1892
   56.0  1967   38.3  1949   39.7  1962   37.3  1928   41.9  1978   37.7  1922   47.0  1997   57.4  1918   47.4  1940   62.4  1997   60.7  1892   62.3  1867   180.7  1968   144.7  2017   167.2  1942   195.8  1975   764.4  1899
   55.5  1954   37.8  2008   39.1  1871   36.8  1990   41.3  1866   37.6  1895   46.8  1899   57.3  1935   47.2  1990   61.5  1914   60.6  1870   62.3  1950   179.5  1918   144.2  1945   167.1  1919   194.1  1997   764.1  1934
   55.4  1897   37.6  1976   37.9  1996   36.6  1864   40.6  1960   37.6  1988   46.7  1900   55.5  1914   47.2  1955   61.1  1869   59.6  1921   62.0  1903   177.2  1971   142.6  1918   166.5  1901   193.3  1959   759.9  1889
   55.0  1976   37.2  1902   37.6  1898   36.2  1887   40.6  1909   37.2  1979   46.4  1964   54.9  1984   46.7  1870   60.4  1876   58.6  1990   61.6  2005   175.3  1878   141.1  1991   164.1  2000   192.5  1942   758.5  1896
   54.4  1981   36.9  1983   37.1  1949   35.3  2019   39.8  2001   36.5  1961   44.3  1876   53.8  2007   45.7  1947   60.3  2015   58.6  1897   61.3  1973   175.0  1973   139.0  2003   157.7  1874   192.2  1962   757.4  1942
   53.8  1923   36.7  1973   37.0  1878   34.6  1943   39.3  1863   36.4  2010   43.2  1934   52.8  1989   45.3  1949   59.4  1920   57.7  2001   60.4  1878   174.9  1895   138.9  1884   157.7  1934   191.5  1933   755.6  1943
   53.6  1871   36.3  1888   36.3  1883   34.4  1875   38.2  1928   35.7  1908   42.8  1994   51.7  1885   44.2  1894   58.7  1977   57.5  1957   59.9  1887   173.9  1949   137.4  1961   155.7  1979   190.9  1934   755.2  1990
   52.7  1893   34.9  2003   35.8  1950   34.3  1933   38.0  1934   35.6  2013   41.5  1874   51.5  1870   44.0  2007   58.7  1905   57.5  1868   59.5  1871   173.7  1876   136.5  1980   155.3  1972   188.1  1890   753.3  1873
   51.5  1966   33.3  1962   35.2  1946   33.4  1863   37.4  1940   35.6  1992   41.4  1971   50.5  1993   43.9  1901   58.5  1936   56.0  1955   58.9  2004   173.6  1917   136.5  1911   153.1  2006   185.9  1977   751.8  1995
   49.4  1916   32.1  1913   34.6  1915   33.3  1892   36.7  1870   35.3  2015   41.2  2006   50.4  1911   43.3  1914   56.8  1864   55.8  1999   58.3  2008   173.3  1890   135.6  1880   153.0  1898   184.9  1948   750.5  1945
   47.3  1908   32.0  1905   34.0  2000   33.3  1915   36.5  1911   34.9  1893   40.7  1948   49.7  1887   42.3  1985   56.2  1963   55.5  1934   57.6  1863   172.8  1981   135.5  1895   150.7  2003   184.2  1979   745.7  2005
   47.2  1901   31.7  1971   34.0  1899   31.4  2013   36.5  1897   34.6  1913   40.2  1996   49.3  1949   40.7  1890   55.6  1866   54.8  1904   54.4  1889   171.9  1927   135.0  2009   149.5  2013   183.3  1988   740.7  1959
   46.4  2000   30.2  1963   33.3  1863   31.0  1921   36.3  1974   34.5  1930   39.8  2016   49.0  1975   39.7  1902   54.2  1964   54.7  1961   53.3  1939   168.9  1914   133.5  1943   149.2  1925   180.9  1897   736.7  1989
   46.2  1892   29.9  2012   33.3  1918   30.5  1881   36.2  1880   34.4  1874   36.4  1989   48.7  2021   39.3  1969   53.9  2017   53.4  1932   52.1  1987   168.3  1997   131.1  1984   147.5  1906   180.0  1937   736.0  1947
   44.7  1929   29.2  1964   33.3  1948   30.5  1914   36.1  1868   32.8  1869   36.0  2018   48.1  1964   39.2  1915   52.6  1956   52.8  1989   51.8  1996   167.7  1886   131.0  1995   143.1  1940   178.7  1969   735.8  1890
   44.2  1992   29.1  1938   32.7  2003   30.4  1929   35.3  1944   32.7  1941   35.8  1983   47.3  1886   38.9  1972   51.6  2003   52.7  1917   51.7  1865   166.0  1942   130.3  1896   142.6  1996   178.4  1919   732.1  1904
   42.8  1914   29.0  1942   32.7  1966   29.1  2020   34.9  1961   32.6  1983   35.6  1887   46.3  1932   37.5  1989   51.3  1970   52.1  1964   49.1  1913   163.4  1985   130.1  1996   142.5  1989   178.0  2003   732.1  1971
   42.7  1876   27.6  1975   32.6  1924   27.9  1958   34.3  1874   32.2  1870   34.3  1995   46.3  1998   36.7  1979   49.8  1973   50.7  1978   48.0  1970   163.3  2005   129.8  1887   142.4  1994   176.1  1902   731.7  1976
   42.0  1864   27.6  1917   31.8  1879   27.9  1955   34.3  1884   32.1  1994   33.7  1870   43.2  1990   36.1  1977   47.8  1908   49.6  1948   47.5  1943   160.8  1954   128.7  1915   141.7  1990   175.0  1945   730.8  1962
   41.8  1973   27.0  1909   30.1  1945   27.7  1896   33.1  1998   31.6  1932   33.6  1982   43.1  1920   34.9  1921   47.4  1995   48.7  2011   45.5  1991   160.1  2017   128.0  1921   139.5  1947   174.7  1989   729.8  1908
   41.4  1935   25.8  1929   29.4  1925   27.3  1906   33.1  1927   31.6  1919   33.6  1878   42.5  1883   34.5  2002   46.9  1890   48.7  1958   44.5  1941   158.7  1944   127.2  1936   139.4  1981   174.4  1867   726.5  2010
   39.8  1909   25.4  1890   28.4  1892   25.8  2015   32.2  1888   31.4  1951   32.8  1979   42.3  1884   33.9  1888   46.1  1921   47.4  1937   44.4  1875   157.6  1989   126.8  1960   138.6  1933   173.0  1971   719.0  1991
   39.3  1989   25.4  1956   28.2  1956   24.9  1995   32.0  1901   30.2  1915   32.4  1913   42.3  1981   32.9  2003   45.0  2007   46.9  1884   44.3  1883   154.0  1953   125.5  1883   138.0  1937   172.1  1915   716.1  1949
   38.6  1902   25.0  1985   27.8  1900   24.5  2010   31.4  1939   29.8  1904   32.2  1905   40.3  1871   32.1  1964   44.9  1884   46.9  1983   44.1  1975   151.9  1889   119.9  1976   136.7  1911   171.6  1955   712.8  2011
   38.5  1911   24.7  1930   27.7  1997   24.3  1865   31.3  1922   29.3  1886   31.7  1952   40.1  1869   32.0  1939   41.1  1888   46.5  2004   43.1  1932   150.5  1864   119.8  1892   136.6  1959   169.5  1901   708.0  1901
   38.1  1949   24.2  1924   26.7  1910   23.2  1873   30.5  1935   28.2  1918   31.6  1990   39.4  1913   30.3  1906   40.3  1985   45.2  1933   41.5  1892   146.8  1907   117.9  1874   135.3  1868   168.9  1941   707.0  1884
   37.7  2019   23.9  1863   26.4  2012   22.2  1997   29.5  1871   26.7  1996   31.6  1906   38.5  1937   30.0  2009   38.0  1950   44.9  1973   40.7  1917   146.8  1874   117.7  1997   130.2  1885   165.9  1973   704.4  1898
   35.6  1950   23.6  1887   24.9  1875   20.7  1982   29.5  2010   24.6  1889   30.5  1897   37.8  1880   29.9  1928   37.4  1897   44.7  1988   40.6  1988   146.4  1929   112.8  2010   129.5  1975   165.8  2011   701.8  1955
   34.1  1898   23.1  1896   23.9  1993   20.2  1870   27.5  1980   24.0  2006   30.4  1863   35.0  1864   29.7  1996   37.1  1904   44.1  1908   40.0  1931   144.0  2006   112.1  1957   128.0  1955   163.2  1956   689.2  1905
   34.0  1889   22.7  1862   23.2  1943   19.1  1976   26.7  1936   21.8  1995   29.4  1976   34.1  1959   29.2  1997   36.4  2016   43.5  1922   39.4  2001   136.7  1976   111.3  1900   123.1  1984   162.8  1972   688.3  1975
   33.3  1907   22.3  1886   23.0  1935   17.6  2017   25.1  1919   20.1  1940   27.3  1955   33.3  1899   27.9  1900   35.3  1879   42.0  1942   36.6  1879   133.1  1896   110.4  1875   122.1  1921   159.4  1920   685.6  1893
   32.7  1881   22.1  1952   22.2  1926   16.8  1980   24.6  1959   19.7  1975   25.4  1984   32.9  1972   25.3  1986   35.3  1946   40.1  1920   36.5  1885   133.0  1909   106.1  1863   121.1  1949   159.1  2007   684.9  1953
   32.6  1888   19.5  1998   21.8  1953   13.2  1974   23.1  1970   18.9  1942   25.0  1921   31.3  1936   24.3  1895   34.5  1962   39.0  2021   35.6  2016   131.3  1880   105.5  1870   120.5  1899   158.0  1908   682.8  1902
   32.2  1896   18.0  1986   21.2  1973   13.2  1954   22.8  1990   18.5  1887   24.7  1898   29.4  1933   23.7  1898   31.9  1922   36.5  1871   35.2  1971   130.8  1992    99.6  1944   117.4  1870   153.1  1985   676.8  1996
   31.2  1905   16.1  1965   20.4  1990   11.6  2011   22.1  1905   18.5  1949   24.3  1864   26.6  1983   23.6  1929   31.2  1931   36.1  1889   35.1  2010   130.5  1905    92.2  1974   117.0  2018   152.8  1884   674.2  2003
   29.9  2006   13.9  1993   19.6  1931   11.0  2021   21.9  1956   18.4  1923   23.8  1999   26.6  1976   22.5  1971   31.2  1975   35.1  1896   32.1  1953   128.8  1888    89.4  2020   106.4  1913   151.3  1879   666.7  1973
   29.1  1953   11.1  1934   19.3  2011   10.6  2007   20.9  1876   17.4  1976   23.4  1977   26.4  1991   18.9  1907   30.5  1972   32.9  1879   30.5  1890   124.8  1963    89.3  1929   105.9  1864   149.6  1922   660.5  1870
   28.4  1987   11.0  1895   15.6  1938   10.3  1984   19.3  1989   17.2  1868   22.9  1885   26.2  1955   17.7  1941   30.2  1951   31.1  1862   27.4  1963   124.8  1932    88.9  1938   103.8  1887   140.6  1921   657.8  1933
   28.4  1963    9.3  1932   15.3  1893    9.4  1957   16.9  1895   15.6  1962   22.2  1935   16.3  2003   15.6  1910   29.2  1965   29.1  1956   26.7  1905   103.1  1934    87.9  1956    95.1  1983   140.6  1904   653.6  1964
   25.5  1964    9.1  1959   13.9  1961    8.8  1893   13.8  1991   14.6  2018   21.0  1869   16.2  1940   15.0  2014   17.5  1947   29.0  1867   23.1  1873    92.6  1891    80.0  1990    93.9  1869   138.4  1964   640.0  1864
   14.7  1880    8.5  1921   10.6  1944    7.8  1912   11.2  1896   10.3  1921   18.6  1868   11.6  1947   11.7  1865   16.6  1978   29.0  1909   21.6  1926    82.0  1964    79.1  2011    73.4  1976   131.1  1947   608.3  1887
   14.2  1997    3.4  1891    7.8  1929    6.7  1938    9.6  2020    4.3  1925   13.2  1911    9.7  1995    7.9  1959   16.2  1969   17.0  1945   21.4  1933     ---  1862    66.8  1893    65.8  1995   119.5  1978   565.8  1921