Areal values from HadUK-Grid 1km gridded climate data from land surface network
Source: Met Office National Climate Information Centre
Monthly, seasonal and annual total precipitation amount for England E and NE
Areal series, starting in 1862
Last updated 01-Jan-2022 10:59
    jan  year    feb  year    mar  year    apr  year    may  year    jun  year    jul  year    aug  year    sep  year    oct  year    nov  year    dec  year     win  year     spr  year     sum  year     aut  year     ann  year
  167.4  1948  141.8  2020  125.4  1981  141.2  2012  128.8  1967  181.3  2007  156.9  1940  172.9  1956  159.1  1976  205.5  1903  152.2  1951  178.1  1978   343.1  1877   279.6  1979   366.5  1912   386.6  2000  1120.1  1872
  137.1  2008  132.6  1900  124.1  1947  138.5  2000  116.1  1932  148.0  1997  141.3  1930  169.9  1917  141.3  1918  167.0  1960  151.1  2000  175.0  1876   335.1  2021   259.6  1983   344.7  1956   364.2  1872  1043.4  2012
  132.0  2021  113.6  1941  120.0  1979  121.6  1998  112.8  1924  141.6  2012  140.5  1880  166.3  2004  135.6  1965  155.3  1892  148.3  2009  156.6  1868   321.2  2016   257.1  1981   338.4  2007   356.4  2019   999.7  2000
  126.2  1939  112.9  1966  114.9  1909  102.8  1993  110.7  1979  130.4  1982  138.9  1888  143.3  1927  133.8  1944  146.2  1865  140.1  1875  152.6  1915   317.2  1915   254.9  1920   326.2  2012   354.4  1903   965.6  1903
  126.1  1960  110.3  1923  105.6  1916  100.7  1882  104.5  2014  129.3  1912  135.0  1895  139.4  1954  131.9  1871  141.9  1880  140.0  1946  147.4  1914   310.3  1900   250.6  1947   320.9  2004   345.7  1935   955.3  1882
  120.5  2016  107.4  1950   93.7  2018  100.3  1983  101.3  1886  126.2  1980  133.7  2009  136.9  1878  127.5  1883  141.5  1907  133.1  1878  147.3  2015   304.8  1869   246.3  1998   317.3  1927   345.7  1944   951.8  2008
  118.9  2014  105.6  2002   93.5  1897   96.5  1920   99.6  1951  116.0  2019  133.1  1988  135.6  1912  127.4  1880  141.2  1906  132.7  1984  130.7  1929   303.9  1960   243.7  2000   311.3  1931   345.1  1880   946.3  1960
  116.6  1895  104.3  1958   93.4  1888   96.1  1877   99.0  2021  115.8  2017  121.0  1922  134.9  1900  121.7  1968  140.5  1896  132.6  1965  128.0  2012   292.3  1916   242.4  1937   303.2  1879   341.6  1960   932.6  1877
  116.5  1928  101.5  1977   93.2  1862   95.1  1986   98.9  1983  108.2  1882  119.6  1915  134.2  1877  119.9  1927  140.5  1976  131.8  1944  123.7  1979   288.3  1979   240.8  1986   293.1  2008   338.2  1976   926.1  1912
  113.1  1984   99.5  1990   92.2  1980   87.8  2001   97.4  1907  107.8  1998  114.1  2007  133.7  1881  117.9  1872  136.1  1870  130.1  1950  120.2  1901   287.0  1995   240.5  1951   285.2  2019   328.0  1875   925.3  2019
  108.8  1956   98.6  1916   91.7  1951   87.1  1931   96.1  2006  105.7  1928  110.7  1879  127.6  1951  116.7  1935  133.3  1885  128.5  2019  118.3  2020   277.9  2014   235.5  1932   284.5  1930   314.7  1954   922.1  1900
  108.5  1945   96.3  2001   91.3  1999   86.6  1966   94.4  1869  104.9  1948  109.7  1931  122.0  1986  114.0  1993  126.3  2004  127.2  1969  116.6  1909   274.1  1980   232.3  1886   281.0  1980   299.7  1965   918.8  1954
  107.6  1995   96.0  1933   90.9  1913   84.4  1871   91.9  1878  100.9  1911  109.5  1872  117.9  1891  112.4  2000  124.8  1882  126.8  1963  116.1  1934   273.5  1939   230.4  1969   279.9  1881   295.8  1984   910.0  1930
  106.9  2004   91.6  1915   90.2  1964   84.4  2004   89.9  1899  100.5  1931  109.5  1920  117.5  1971  110.8  1866  123.2  1889  124.6  1872  115.5  1896   270.4  1910   228.8  1889   277.6  1872   293.1  2012   907.8  1880
  106.7  1936   91.1  1937   89.3  1908   83.5  1947   89.2  1954  100.4  1879  108.9  1886  116.4  1963  110.3  2019  123.1  2000  122.3  1954  114.4  1911   270.3  1977   228.6  1877   276.3  1997   283.6  1896   906.4  1886
  106.3  1877   90.6  1925   85.9  2006   83.4  1934   89.2  1906   95.6  1987  107.9  1960  114.1  1921  107.7  2008  123.1  2002  119.9  1888  113.9  1882   267.0  1990   226.6  1913   272.0  1895   281.3  1946   906.0  1876
  103.2  1943   90.4  1881   84.7  1992   81.7  1867   88.6  1986   93.4  1892  106.9  1875  113.7  1966  105.8  1946  121.7  1872  118.6  2010  112.3  1959   264.9  1948   224.8  2012   269.6  1882   280.9  1883   905.8  1927
  103.1  1988   90.2  1894   84.2  1987   81.6  1876   87.4  1969   93.0  1958  106.1  2008  111.4  1948  105.6  1981  121.0  1967  117.1  1935  111.5  1937   264.2  1883   223.6  1916   266.7  2020   276.3  1882   902.5  2002
  102.3  1863   87.0  1997   83.6  1919   78.4  1872   87.3  1937   92.5  1926  103.5  1871  111.0  2008  103.1  1984  119.9  1894  116.4  2015  110.0  1886   263.4  1994   221.7  1909   266.4  1958   274.7  1968   890.4  1916
  101.9  1886   86.4  1893   83.5  1876   77.9  2005   87.0  1925   89.8  2020  102.7  1973  110.9  2020  103.1  1876  119.7  1900  113.7  1905  108.9  2002   263.0  1941   221.0  2006   262.5  1946   274.1  1885   889.5  1881
   99.5  1978   84.8  2021   82.6  2019   77.7  1889   83.3  1976   89.2  1936  102.7  1968  110.3  1946  102.4  1896  118.4  1954  112.1  2012  108.8  1938   261.9  1984   218.9  1862   262.3  1888   269.4  1950   887.3  1951
   98.8  1961   84.3  1991   82.0  1937   77.1  2008   82.7  2015   87.9  1894  102.5  1883  108.1  1890  101.3  1950  118.4  1939  110.7  1970  108.2  1986   258.1  1930   214.5  1967   262.2  2017   269.2  1927   884.9  1998
   98.4  1994   82.3  2011   81.8  1903   75.2  2018   82.2  1892   84.5  1927  101.6  1912  107.1  2006   99.3  1869  117.9  1998  110.4  1901  106.8  1983   257.4  1966   213.0  1908   260.7  1966   267.5  2010   880.6  1965
   98.2  1921   82.1  2014   80.2  1941   75.1  1935   81.6  1865   84.0  1999  100.7  1884  104.9  1950   98.4  1995  117.5  2019  107.9  1940  106.3  1870   256.6  1935   210.4  1872   260.5  1900   267.4  1967   873.7  2004
   97.4  1999   81.9  1935   78.3  1872   75.1  1913   81.5  1993   83.9  1883  100.2  1958  104.6  1930   96.5  1957  117.0  1898  106.9  2002  106.0  1869   252.3  2020   204.9  1899   258.1  1954   266.8  1974   871.3  1966
   97.0  1900   81.2  1995   77.5  1886   74.8  1970   81.0  1920   83.9  2003   99.7  1936  103.7  1980   95.4  1952  116.7  1886  106.1  1890  104.2  1993   251.9  1912   204.6  1999   257.7  1877   261.3  1881   869.9  1931
   96.7  1977   81.0  1910   77.4  1920   74.4  1898   79.2  1958   83.2  1963   97.6  1866  102.5  1957   95.2  1930  116.1  1987  105.8  1959  102.5  1891   251.5  1956   203.6  1882   255.9  1909   261.0  2002   856.7  1950
   96.7  1884   77.4  1936   76.0  2008   73.1  1937   78.1  1938   82.9  1907   96.5  2012  102.5  1889   94.7  2012  115.5  1875  105.0  1926  101.5  1990   251.0  1923   203.4  1925   255.3  1880   260.5  1981   854.6  1883
   96.2  1998   76.6  1951   75.9  1988   72.0  1925   77.1  2007   82.0  1872   96.2  1903  101.9  1928   94.1  2001  112.8  1895  104.9  1960  101.2  1872   250.6  1991   202.9  1903   252.5  1987   259.1  1892   846.9  1946
   94.7  1913   76.6  1879   75.4  1969   71.7  1981   76.7  1943   81.0  1871   96.1  1924  101.1  1931   91.7  1887  111.9  1935  104.8  1929   99.7  1919   246.9  1936   201.8  1993   251.3  2009   258.5  1993   846.9  1979
   94.7  1972   76.6  1876   75.3  1928   70.9  1908   76.7  2013   80.7  1966   95.8  1918   98.6  1962   91.7  1992  111.6  2013   99.8  1911   98.1  1994   246.5  1978   201.5  2018   251.1  1948   257.4  1930   844.6  1958
   94.3  1930   76.5  1904   75.1  1896   70.8  1899   76.3  1889   80.5  1900   93.4  1957   97.9  1923   90.7  1903  109.0  1933   99.6  1996   97.2  1965   245.4  2007   201.1  1985   248.7  1917   256.3  1952   843.4  1980
   93.9  1937   76.4  1978   74.8  1889   70.8  1992   76.1  1903   79.9  1956   93.0  1932   97.6  1910   90.1  1881  108.6  1938   98.2  1882   96.7  1997   243.1  2008   195.9  1907   247.6  1963   253.6  1878   842.4  1939
   93.0  1919   76.3  1872   74.8  1912   70.1  2016   75.1  1916   77.6  2016   92.7  1939   96.6  1865   88.3  1962  108.0  1932   98.2  1923   96.1  1922   240.5  1937   195.6  1869   244.4  1957   253.1  1886   839.3  1909
   90.3  1872   73.4  1883   74.7  1864   69.8  1905   73.5  2000   77.3  1863   92.3  1891   96.3  1985   87.9  1994  106.7  2020   97.5  1930   95.7  1999   240.5  1928   192.7  1934   242.5  1891   252.7  1939   836.6  1937
   88.4  1917   72.8  1967   74.4  1881   69.5  1930   73.4  1945   77.3  1977   91.9  1956   96.2  2014   87.8  1899  106.3  1919   97.3  1949   95.0  1958   238.1  1919   191.8  1876   241.2  1866   252.5  1992   836.4  1866
   86.6  1990   72.7  1947   73.7  1934   68.7  1961   72.4  1862   76.0  2008   91.8  2002   95.5  1909   85.1  2017  106.3  1928   96.5  1939   92.3  1925   236.7  2004   191.0  2014   240.5  1928   251.6  1906   836.0  1993
   86.1  1912   72.2  1980   72.9  1877   67.7  1953   71.9  1985   74.4  1909   89.5  1927   94.2  2011   84.2  1931  105.3  1924   96.2  1916   91.7  1907   232.5  1897   189.8  1867   238.6  1985   250.2  1938   835.5  1968
   85.6  1986   71.9  2010   72.9  1939   67.5  1969   71.8  1955   73.7  1862   89.1  1867   92.1  1879   83.8  2010  104.3  1980   93.5  2016   91.1  1918   232.1  2013   188.4  1987   238.4  1894   250.0  1998   835.2  1978
   85.4  1922   71.6  2007   72.2  1895   67.4  1868   71.3  1931   73.1  2004   87.2  1881   91.9  1897   82.9  1922  102.3  1974   93.1  1914   90.7  1874   231.8  1961   185.8  1924   238.4  1903   249.6  1918   834.8  1895
   85.2  1867   70.8  1996   71.5  1982   66.4  1950   71.2  1902   72.8  1914   87.2  1946   91.2  1992   82.8  1925   96.5  1863   91.7  1876   90.0  1920   230.7  1958   185.1  1931   237.1  1936   249.2  2008   833.4  1944
   85.2  1906   70.4  1866   71.4  1984   66.3  1973   71.1  1885   72.7  1878   86.7  1882   91.0  2019   82.7  1943   96.5  1941   89.0  1900   89.0  2006   228.9  1950   183.8  1992   234.8  1875   249.0  1876   833.2  2020
   84.7  2007   70.3  1922   70.6  1998   66.0  1965   69.3  1912   72.5  1969   86.1  1909   91.0  1905   81.2  1974   95.5  1891   88.9  1906   88.9  1900   228.4  2010   183.7  1898   234.6  1922   245.4  1926   832.3  2014
   84.3  1942   68.6  1957   67.6  2016   65.4  1975   68.4  1904   72.0  1947   85.5  2015   90.2  1892   80.5  1868   95.4  1949   88.6  1919   88.2  1960   228.2  2001   180.1  1965   234.3  1926   244.3  1863   826.6  1967
   84.0  1970   66.7  1969   66.6  1985   65.0  1989   67.6  2003   71.6  1990   83.8  1992   90.1  1943   79.8  1885   95.3  2021   88.1  1886   87.9  1955   228.1  1926   178.8  2008   234.3  2002   242.9  1905   826.1  2007
   83.9  1941   65.9  2017   65.4  2010   64.6  1909   67.5  1973   70.9  1935   81.9  2017   88.6  1903   79.8  1983   93.9  1981   88.1  1931   87.8  2000   225.8  1872   178.6  1975   233.7  1982   241.9  1940   825.7  1878
   83.2  1899   65.7  1869   65.4  1963   63.2  1910   67.5  1923   70.5  1972   81.5  2004   88.3  2002   79.0  1862   93.8  1961   87.9  1982   87.4  2009   224.5  1925   177.8  1864   233.5  1878   241.6  2009   824.2  1999
   82.7  2003   65.5  1960   65.0  1972   62.7  1985   67.2  1879   69.4  1880   81.4  1910   88.0  2012   79.0  1897   93.7  1916   87.8  1910   86.3  1880   222.9  1945   176.5  1972   232.4  1883   240.8  1866   821.9  1936
   82.4  1869   65.3  1955   64.2  1914   62.4  1880   66.3  1942   69.3  1897   81.1  1965   87.3  1979   77.9  1999   91.9  1881   86.8  1977   84.9  1985   220.7  1894   176.3  1958   231.3  1892   238.2  1933   820.4  1986
   82.1  1875   62.9  1892   63.8  2017   62.2  1959   64.9  1910   68.8  1953   80.5  1914   86.5  1960   77.1  1936   91.8  2001   86.7  1895   84.5  1916   220.6  1922   175.2  1888   229.1  1988   238.0  1987   817.7  1987
   80.5  1974   62.0  1897   63.4  1975   62.2  1962   63.1  1891   68.4  1896   80.4  1938   86.1  1872   75.1  1932   90.8  1966   86.4  1992   82.5  1910   220.0  1938   174.8  1968   228.6  1890   237.5  1871   817.4  1923
   80.1  1868   61.9  1877   63.2  1901   61.5  1987   62.9  1926   67.9  1939   79.8  1985   85.9  1863   74.1  1954   90.7  1940   85.9  1927   82.3  1881   219.4  1920   174.3  1891   228.5  2011   237.1  1911   814.9  2015
   79.7  1920   61.7  1974   63.1  1940   61.2  1932   62.6  1972   67.7  1964   79.4  1877   85.5  1999   73.9  1924   89.2  2005   84.9  1874   80.8  1989   215.9  2003   174.0  2016   228.0  1910   236.8  2001   814.1  1928
   79.3  1985   61.6  1871   62.6  1958   60.6  1917   62.5  2002   66.6  1875   79.3  1950   85.4  1941   73.0  2006   89.0  1945   84.6  1928   80.8  1899   215.2  1969   172.7  1897   227.3  1939   236.1  1916   812.2  1935
   79.0  1993   60.9  2005   62.4  1994   57.9  1999   62.1  2012   66.3  1945   78.2  1893   85.0  1953   72.4  1875   88.8  1862   83.7  1938   80.8  1996   213.7  1873   172.2  1930   225.6  1971   235.4  1870   811.6  1875
   78.6  1926   60.9  1994   62.3  1930   57.9  1888   62.0  1873   65.8  1876   78.2  2019   84.3  1868   72.4  1877   87.7  1909   83.2  1974   80.2  1924   213.2  1870   172.0  1885   225.3  1950   234.7  1891   810.2  1969
   78.2  1980   60.1  1931   62.2  1971   56.8  1944   61.8  1894   65.6  1890   77.8  1908   82.6  1987   71.0  1863   86.4  1864   82.6  1980   79.8  1949   212.9  1947   170.8  1966   225.0  1968   234.7  1919   805.9  1862
   78.1  1915   59.8  1954   60.7  1968   56.5  1907   61.7  1997   65.1  1946   77.7  2005   82.5  1904   69.7  1960   86.4  1917   82.3  1941   77.9  1923   212.5  2002   170.6  1964   222.6  1953   234.5  1923   805.2  2009
   76.9  1883   59.7  1970   60.3  1983   56.2  1927   61.5  1962   64.2  1991   77.2  1978   82.2  1967   69.0  1864   86.3  2012   81.7  1995   77.1  2003   210.0  1970   169.4  1878   220.3  1973   233.8  1865   802.2  1891
   76.8  1965   59.5  1945   60.1  2013   55.7  1879   61.3  1968   63.6  1955   77.2  1970   81.9  1945   67.0  1923   85.5  1982   81.4  2014   76.9  2013   209.5  1875   169.2  2005   219.7  1862   233.4  1887   802.1  1981
   76.0  1938   58.6  1880   59.9  1977   55.7  1922   61.3  1864   63.3  1968   77.2  1862   81.8  1866   66.8  1975   83.9  1926   81.3  1893   76.2  2011   209.3  1892   166.0  2001   218.4  1871   233.0  1900   799.7  1948
   75.9  1890   58.5  1864   59.7  1891   55.2  1963   60.6  1913   63.2  1971   75.9  1961   80.4  1895   66.0  1967   83.2  1883   80.8  1936   75.3  1902   208.0  1998   163.0  1988   216.8  1998   230.3  1864   795.2  1919
   75.8  1969   57.4  1885   59.6  1989   54.5  1994   60.5  1867   62.9  2011   74.6  1974   80.3  1898   65.8  1958   83.2  2014   80.4  1967   75.2  2021   207.8  1986   162.9  1906   215.5  1960   229.1  1982   794.5  1910
   75.2  1903   57.2  1926   59.6  1873   54.3  1949   60.4  1890   62.5  1944   74.4  1942   79.4  1978   65.8  1948   83.0  1913   80.3  1985   74.7  1946   207.0  1951   162.0  2019   215.4  1938   226.9  1951   791.8  1924
   74.7  1975   57.1  1989   59.3  1991   53.5  1886   60.4  1918   62.5  1938   74.3  1987   79.4  1916   63.2  1911   82.7  2006   79.8  1952   74.3  1961   205.3  1988   161.8  1941   215.3  1978   226.1  1949   789.0  1894
   72.9  2018   56.4  1944   59.3  1905   53.3  1862   60.0  1981   62.5  1985   73.3  1894   79.3  1906   63.0  1892   81.1  1952   79.3  1881   74.1  1954   204.5  1881   161.3  1963   214.2  1915   224.6  1980   788.1  1956
   72.8  1910   55.2  1870   59.1  1927   52.7  1968   59.6  1877   61.9  1916   73.1  1926   78.8  1961   62.4  1874   80.1  1944   78.9  1991   74.0  1966   202.4  1895   159.6  1904   213.6  1924   224.3  1963   786.4  2001
   70.3  1959   55.1  2018   58.4  1911   51.8  1964   59.0  1898   61.8  1866   72.5  1923   78.8  2001   62.2  2005   79.6  1934   78.9  1898   73.8  1951   200.5  1903   159.3  1917   206.4  1916   223.8  1925   784.8  1922
   70.3  1962   54.8  1956   58.2  1932   51.7  1885   58.4  1966   61.2  1870   71.9  2021   77.6  1873   62.2  1905   78.7  1988   78.3  1891   73.7  1864   199.4  2000   159.1  1865   205.6  1951   223.8  1932   784.4  1920
   70.1  1982   54.8  1972   57.9  1866   51.5  1891   57.8  1953   59.8  2000   71.5  2011   77.3  1915   61.7  1942   78.2  1912   78.2  1866   73.5  1866   199.0  1987   159.0  2013   205.1  1944   223.5  2005   783.2  2021
   69.9  2013   54.5  2000   57.5  1965   51.5  1971   56.6  1965   59.1  1881   71.4  1873   77.1  1894   61.6  1973   78.2  1868   77.8  1933   73.4  1927   198.3  1867   157.9  1919   203.8  1867   223.4  1994   782.5  1892
   69.3  1873   54.2  1988   57.0  1986   51.2  1866   55.3  1999   59.0  1902   70.3  1944   76.4  2010   60.9  1891   78.1  1929   77.7  1979   72.9  1884   197.8  1871   157.5  1923   203.0  1940   223.1  1924   781.5  1915
   69.2  2010   54.0  1919   56.9  1884   49.4  1869   55.1  1933   58.6  1978   68.8  1953   75.8  1922   60.7  1956   77.1  1877   77.4  1968   72.8  1968   197.5  1955   157.0  1971   202.8  2016   223.0  2006   781.2  2016
   69.0  1866   53.4  2016   55.7  1952   49.2  1951   54.9  1988   58.2  1954   68.8  1941   75.1  1982   60.6  1908   76.3  1993   77.3  1887   72.7  1897   197.4  1917   156.9  2004   202.1  1992   222.7  1895   780.9  1938
   67.2  1931   53.2  1918   55.7  1868   49.0  1979   54.1  1998   57.4  1989   66.6  1947   74.8  1882   59.3  1867   75.7  1968   76.8  1863   72.1  1976   195.8  1931   156.6  1868   201.1  1914   222.5  1877   778.3  1985
   67.0  1878   52.7  2004   55.3  1955   48.9  1972   53.7  1872   56.9  1973   66.4  1901   74.1  1874   59.1  1998   75.2  1990   76.1  1971   72.1  2007   195.1  1921   156.4  1879   201.0  1863   220.4  1907   778.2  1925
   65.9  1976   52.6  1908   54.6  1882   48.2  1878   52.8  1908   56.7  1895   66.4  1966   73.6  2016   58.9  1987   74.8  1910   75.8  1880   71.5  2018   193.3  1974   156.4  1962   198.7  1986   219.7  2015   774.7  1994
   65.8  1971   52.2  1940   54.3  1922   48.2  1919   52.2  1950   56.4  1888   66.2  1929   73.2  1958   57.9  1938   74.4  1992   75.4  1972   70.6  1977   192.9  1884   156.1  1892   198.2  1965   219.5  1869   773.8  1906
   65.5  1947   51.7  1865   54.2  1978   47.8  1884   52.1  2009   56.1  2001   66.0  2020   73.0  2015   57.9  1978   74.3  2008   74.9  1864   70.5  1995   192.8  1957   155.8  1977   196.3  2014   215.1  1936   773.3  1992
   64.9  1918   51.4  1912   53.5  1890   47.2  1923   51.9  2019   55.1  2009   65.1  1916   72.5  1938   57.0  1913   74.1  1911   74.4  1997   70.3  1948   191.6  1999   154.6  1927   194.7  1961   214.8  1995   772.0  1869
   64.8  1894   50.6  1928   52.6  2001   47.1  1883   51.4  1977   55.0  1885   65.0  1902   72.3  1944   56.6  1926   73.4  1902   73.0  1877   69.7  1952   190.9  1943   154.2  1994   194.1  2001   214.2  1874   771.9  1868
   64.8  1991   50.2  1953   52.1  1995   45.7  1948   51.2  1874   54.1  2002   64.2  1865   71.8  1993   56.5  1961   72.4  1925   73.0  1998   69.2  1982   190.3  1899   154.1  2015   194.0  1945   214.0  1868   769.0  1926
   64.0  1958   50.0  1901   52.1  1933   45.6  1945   50.4  1946   53.5  1903   63.9  1889   70.6  1934   56.1  1873   70.7  1899   72.1  1865   68.7  1964   190.3  1913   152.8  1955   193.4  2015   212.8  1898   768.8  1988
   63.9  1951   50.0  1903   51.8  1869   45.0  1903   49.8  1975   52.9  1943   63.1  1937   70.6  1867   55.6  1982   69.3  1923   72.0  2005   68.6  1912   189.4  1902   152.1  1871   192.7  1923   210.9  1928   768.8  1907
   63.5  1862   49.7  1906   51.7  1917   44.6  1924   49.2  1883   50.6  1965   62.9  1997   70.1  1919   55.5  1878   67.8  1999   72.0  1966   68.5  1930   188.8  1908   151.9  1905   192.6  1907   210.8  1899   767.7  2006
   63.1  2015   49.5  2006   50.4  1904   44.5  1977   48.7  2011   50.2  2005   62.0  1967   70.0  1925   55.5  2018   67.7  1873   71.5  2018   68.2  1906   188.6  1863   151.8  2021   192.5  1999   209.0  1931   766.6  1914
   62.1  2009   49.5  2009   50.2  1898   44.2  1897   48.3  1882   49.9  1924   61.5  2010   68.8  1862   55.4  1909   67.0  1905   70.9  1912   67.8  1862   186.9  1885   151.5  1880   191.5  1897   207.9  2013   759.8  1918
   62.0  2005   48.7  1946   49.7  1954   43.9  1901   48.1  1887   49.9  1933   61.0  1993   68.8  1926   54.7  1963   66.9  1874   70.6  1994   67.0  1878   186.1  1967   151.5  1902   190.9  2005   206.3  1957   758.6  1871
   61.9  1979   48.6  1914   49.2  1885   43.6  1902   47.2  1893   49.0  1910   61.0  1975   68.0  1974   54.2  1912   65.6  1979   70.2  1883   66.5  1956   185.1  1868   151.1  1910   189.8  1873   206.0  1929   754.7  2017
   61.6  1983   48.4  1884   48.5  1906   43.2  1926   47.1  1948   48.5  1957   60.8  1949   67.9  1929   53.4  1985   65.1  1942   69.4  2017   66.5  1950   185.0  2018   150.8  1954   188.7  1974   205.5  1966   752.1  1940
   61.2  1954   48.4  1981   48.0  1970   43.1  1978   47.0  1917   48.2  1952   60.6  1954   67.9  1952   53.2  1882   65.1  2010   68.6  1925   66.3  1969   184.8  1933   150.3  1912   188.2  1920   205.4  1943   752.0  2005
   60.9  1952   48.2  1979   48.0  1887   43.0  1916   46.9  1941   47.2  1898   60.1  1998   67.6  1924   53.0  1879   64.9  1878   68.4  1986   65.7  1893   184.0  1887   149.2  1973   187.7  1865   204.2  2017   751.4  1934
   60.0  1924   47.8  1987   47.7  2005   42.6  1967   46.0  1915   46.6  1864   59.8  1896   67.0  1888   51.7  1953   64.8  1994   68.1  1993   65.5  1940   184.0  1901   148.6  1901   186.9  1902   203.3  1912   750.8  1974
   59.7  1904   47.5  1868   47.6  1867   42.2  1936   45.5  1921   46.0  1974   59.2  2001   66.7  1939   51.6  1969   64.7  1930   67.3  2008   65.4  1898   183.6  1996   148.4  1939   185.5  1886   201.9  1970   750.4  1983
   58.7  1935   46.3  1983   46.9  1880   42.1  2014   44.4  1978   45.8  1934   58.9  1904   66.4  1965   51.4  1933   64.4  1887   67.3  2006   65.1  1895   183.1  1997   147.8  1881   182.6  1911   200.5  1999   749.2  1984
   58.1  1955   45.2  1942   46.8  1883   42.1  1940   43.8  1995   45.7  2014   58.0  2000   65.9  1996   50.6  2020   64.3  1937   66.6  1943   64.9  1921   180.9  1904   147.2  1873   182.5  1967   200.2  1862   749.1  1977
   57.8  2002   44.8  1961   46.8  1936   41.9  1894   43.6  2005   44.4  1959   57.7  1919   65.4  1997   49.1  1893   64.3  2015   64.9  1934   62.9  1935   180.6  1865   146.4  1950   180.8  1943   199.1  1913   748.9  1896
   57.7  1957   44.7  1889   46.7  1974   41.8  1864   43.5  1914   44.1  1877   57.5  1934   65.1  1970   48.6  2016   63.4  1927   64.3  1869   62.6  1974   179.7  1972   144.3  1976   180.4  2010   198.2  2004   748.0  1963
   57.5  1944   44.2  1911   45.6  2015   41.4  1939   43.5  1952   44.1  1867   57.2  1876   65.0  1988   48.4  1945   63.2  1918   63.0  1987   62.5  2019   179.7  1962   143.2  1928   179.6  1876   198.2  1901   748.0  1911
   56.6  1885   43.2  1888   44.4  2014   41.3  1895   43.4  1984   43.9  1984   56.4  1899   64.5  2017   48.3  1886   62.7  2018   63.0  1907   62.4  1957   178.4  1879   143.2  1883   178.5  1889   197.5  2020   748.0  1982
   56.1  1927   43.1  1873   44.4  1925   40.9  1904   43.3  1971   42.8  1917   56.1  1981   64.4  1942   48.1  1934   62.2  2011   62.8  1962   61.8  1894   177.7  2011   141.8  1978   177.9  2000   196.2  1969   745.9  1941
   55.3  1865   42.7  1882   44.2  1957   40.2  1996   43.3  1944   42.6  2010   55.7  2013   63.8  1977   47.7  1991   61.8  2009   62.2  1947   61.8  1887   177.2  1983   141.7  1922   177.1  1896   196.1  1941   744.3  1888
   55.0  1946   42.3  1907   44.2  1899   40.0  1900   43.0  1947   42.3  1993   54.9  1890   63.4  1911   47.1  1988   61.8  1989   62.1  1897   61.4  2014   176.4  1959   141.6  1933   175.9  1893   195.8  1890   741.5  1899
   55.0  1897   42.0  1984   44.1  1870   39.5  1892   43.0  1996   41.2  1905   54.4  2014   63.2  1901   46.2  1916   60.1  1986   61.8  1870   61.0  1992   174.3  1866   141.5  1989   175.4  1904   195.3  1894   738.7  2010
   54.6  2011   41.9  1968   43.8  1960   39.2  1991   42.9  2017   41.1  1950   53.7  1969   63.1  2005   45.9  2021   60.0  1984   61.3  2007   60.6  1998   174.3  1882   141.5  1866   175.0  1993   194.8  1961   738.1  1917
   54.4  1934   41.7  1899   43.6  1915   39.1  1918   42.7  1987   40.8  1873   53.5  1962   62.9  1902   43.7  1884   59.8  1914   61.1  1885   60.3  1942   174.1  1965   139.9  1970   174.9  1929   192.6  1934   737.1  1897
   53.7  1925   41.1  1874   43.1  1967   39.0  2006   42.2  1909   40.7  2013   53.3  2003   62.6  2009   43.6  2013   58.2  1983   61.0  1981   59.7  2008   172.5  1911   139.0  1945   174.8  1969   192.4  2021   736.1  1961
   52.3  1940   40.9  1898   42.8  1923   38.8  1952   42.1  1880   40.7  1929   52.2  1959   62.0  1994   43.6  1890   57.6  1957   59.6  1915   59.1  1871   171.3  2009   138.7  1953   173.9  1934   192.2  2016   736.1  1879
   52.0  1870   40.0  1920   42.2  2004   37.0  1946   41.5  1901   40.7  1901   51.6  2016   61.3  1875   43.4  1940   57.2  1901   59.3  1904   58.6  1970   168.7  1918   138.5  1894   172.5  1970   190.0  1914   736.0  1957
   52.0  1887   39.5  1867   42.1  1907   36.4  1865   41.3  1936   40.6  1906   51.1  1980   60.9  2013   43.4  2003   57.2  1936   59.1  1913   58.4  1981   166.9  1924   138.0  1952   171.9  1918   189.8  2018   733.0  1932
   51.8  1929   39.2  1909   41.1  1865   36.3  1911   41.0  1957   40.0  1961   50.3  1933   60.7  1973   43.2  1920   57.1  1871   58.5  2003   58.4  1947   162.1  1893   137.4  1884   171.2  1941   188.5  1888   732.7  1885
   51.6  1933   39.2  1948   41.0  1874   35.6  1881   40.7  1963   39.1  1893   50.2  1994   60.3  1984   43.2  2011   56.5  1991   58.1  1903   57.5  1972   161.9  2015   137.3  1940   170.8  1942   188.1  1889   732.3  1901
   51.4  1874   38.5  1939   40.9  2021   34.9  1874   40.4  1930   38.7  1930   49.4  1907   60.2  1885   42.9  1937   56.1  1943   58.1  1988   57.5  1867   161.4  1975   137.1  1890   170.3  1901   183.9  1988   722.5  1865
   49.8  1914   38.2  1963   40.2  2002   34.7  1941   40.2  1928   38.5  1899   48.3  1972   60.2  1907   42.8  1966   56.0  1920   56.8  1921   57.0  2017   161.1  2005   134.9  2002   169.7  1932   183.2  1897   721.0  1997
   49.2  1882   37.5  1902   39.4  2007   34.6  1958   39.8  1961   38.3  1967   48.1  1963   60.2  2000   42.0  1947   55.9  1869   55.7  1953   56.4  1863   160.3  1876   134.4  1895   168.0  1962   183.2  1991   719.9  1863
   49.2  2000   37.3  2015   39.3  1942   34.4  1933   39.4  1900   37.8  1937   47.8  1892   60.1  1908   41.8  1990   55.3  1996   55.3  1868   56.3  1980   157.9  1878   134.0  1942   167.0  1905   182.6  2014   716.6  1970
   48.0  2020   37.2  1986   37.4  1921   34.2  1943   39.3  1927   37.8  1922   45.8  1945   59.0  1968   40.6  1904   54.3  1959   54.8  1999   55.6  1877   157.4  1993   131.9  1943   165.3  1964   180.2  1979   715.4  1889
   47.3  2012   36.7  1875   37.3  1946   32.5  1956   38.1  1949   37.6  1981   45.0  1900   58.6  1893   40.5  2007   54.3  1876   54.7  1990   55.5  1936   155.5  1886   131.1  1980   163.9  1908   179.1  1910   714.8  1947
   47.3  1966   36.3  2019   37.0  1959   32.3  1988   37.8  1881   36.3  1986   44.8  1971   58.3  1964   40.4  1951   52.7  1970   54.0  1879   55.2  1962   154.6  1954   130.4  1926   163.0  1921   178.6  1996   713.9  2018
   46.9  1932   35.9  1862   36.6  1902   32.1  2002   37.6  1871   35.7  1869   44.7  1951   58.1  1918   39.7  1919   52.2  1921   53.1  1873   55.2  1904   153.6  1940   130.2  1936   160.6  1977   177.5  1893   711.3  1867
   46.5  1968   35.3  1878   36.1  1976   32.0  2003   37.3  1994   35.4  1913   42.3  1996   56.7  1876   39.1  1889   52.1  1955   52.6  2013   54.9  1944   153.1  1906   129.7  1914   157.3  2013   177.3  1983   707.5  1945
   46.4  1893   35.1  1927   35.3  2020   31.6  1929   36.4  1990   34.8  1983   41.8  2018   56.5  1935   38.9  2015   51.7  1866   52.2  1899   52.4  1928   152.8  1982   129.1  1918   156.3  1906   176.9  1873   706.2  1890
   45.9  1911   35.1  1962   34.8  1894   31.6  1887   36.3  2016   34.8  2015   41.6  1874   56.1  1949   38.6  1970   50.7  1953   52.2  1957   51.1  1973   152.5  1952   128.7  1961   156.1  2006   174.1  1959   705.3  2013
   45.5  1963   34.9  1992   34.4  1892   30.3  1960   36.3  1982   34.7  1920   40.4  1986   55.3  2018   37.9  1939   50.5  1958   51.2  2021   50.7  1991   150.8  1946   128.6  1984   156.0  1919   171.7  1990   705.2  1976
   45.0  1901   34.2  2013   34.3  1863   29.9  1863   35.6  1934   34.0  1904   40.1  1925   55.3  1975   37.7  1980   50.1  2016   50.9  2001   50.6  1917   150.4  1890   127.7  1887   154.2  2003   170.6  1962   694.6  1952
   44.6  1923   34.1  1890   33.6  1879   29.7  2009   35.5  1960   33.3  1979   39.3  1964   51.6  1989   37.4  1870   49.7  2017   50.6  1975   50.2  1967   150.0  1864   127.6  2003   153.4  1884   168.3  1909   684.4  1898
   44.6  1891   33.8  2008   32.7  1962   29.1  1921   35.0  1929   33.3  1951   38.5  1887   50.8  1932   37.3  1888   49.1  1867   48.5  1871   49.7  1875   149.3  1971   127.1  1874   153.2  1979   166.6  1917   684.3  1990
   44.4  1908   33.6  1999   31.7  2000   28.4  1942   34.9  1897   32.3  1891   38.1  1983   48.9  1887   37.1  1914   48.0  1977   48.5  1894   49.2  1939   148.8  1942   126.5  2007   152.2  1898   166.2  1985   683.3  1943
   44.2  2001   33.1  1930   31.5  2009   27.8  1928   34.5  1875   32.1  1942   37.8  1863   48.9  1896   36.9  1979   47.4  1973   48.0  1937   49.1  2001   148.6  1944   126.0  2017   152.0  1952   163.9  1977   682.7  1870
   43.8  1892   32.5  1938   30.7  1900   27.5  2019   34.1  1939   31.0  1988   37.8  1943   48.8  1998   36.2  2004   47.2  1948   47.0  1917   47.9  1987   147.5  2012   124.7  1946   147.1  2021   161.6  1942   680.5  1864
   43.0  1987   30.6  1905   30.1  1871   26.7  1995   33.5  1868   30.2  1970   37.6  1991   48.6  1969   35.4  1915   47.1  1893   46.0  1884   47.8  1883   147.0  1953   123.9  1911   146.3  1990   159.5  1945   679.8  1913
   42.4  1996   30.1  1949   30.1  1949   26.5  1896   33.5  1870   29.3  2021   36.4  1921   48.2  1936   35.2  1972   46.2  2003   45.1  1978   47.1  1945   145.5  1981   122.7  1995   145.6  1947   158.0  1953   676.6  1933
   41.7  1950   29.1  1924   29.7  1918   25.8  2015   33.2  1863   28.8  1886   36.3  1906   48.2  1869   34.9  1955   46.1  1890   45.1  1918   46.3  1975   143.6  2017   122.6  1949   144.5  1935   156.7  1922   664.2  1874
   41.1  1916   28.5  1965   29.3  1878   25.7  1955   32.6  1884   28.2  1919   35.9  1952   47.8  1914   33.4  1949   44.0  1997   44.5  1961   45.6  2005   143.1  1898   121.6  1982   144.4  1975   155.3  1937   662.6  2011
   40.8  1981   28.3  1976   28.4  1924   25.6  1873   32.6  2018   28.2  1975   35.9  1917   47.8  1886   33.2  1917   43.5  1908   44.0  1902   45.3  1888   140.5  1976   121.5  1896   144.2  1972   151.4  1948   662.4  1908
   39.4  2017   27.4  1943   28.1  2003   25.2  1906   32.4  1866   27.6  1994   34.8  1905   47.4  1870   31.8  1964   43.5  1956   43.9  1924   44.7  1903   139.4  1914   120.4  1948   142.6  1885   149.8  1986   662.0  1929
   39.2  1967   27.1  1913   27.9  1956   25.0  1976   32.1  1940   27.1  1992   34.8  1948   46.0  1883   31.5  2009   43.4  1884   43.5  1955   42.7  1984   139.0  1963   118.6  1935   142.4  1937   148.0  2003   656.7  1995
   39.0  1992   25.8  1929   27.7  1950   24.0  1875   31.7  1922   27.0  1865   32.9  1928   45.9  2021   31.0  2002   42.8  1963   41.9  1908   42.5  1908   138.6  1968   114.9  1991   139.8  1994   146.0  1908   656.1  1942
   37.6  1909   25.3  1964   27.5  1948   23.2  1890   30.3  2004   26.1  1908   32.6  1979   45.5  1880   30.5  1901   42.1  1897   40.8  1892   41.0  1913   136.2  1907   113.9  1944   139.7  1874   145.1  1902   655.8  1972
   35.1  1864   24.9  1971   26.7  1931   23.1  1915   29.3  1911   26.0  2018   30.8  1990   44.0  1920   29.1  1977   41.5  1922   40.7  1932   40.8  2010   134.9  1888   113.6  1959   139.2  1949   144.7  1975   655.6  1962
   34.9  1889   24.5  1917   25.8  1966   22.3  2013   28.6  1964   25.9  1932   30.4  2006   43.8  1990   27.8  1921   41.3  1971   40.6  1896   40.4  1889   132.5  1949   113.3  2009   138.4  1989   141.6  1997   648.2  1904
   34.8  1879   24.4  2003   24.9  1996   22.0  1914   28.3  1992   25.6  1995   30.3  1897   43.2  1981   27.6  1902   38.0  1950   40.1  2020   38.3  2016   130.8  2019   112.7  1915   136.9  1981   141.3  2011   644.4  1873
   34.0  1973   24.2  1982   24.4  1997   21.6  1990   26.6  1876   24.4  1996   29.4  1989   43.0  2007   26.9  1894   37.2  1915   39.3  1983   38.1  2004   130.1  1985   112.0  1921   135.0  1870   138.6  1958   641.9  1884
   34.0  1876   24.1  2012   24.4  1926   21.4  2010   26.6  1980   24.0  1874   28.7  1955   41.5  1937   24.2  1900   36.7  1931   38.6  1976   37.2  1932   130.0  1929   110.1  1900   132.5  1996   137.5  1971   640.9  1971
   32.1  1949   24.0  1973   23.0  1910   21.1  1870   26.1  1919   22.4  1923   28.3  1982   35.4  1864   23.7  1996   35.5  1946   38.6  1989   37.2  1931   124.8  1889   109.5  1960   127.1  1984   137.1  1973   630.2  1953
   31.7  1902   24.0  1975   22.2  1935   19.4  2017   25.7  2001   22.2  1949   27.3  1885   34.0  1871   23.2  1997   34.6  1995   38.4  1948   35.4  1988   124.6  1992   108.9  2010   125.4  1991   136.8  1921   629.8  1949
   29.9  1888   24.0  1895   21.8  1875   18.9  1974   25.6  2008   21.1  1960   26.4  1870   33.4  1884   23.2  1895   34.4  1951   35.9  2011   34.9  1865   124.2  2006   108.2  1996   123.3  1933   135.5  1867   629.7  1905
   29.8  1871   23.6  1886   21.5  2012   17.9  1997   24.9  1974   19.8  1940   25.5  1995   32.8  1913   23.1  1929   32.5  1985   35.6  2004   34.7  1890   119.3  1909   104.1  1997   123.2  2018   133.6  1879   628.0  1902
   29.6  1896   22.1  1887   21.0  1943   13.8  1984   23.9  1888   19.7  1868   25.1  1976   26.3  1940   23.0  1989   32.4  1964   34.7  1942   34.7  1943   118.3  1989    98.7  1870   120.1  1899   133.1  1884   627.6  1893
   29.5  1898   21.7  1934   20.7  1990   13.8  1982   22.8  1905   19.3  1884   24.7  1898   25.9  1983   21.5  1906   31.6  1965   32.5  1920   33.6  1953   116.3  1896    98.0  1938   117.1  1868   133.0  1956   623.3  1991
   29.1  2006   21.6  1896   20.6  2011   12.6  1893   22.1  2010   18.6  2006   23.8  1878   25.4  1972   21.4  1986   31.3  1888   32.5  1964   31.3  1879   115.5  1973    97.4  1863   115.5  1955   132.7  2007   615.7  1973
   27.7  1881   20.0  1932   20.3  1961   12.3  1980   21.3  1935   18.0  1918   23.2  1913   25.2  1899   20.0  1971   30.9  2007   32.4  1862   31.0  1963   114.3  1927    96.6  1957   114.4  1925   132.2  1915   613.9  2003
   27.1  1953   18.4  1863   19.9  1945   11.9  1954   20.9  1895   17.4  1915   23.1  1864   23.6  1991   20.0  1928   27.3  1975   32.3  1922   30.2  1971   110.5  1874    90.5  1974   112.8  1959   131.6  1920   613.2  1996
   25.8  1989   17.7  1952   17.5  1993   11.8  2021   19.9  1896   17.0  1941   23.0  1999   23.2  1955   18.1  2014   26.6  1879   28.8  1956   30.0  1885   104.9  1905    80.3  1875   105.1  1864   130.4  1955   612.9  1975
   25.8  1964   17.4  1993   15.9  1893   11.4  1957   19.8  1956   15.9  1962   22.9  1984   23.2  1933   17.2  1941   21.9  1904   28.1  1973   29.2  1892   104.1  1932    80.3  1956   102.7  1869   128.2  1972   609.9  1955
   25.8  1907   15.1  1998   15.4  1973   10.5  2011   17.0  1970   12.5  1921   19.6  1977   19.7  1976   16.8  1898   21.2  1978   27.0  1867   25.9  1933   101.9  1934    79.8  2011    98.8  1983   124.2  1978   594.3  1959
   23.0  2019   11.1  1959   13.8  1944   10.0  2007   16.9  1989   12.1  1889   18.9  1869   17.1  2003   16.5  1910   19.5  1962   25.9  1889   23.0  1926   100.9  1880    78.7  1990    94.0  1887   123.4  1989   590.9  1887
   19.1  1905    8.1  1985   13.4  1938    9.7  2020   16.4  1991   11.6  1976   18.3  1911   16.3  1959   16.0  1907   17.7  1947   25.2  1909   19.4  1941    82.9  1891    75.6  1893    91.3  1913   122.0  1947   581.8  1921
   15.3  1997    6.9  1921   13.2  1953    6.5  1938   15.9  2020    6.6  1887   17.1  1935    8.8  1995   15.5  1865   17.6  1972   22.3  1958   18.2  1905    82.1  1964    72.8  1929    59.9  1995   121.7  1904   567.2  1989
   10.9  1880    3.6  1891    6.2  1929    6.3  1912   14.4  1959    4.3  1925   13.0  1868    7.0  1947   14.1  1959   17.4  1969   22.1  1945   18.0  1873     ---  1862    60.9  2020    56.4  1976    96.7  1964   552.5  1964