Areal values from HadUK-Grid 1km gridded climate data from land surface network
Source: Met Office National Climate Information Centre
Monthly, seasonal and annual total precipitation amount for England SE and Central S
Areal series, starting in 1862
Last updated 01-Jan-2022 10:59
    jan  year    feb  year    mar  year    apr  year    may  year    jun  year    jul  year    aug  year    sep  year    oct  year    nov  year    dec  year     win  year     spr  year     sum  year     aut  year     ann  year
  205.4  2014  154.9  1951  152.6  1947  146.2  2000  117.3  1967  138.2  2012  140.2  1888  156.6  1912  169.0  1896  204.2  1865  197.7  1940  205.2  1914   513.8  2014   289.1  1862   362.2  1879   476.7  2000  1109.0  2000
  160.5  1877  147.1  2014  134.3  1981  133.8  2012  109.4  1878  136.5  1971  131.0  1875  143.3  1917  168.2  1974  197.2  2000  190.6  1929  197.6  1934   438.4  1915   281.8  1979   317.4  1917   434.6  1960  1066.8  1960
  158.9  1988  137.1  2020  126.6  1914  105.5  1998  108.9  1955  121.5  1879  128.2  1920  142.5  1879  156.0  1968  194.0  1960  189.8  2009  187.9  1876   396.8  1877   268.3  2000   313.0  1903   403.9  1976  1060.8  1872
  156.9  1995  135.4  1990  125.8  1862  101.8  1983  107.9  1932  113.7  1991  124.7  1918  140.0  1891  147.9  1918  189.5  1949  188.2  1970  182.4  1915   396.0  1990   267.8  1981   302.5  1912   394.2  1974  1047.4  1951
  150.1  1872  132.3  1900  122.1  2001   98.8  1966  106.1  1979  113.5  1997  122.3  1894  133.8  1881  147.0  1866  188.9  1891  183.8  2002  179.1  1911   371.3  1995   246.7  1947   297.8  2012   386.4  1935  1039.5  2014
  147.1  1943  130.6  1937  114.4  1979   98.6  1871  104.5  2007  112.3  1903  119.7  2007  130.7  1878  139.3  1927  187.1  1987  175.7  1951  178.5  1929   350.6  1937   244.4  1983   280.6  1927   359.1  1880  1022.1  1903
  144.7  1937  128.3  1950  113.1  1897   93.9  1935  104.1  1886  111.5  1905  109.6  1867  125.8  1946  134.9  1981  186.5  1903  174.5  1926  168.3  1959   345.7  2020   241.8  2008   274.3  2007   346.2  1882  1008.4  2002
  138.5  1939  127.2  1915  113.0  1919   93.4  1882  101.8  1924  110.0  1863  109.0  1880  121.2  1951  133.9  1975  182.3  2020  171.4  2000  168.1  1868   342.5  1916   240.2  1964   270.0  1888   338.8  1939  1005.4  2012
  133.5  1984  123.1  1916  108.4  1912   92.1  1926  101.0  1869  104.7  1980  106.7  1915  119.1  1977  132.4  1976  174.3  1882  166.2  1877  161.3  2013   338.5  1912   239.8  1937   258.8  1960   335.9  1940   999.0  1927
  132.5  1948  122.1  1923  106.8  1905   90.2  1907  100.2  1862  103.0  1998  106.6  1936  115.6  1941  129.9  1995  163.7  1909  161.9  1935  160.0  1978   337.4  1869   235.7  1951   256.3  1891   329.8  1875   976.0  1915
  132.0  1906  118.4  1866  103.7  1916   88.1  1920   99.7  2000  101.9  2007  103.6  2012  112.5  1865  126.1  1871  161.9  1880  155.7  1950  146.4  1989   332.1  2001   233.1  2001   256.2  1958   329.7  2019   967.4  1974
  131.3  2016  113.7  1974  101.9  1963   86.5  1993   98.2  1983  100.4  1958  103.0  1917  109.9  1992  124.4  1999  160.9  1939  154.3  1963  143.8  1872   322.3  1960   231.6  2018   253.8  1954   329.0  1982   958.2  1924
  128.0  1975  113.4  1966  101.4  1937   86.0  1931   96.1  2006   93.6  1912  102.1  1924  108.2  2015  123.3  1885  155.1  1932  152.9  1974  142.4  2012   316.1  1935   227.5  1963   249.9  1946   328.5  1949   951.3  1877
  124.1  1936  111.5  1925  100.8  2018   85.3  1961   92.7  2002   91.6  2016  101.6  1957  107.6  1960  119.2  1965  153.9  1923  149.6  1939  140.4  2002   315.8  1994   226.4  1878   249.7  1875   323.6  1885   942.5  1935
  123.5  1866  111.0  1883  100.0  1951   83.8  1922   92.4  1981   89.9  2019  101.0  1871  106.8  1931  115.3  1880  152.5  1982  146.7  1954  137.8  1886   311.4  1925   225.5  1903   248.8  1931   317.6  2002   929.1  1937
  121.5  1986  108.5  1927   99.0  1909   82.4  1879   90.9  1915   89.5  1935  100.9  1895  106.7  1999  114.3  1876  152.5  1966  143.4  2003  135.8  1993   308.7  1930   224.0  1967   246.9  1956   314.0  1872   928.2  1912
  120.0  1956  106.6  1879   95.2  1975   82.2  1924   89.9  2021   89.4  1954  100.4  1903  105.7  1927  114.0  1993  151.9  1928  138.2  1960  133.4  2000   305.3  1866   221.8  1932   246.8  1890   310.2  1944   918.6  1946
  118.1  1919  103.8  2007   94.8  1964   81.0  1913   88.2  1942   89.3  1964  100.2  1950  104.0  1985  112.2  1935  149.0  1907  137.3  1946  132.6  1999   299.2  1951   218.7  1924   246.8  1980   309.2  1998   914.9  1916
  118.1  1928  103.7  1977   94.4  1888   80.1  1963   87.8  1946   88.5  1985   98.2  1890  103.6  1868  111.3  1869  146.6  1976  136.2  1992  132.0  1919   297.7  1873   210.7  1913   245.1  1985   308.8  1929   908.0  1879
  115.7  1994  102.0  2002   92.7  2008   78.7  1878   87.4  1898   87.8  2021   98.1  1879  102.6  2004  108.4  1958  143.1  1875  135.7  2014  131.7  1979   297.1  1979   209.1  1994   241.7  1924   308.3  1903   906.3  1966
  114.6  1868  101.6  1914   91.0  1876   78.7  1989   87.0  1879   87.3  1927   96.8  1922  102.1  2014  108.1  2000  141.5  1998  134.5  1872  130.6  1965   291.8  1966   209.0  1877   241.4  1881   308.1  1894   903.1  1939
  114.3  1990  101.4  1957   85.7  1927   78.6  2001   86.5  2008   86.7  1909   95.5  2017  102.0  1956  105.8  1998  139.7  1967  133.7  1996  130.1  2019   289.4  2007   206.9  1886   240.1  1894   302.7  1987   900.9  1894
  114.2  1999  101.3  1910   85.5  1896   77.3  2004   85.8  1969   86.1  1987   94.5  1925  100.4  1958  102.6  1946  138.5  2013  132.7  1930  123.3  2020   286.4  2021   203.2  2012   238.2  1966   302.3  1891   900.5  1865
  112.1  1886  100.6  1995   85.3  1980   77.2  1992   85.1  1994   85.1  1982   93.5  1960  100.3  1903  102.3  1960  135.1  2021  132.5  1895  121.0  1901   285.0  1977   199.3  1897   237.5  1941   297.8  1896   900.2  2020
  112.0  1875   99.6  1893   82.8  1903   76.2  2018   83.8  1925   83.1  1902   92.8  1939  100.0  2010   99.2  1924  134.7  1872  132.1  1894  120.5  1985   284.5  1936   199.3  1975   237.1  1865   296.9  1865   899.3  1958
  111.3  1913   99.4  2001   81.4  1982   75.5  1877   82.5  1984   82.9  1910   90.8  1931   99.9  1902   96.6  1883  133.1  2001  130.9  1944  118.9  1924   283.4  2010   198.7  1998   236.3  1878   295.3  1951   897.0  1866
  109.8  1974   98.2  2010   81.0  1864   75.2  2014   81.1  1872   82.4  2011   89.5  1893   98.1  1948   92.4  1874  132.3  1862  126.3  1997  118.4  1910   283.0  1910   196.6  1986   236.2  1971   294.3  1916   888.0  1882
  108.5  2021   92.1  1935   80.8  2016   73.2  1964   79.9  1885   82.0  1936   89.3  1953   95.1  1908   92.0  2019  131.1  1889  126.0  1875  113.7  1994   279.0  1943   196.4  1908   235.3  1997   294.0  2012   887.6  1875
  108.4  2008   90.6  1904   80.1  1941   72.8  1899   79.8  1903   79.6  1882   88.6  1988   94.1  1892   89.3  1879  130.0  1906  125.1  1906  112.8  2009   278.2  1961   196.1  1914   228.1  1909   293.6  1984   886.0  1891
  108.1  1865   90.2  1885   78.8  1952   72.0  1908   76.3  1904   79.4  1871   87.6  1927   93.9  1986   89.0  1952  129.9  2004  125.0  1976  111.4  1896   276.6  1974   195.6  2016   220.0  2017   293.5  1993   880.3  1876
  107.8  1961   89.9  1997   78.6  1988   71.8  1918   74.9  1948   76.2  1875   84.9  1956   93.6  1997   88.5  1930  128.0  1916  124.5  1888  110.1  1956   275.0  1928   193.7  2006   219.3  1992   291.0  1992   877.5  1994
  107.2  1971   87.1  1880   78.1  1933   71.4  1951   74.0  2014   76.2  1888   84.7  1877   90.7  1916   86.9  1951  125.1  1993  121.2  1916  108.4  1927   273.0  1939   192.7  1872   218.7  1920   289.3  1968   872.5  1910
  106.1  1904   85.7  1933   77.3  1954   70.3  1932   73.4  1931   75.8  1968   84.6  1965   90.5  1897   86.6  1868  125.0  2012  118.4  1969  108.1  1972   272.5  1900   192.7  1919   218.1  2021   288.8  1906   867.1  1998
  105.9  1915   82.3  1881   76.9  1913   69.1  1939   72.2  1964   75.8  1872   84.3  2009   89.0  1952   86.0  1962  124.8  2019  118.2  1911  108.0  1909   269.0  1957   190.7  1942   218.1  1902   287.6  1924   866.3  1925
  105.9  1962   80.5  2000   76.6  1908   68.7  1923   72.0  1891   75.6  1999   84.2  1932   88.6  1974   85.7  1967  121.9  1892  117.0  1986  106.5  1937   265.4  2016   190.2  1879   218.0  1950   286.9  1952   865.5  1880
  105.4  1998   78.0  1897   76.5  1940   68.4  1937   71.5  1865   75.6  1974   84.1  1991   88.3  1963   85.3  1950  118.1  2006  116.0  1984  106.4  2017   262.2  1978   189.6  1869   217.9  1968   286.5  2006   864.3  1968
  103.6  2004   77.5  1967   75.9  1867   68.0  1919   71.4  1973   75.5  1946   83.6  1966   88.0  1930   85.2  1994  116.4  1944  113.9  2018  106.0  2006   261.9  2013   189.5  1923   216.1  1974   285.3  1967   862.8  1914
  103.2  1978   77.4  1876   75.8  1989   67.8  1959   70.0  1937   75.1  1926   79.0  1954   86.7  1876   84.5  1909  115.4  1874  112.9  2019  105.8  1891   261.6  1923   188.5  1972   216.0  1892   283.1  2009   861.6  2001
  103.2  1970   74.7  1869   75.4  1977   67.1  1994   68.5  2017   72.5  1866   78.7  2021   86.3  1877   83.0  1933  112.3  1935  110.3  1982  104.0  1945   260.0  1926   188.2  1867   214.7  1910   281.8  2020   858.8  2019
  102.1  1930   74.5  1899   74.0  1984   66.6  1986   68.4  1943   71.3  1880   78.7  1882   86.1  1966   83.0  1957  112.2  1924  108.5  1899  103.3  1960   259.3  2003   187.2  2014   214.4  1991   280.4  1874   857.6  1967
  101.9  1926   74.3  1941   72.4  1934   66.1  1950   65.0  1986   71.0  1917   78.5  1872   85.4  1954   81.9  1956  112.1  1913  107.5  1887  102.9  1948   258.0  1904   186.0  1952   213.5  1871   279.9  1970   854.0  1954
  100.4  1873   73.3  1958   72.0  1987   65.9  1968   64.7  1877   70.8  1890   77.8  1978   84.6  1962   81.2  1973  111.6  1917  106.7  1910  102.1  1912   257.5  1872   185.6  1889   212.5  1880   279.4  1954   854.0  1993
   99.6  2011   73.1  1865   70.6  1959   65.9  1925   64.3  1952   70.3  1963   77.1  1940   83.1  1950   80.9  1953  111.0  1894  105.6  1905  101.9  1900   257.5  1986   183.2  1916   211.7  1922   276.3  1877   852.3  1886
   99.3  2001   72.9  1946   70.3  2013   64.5  1889   64.2  1951   70.1  1896   76.6  1891   81.7  2020   79.5  1984  111.0  2014  103.0  1938  100.3  1897   256.9  1984   182.7  2002   210.7  1957   276.0  1981   852.0  2008
   97.7  1922   72.1  1972   68.8  1877   63.8  1876   63.9  1923   69.6  1900   76.6  2008   80.7  1935   79.3  1863  110.3  1870  102.2  1936  100.2  1961   255.9  1883   181.7  1905   210.6  1882   275.7  1963   844.4  2007
   97.1  1867   71.2  1922   68.1  1972   63.2  1862   63.8  1889   68.9  1977   76.3  1980   80.0  1905   79.0  1992  110.0  1980  102.2  2012   99.7  1880   252.5  1919   180.7  1909   210.0  1977   275.4  1927   843.4  1928
   96.5  2015   70.0  1989   68.0  1998   63.0  1970   63.5  2016   68.5  1966   76.2  1883   79.6  2001   76.4  1925  106.5  1886  101.9  1952   99.4  1935   250.9  1897   179.3  1946   209.7  2011   273.6  1946   838.4  1979
   96.1  1991   69.9  1954   66.8  1978   62.9  1903   62.8  1968   66.7  1862   75.6  1865   79.4  1942   76.0  1882  106.3  1885  101.8  1931   98.5  1869   247.4  1980   178.6  1978   209.5  1965   271.9  1926   837.8  1999
   96.0  1912   68.6  1940   66.7  1872   62.5  2008   62.8  2015   65.4  1955   75.5  1945   79.3  1922   75.2  1936  105.4  1893  101.8  1914   98.4  1986   245.3  1879   178.5  1888   209.5  1905   270.9  1930   832.1  1878
   94.6  1869   67.4  1919   66.2  1971   62.1  1972   62.7  1930   64.7  1973   75.2  1909   78.1  2011   73.7  1887  105.4  1994  100.8  2016   98.1  2018   244.3  1948   178.2  1969   207.3  1987   270.5  1909   831.8  1862
   93.4  1993   67.1  2009   65.0  1986   61.5  1890   62.5  1958   64.7  1928   75.1  1987   77.8  1890   73.5  1932  104.8  1911  100.2  1881   97.7  1922   243.4  1885   178.1  1876   206.8  1936   269.6  1932   830.8  1982
   92.3  1863   67.0  1961   64.9  1969   61.3  1979   62.1  1902   63.9  1948   74.3  1968   76.5  1924   72.8  1961  104.7  1929  100.0  1883   96.6  1916   242.3  1988   175.5  1993   206.3  1867   264.6  1928   829.1  1986
   92.2  1900   67.0  1996   64.5  1965   60.5  1953   58.7  1993   63.2  1924   74.3  1992   75.0  2008   72.2  2008  100.2  1942   98.4  1959   96.6  1977   242.3  1913   172.6  1966   204.1  1872   263.8  1892   827.6  1909
   90.7  1969   66.9  1906   63.4  2019   60.2  1991   58.3  1972   62.2  1878   74.3  1941   74.0  1969   72.0  2001   99.5  1910   97.7  2008   96.3  1958   240.8  1920   172.5  2004   201.1  1951   262.7  2013   827.3  1950
   90.4  1920   65.7  1960   63.1  1942   59.0  1901   57.9  1954   60.5  1945   73.4  2002   73.9  1971   71.9  1970   98.0  1984   97.1  2006   96.3  1981   240.7  1946   172.2  1971   199.6  1963   261.8  1883   826.3  1981
   90.1  2009   64.3  1994   62.4  1873   58.7  1868   56.8  1910   59.9  1956   71.1  1889   73.5  1996   71.2  2006   97.9  1981   95.8  1882   95.8  1938   239.9  2000   172.1  1941   199.2  1877   260.8  1918   822.5  2009
   89.9  1894   63.4  1912   61.8  1891   58.5  1946   56.8  1883   59.7  1897   69.4  1886   72.7  1873   70.7  1884   97.8  1961   95.6  1876   95.5  1995   239.1  1970   171.9  1931   197.7  1939   260.6  2014   817.3  1977
   89.7  1918   62.9  1926   60.3  1881   58.4  1934   56.6  1985   59.5  1916   68.6  1969   72.6  1925   70.7  2017   97.5  1940   94.4  1878   95.4  1997   236.6  1899   171.6  1987   195.6  1999   259.9  1913   812.9  1868
   89.6  1951   62.5  1889   59.8  1928   57.8  1910   56.4  2013   59.2  1884   66.6  1914   72.3  1957   69.4  1899   97.4  2005   94.3  1864   95.2  1925   231.2  1999   171.3  1885   195.2  2008   259.7  1923   812.8  1965
   88.9  1958   62.3  1978   58.9  2010   57.5  1867   56.4  1945   59.1  2002   66.0  1908   71.4  2017   69.2  1892   97.1  1898   94.0  1885   95.0  1907   230.2  1875   171.0  1920   194.9  1866   259.6  1950   812.0  1930
   88.8  1938   62.1  1980   58.6  2006   57.2  1978   56.1  1966   58.7  1881   64.5  1884   70.7  1900   69.0  1983   96.5  1896   93.3  1886   93.8  2011   230.0  2018   169.6  1882   194.9  1948   257.2  1911   810.5  1984
   88.7  1959   61.0  1936   58.5  1866   57.1  1894   55.9  1907   58.2  1906   64.5  1910   70.5  1919   68.7  1873   96.1  1952   92.7  1898   93.4  1942   229.7  1967   168.6  2013   194.4  2015   253.7  1994   808.7  1923
   88.2  1960   61.0  1979   58.5  1917   56.6  1999   54.9  1949   58.2  1894   64.2  1892   70.3  1866   68.5  1963   96.0  1955   90.7  1965   93.4  1976   228.8  1881   168.4  1907   193.8  1953   252.6  1958   806.2  1936
   87.9  1977   59.9  1970   58.2  1911   56.4  1987   54.8  1867   58.1  1965   64.1  1862   68.6  1895   68.4  1897   93.6  1925   88.7  1949   93.3  1982   227.3  1958   167.9  1992   193.2  1935   251.5  1876   805.7  2013
   87.7  1899   58.7  2011   57.7  1922   56.1  1866   54.7  1975   57.7  1960   63.6  1930   67.7  1968   68.3  1912   93.6  2002   87.3  1865   93.1  1984   224.5  1887   167.7  1925   193.0  1908   250.6  1886   803.8  1992
   87.7  1879   58.5  2015   57.5  1991   55.8  1874   54.6  1926   57.6  1873   63.3  1944   67.7  1979   67.4  2015   93.2  1912   85.4  1913   88.5  1881   224.1  1996   166.2  1989   192.7  1918   250.2  1966   797.4  1881
   86.5  2003   57.4  2006   57.3  1889   54.5  1973   54.6  1978   57.6  1892   63.2  1901   67.3  1910   67.4  1903   91.9  1895   84.7  1927   88.0  1955   222.9  1969   165.3  1922   190.4  2019   250.2  1938   788.1  2006
   85.7  2002   57.4  1931   56.9  1923   54.4  1947   54.6  2018   56.5  1990   61.5  2005   67.3  2018   67.1  1864   90.9  1938   84.2  1928   87.3  1884   221.0  2004   164.0  1917   189.3  2004   246.5  1895   787.5  1918
   85.3  1955   56.1  1872   56.9  1994   54.4  1930   54.1  1906   55.7  1947   59.8  2015   66.9  1889   66.8  2012   89.9  1937   84.1  1977   85.1  1998   220.8  1906   162.7  2007   188.8  1873   246.0  1866   787.3  2021
   84.7  1972   55.5  2019   56.4  1901   54.2  1971   52.7  1913   55.2  1874   59.0  1970   66.9  1965   66.7  1954   89.6  1953   81.9  1880   84.8  2003   220.7  1962   161.7  1959   187.3  1915   245.9  2001   787.1  1919
   81.6  2017   54.6  2021   56.4  1985   54.1  1905   52.4  1938   54.6  1993   58.9  1993   66.3  1909   66.2  1982   89.2  1878   81.5  2007   84.2  1966   220.6  1956   160.9  1984   186.5  1862   241.1  1899   779.3  1970
   81.4  1884   54.1  2016   56.4  1992   54.1  1917   52.1  1933   53.9  1907   58.5  1873   65.8  1980   64.9  1894   86.0  1915   80.7  1941   84.0  1983   218.1  1894   160.4  1927   186.5  1895   240.6  1925   778.3  1952
   81.4  1942   53.6  1894   55.7  2007   54.0  1886   51.9  1971   53.9  1911   58.0  2003   63.9  1934   64.8  1915   85.8  1873   79.3  1891   83.7  1968   216.6  1922   159.9  1926   186.2  1945   237.5  1986   778.2  1987
   81.3  2013   53.5  1873   55.7  1967   53.6  1895   51.6  2004   53.2  2017   57.2  2000   63.0  1970   63.9  1920   85.8  1968   79.2  1972   81.5  1923   216.4  1865   159.2  1933   185.3  2014   236.8  1995   777.9  1926
   81.1  1890   53.1  1945   55.1  2020   52.6  1880   51.4  1917   53.0  2020   55.4  1958   62.9  1896   62.9  1944   85.7  1990   78.8  1962   81.0  1928   216.0  1938   159.2  1988   183.5  1863   236.1  1975   777.8  1917
   81.1  2018   52.1  1870   54.6  1995   52.4  1928   51.0  1962   51.3  1931   55.3  2001   62.3  1944   62.4  1913   85.6  1943   77.5  2015   80.8  1870   213.4  2002   158.9  1985   180.7  1916   235.3  2008   775.6  1922
   81.0  1925   52.1  1874   54.0  1869   51.3  2016   50.2  1916   50.8  1920   55.0  1938   62.3  1994   61.6  1881   85.3  1945   77.2  1900   80.1  1930   212.0  1867   158.2  1928   180.0  2002   233.7  1999   774.6  1869
   79.6  2007   51.8  1867   52.2  1884   51.1  1897   49.9  1953   49.8  1953   54.4  1919   61.9  1887   60.7  1875   85.0  1986   76.6  2010   80.1  2015   210.1  1998   157.9  1968   176.9  1969   232.2  1869   773.0  1888
   79.1  1941   50.6  1878   51.4  2005   51.0  1967   49.8  1929   49.0  1865   53.3  2004   61.6  1874   59.2  1937   83.4  1958   76.2  1924   79.0  1946   209.2  1975   157.9  1977   176.4  1897   231.4  1961   771.4  1948
   78.5  2020   50.2  2017   51.1  1970   50.1  2005   49.1  1941   48.6  1933   53.0  1959   61.4  2006   58.0  1948   82.1  1988   74.0  1991   77.8  1882   208.9  2015   157.3  1864   174.0  1982   229.5  1907   768.6  1963
   78.0  1965   50.1  1988   49.1  1936   49.9  1962   49.0  1894   48.6  1883   52.7  1943   61.1  1939   56.6  1862   78.5  2010   73.5  1915   77.3  1904   203.5  1991   157.3  1930   173.5  1930   228.1  1965   767.8  1906
   76.7  1924   50.1  1968   48.8  1886   49.7  1936   48.7  1977   47.7  1941   52.6  1985   60.7  1967   56.5  1980   77.8  1867   73.5  1957   76.6  1908   203.4  1941   156.7  1965   173.0  1928   227.5  1881   767.5  1940
   76.2  1979   49.5  1884   48.3  1870   49.4  1975   48.2  1997   47.0  1944   52.3  1912   60.4  1928   56.3  1938   76.7  1989   72.8  1902   76.3  2021   201.9  2009   155.6  1871   172.5  1944   225.8  1936   765.6  1913
   75.6  1921   49.5  1875   48.1  1895   49.0  1927   48.2  1965   46.0  2003   52.0  1866   59.8  1923   55.7  1923   75.9  1992   72.7  1987   76.0  1969   201.8  2008   155.4  1891   172.0  1900   224.3  1915   761.0  1885
   73.6  1910   48.5  1969   47.8  1920   48.0  2020   47.9  1908   44.9  1967   51.9  1974   59.6  1894   55.5  1867   74.4  1959   72.6  1892   75.5  1952   200.5  2011   154.4  1955   171.4  2020   224.0  1873   759.3  1980
   73.3  1871   48.5  1928   47.7  1902   47.4  1888   47.0  1890   44.9  1898   51.8  1942   58.5  1904   54.4  1922   74.1  1997   72.5  1874   75.3  1936   200.3  1893   154.2  1890   170.4  1988   223.9  1887   758.8  2018
   72.6  1903   48.4  1877   47.2  1960   45.9  1985   46.9  1875   44.3  1972   51.4  1913   57.5  1938   53.1  1945   74.0  1926   71.6  2013   74.7  1893   200.0  1983   154.1  1898   170.3  1925   222.4  1878   758.0  1900
   72.4  2010   45.4  1955   47.0  1868   45.2  1911   46.2  1982   44.1  1876   51.4  1933   57.4  1867   52.7  1905   73.6  1863   71.5  1975   74.7  1920   198.5  1868   151.2  1866   168.4  1889   221.6  1893   757.1  2004
   72.2  1983   44.9  1882   46.7  2002   45.1  1885   46.1  1996   43.8  1939   50.9  1973   57.2  1982   52.7  1942   73.0  1974   71.0  1995   74.4  1898   198.0  1911   150.6  1934   167.2  1926   217.9  1912   753.2  1929
   71.2  1895   43.8  1947   46.3  1885   44.9  1872   46.0  1928   43.7  1979   50.8  1926   56.8  1870   52.6  2013   72.3  1868   70.5  1925   74.1  1947   197.7  1870   148.9  1915   163.7  1896   217.6  1910   751.6  1867
   70.6  1932   43.4  1901   45.6  1890   44.0  1965   45.8  1863   43.6  2008   49.9  1962   56.0  2012   52.2  1893   67.4  1877   69.7  1934   73.1  1992   197.7  1950   147.8  1904   161.9  1978   217.3  1980   748.5  1995
   69.2  1940   43.4  1987   44.6  1887   43.6  1909   45.6  2003   42.9  1981   49.8  1947   55.6  1862   52.1  1870   67.3  1999   69.5  1873   70.9  1964   195.8  1871   147.3  1894   159.7  1986   216.9  1996   746.7  1911
   68.0  1967   43.1  1911   44.4  1983   43.3  2002   45.5  1963   41.8  1978   49.5  1904   55.5  1863   52.0  1931   66.1  1954   64.6  1918   70.8  1951   194.9  1955   147.3  1982   159.3  1998   215.0  1862   744.2  1932
   67.8  1862   42.5  2018   43.6  1932   43.1  1949   45.0  1918   40.8  1885   49.2  2011   55.3  2005   51.8  1991   65.8  1881   64.3  1907   70.4  1962   194.3  1985   147.1  1940   158.9  2010   214.5  1898   741.5  1941
   67.5  1887   41.7  1871   43.6  2004   43.0  1990   43.3  1960   40.6  1937   48.9  2019   54.7  1915   51.3  2016   65.5  2008   64.3  2020   69.4  1895   193.0  1931   146.9  1910   158.2  2001   213.7  1870   739.5  1961
   67.2  1985   41.2  1903   43.4  1957   42.9  1952   43.3  1950   40.4  1899   48.9  1881   54.6  1953   50.9  2010   65.4  2009   64.1  1971   69.2  2005   188.7  1959   146.3  1912   157.0  1884   213.5  1953   738.7  1883
   67.1  1883   40.8  1953   41.9  1996   42.9  1941   43.2  1987   39.8  1901   48.7  1946   54.3  1988   50.8  1886   65.2  1883   64.0  1893   68.7  1874   188.3  1927   145.0  1935   156.0  1973   212.2  1863   737.2  2015
   65.8  1885   39.5  1892   41.8  2017   41.8  2013   43.0  1988   39.8  1989   48.2  1981   53.6  1888   50.3  1949   63.4  1914   63.5  1890   68.3  1990   186.4  2019   144.1  1939   155.8  1901   212.1  1997   736.8  1897
   65.7  1927   39.5  1982   41.4  1958   41.4  1948   42.7  2012   39.7  1891   48.0  1928   52.8  1901   50.0  1934   63.2  1899   63.2  1994   66.9  1918   185.2  1947   144.0  1918   154.3  2009   208.3  1962   732.4  1985
   65.3  1968   39.4  1984   41.2  1894   41.1  1981   42.4  1882   39.3  1867   47.8  1951   52.7  2007   48.3  1908   62.8  1971   62.3  1966   66.8  2007   184.6  1902   143.8  1954   152.9  1970   208.2  1957   732.1  1920
   65.1  1891   39.1  1991   40.2  1930   41.0  1940   41.7  1887   39.0  1983   45.9  1907   52.4  1882   47.7  1955   62.6  1979   62.0  1998   66.4  1967   183.5  1982   143.6  1973   151.5  1932   206.6  2003   729.9  2016
   64.4  1952   39.0  1898   39.9  1962   40.6  2009   41.7  1899   38.0  1929   45.7  2014   51.6  2021   47.7  1901   62.0  1900   61.2  1869   65.1  1957   183.3  1972   142.4  1950   151.5  1868   206.0  2010   729.9  1957
   64.1  1934   38.8  1888   39.6  1906   40.6  1884   40.6  1864   37.7  1952   43.9  1986   51.5  2019   46.8  1943   61.4  1901   60.9  1958   64.1  1954   183.1  1940   140.9  1901   151.2  1883   205.5  2018   727.1  1871
   63.8  1946   38.7  1939   38.9  1871   40.0  1887   40.3  1873   37.5  2014   43.4  1878   50.7  1929   46.0  1988   60.2  1983   60.8  1961   63.4  1865   181.8  1968   140.8  1962   151.0  2005   205.5  1905   726.2  2017
   62.4  1947   38.7  1907   38.5  2009   39.6  1944   39.7  1947   37.2  1943   42.1  1929   50.6  1907   45.4  1904   59.6  1869   59.9  1967   63.0  1866   177.7  1901   140.7  1911   150.4  1907   204.5  1888   725.9  1942
   61.5  1897   38.5  1943   38.2  1878   39.4  1942   39.7  1921   37.1  1932   41.7  1923   50.2  1945   45.1  1916   58.1  1948   59.7  1979   61.9  1894   176.0  1863   140.6  1948   150.1  1919   203.4  1864   725.8  1931
   61.5  1996   38.1  2013   38.2  1904   39.0  2006   38.1  1909   36.9  1957   41.7  1961   49.9  1872   44.8  1872   58.1  2015   59.3  1863   61.3  1903   174.8  1971   140.4  1970   150.1  1876   203.2  1868   725.5  1934
   57.6  1933   37.7  1948   38.0  2014   37.6  1988   37.3  1911   36.3  1934   41.0  1963   47.5  2002   44.7  2021   55.0  1920   58.9  1919   60.0  1944   174.1  1993   140.2  1868   149.7  1874   203.0  2015   724.7  1997
   57.5  1957   37.1  1902   37.9  1939   37.4  1956   37.0  1939   35.6  1922   40.9  1934   46.2  2000   44.1  1917   54.9  1996   58.1  1985   59.6  1862   172.8  1924   140.0  1902   149.3  2016   201.0  1942   724.5  1959
   55.4  1931   35.4  1868   37.0  1999   37.2  1875   36.7  1957   35.2  1992   39.2  2006   46.2  1987   42.9  1987   53.9  1902   58.1  1964   59.4  2004   172.2  1882   135.9  2021   148.3  1993   199.8  2004   718.3  1896
   55.2  1874   34.6  1983   36.3  1921   36.6  2003   36.7  1888   34.7  1950   38.9  1972   45.2  1913   42.7  1877   53.3  1977   56.4  1912   58.0  1877   170.8  1908   134.6  2005   147.4  1964   197.1  1889   717.3  1969
   54.1  1893   34.4  1949   35.8  2021   36.3  1883   36.6  1866   34.6  1864   37.2  1975   45.0  1914   42.6  1919   53.2  1933   54.5  1903   56.9  1906   168.2  1949   134.0  1899   145.6  1893   195.4  1914   715.5  1978
   53.6  1980   34.0  1985   35.4  1974   36.2  1898   36.3  1999   34.2  1969   36.7  2020   44.7  1943   40.7  1940   53.0  2018   54.4  2005   55.6  1887   167.3  1918   132.3  1991   145.3  1979   194.0  1937   714.9  1988
   51.7  1944   33.3  1918   34.6  1924   35.8  1864   36.1  2009   34.1  2005   35.6  1998   43.8  1959   40.3  2011   53.0  1963   54.3  1993   54.6  1950   167.2  1892   131.8  1958   144.4  1914   194.0  2021   714.2  1975
   50.6  1945   32.9  1908   34.6  1955   34.7  1869   35.7  1914   34.1  1869   35.1  1902   43.7  1921   40.2  2002   51.7  1957   52.5  1921   53.9  2014   166.8  1933   131.4  1980   143.4  1952   193.8  1955   709.0  1873
   48.7  2012   32.6  2004   33.9  1865   33.9  1977   35.6  1912   33.8  2009   35.0  1937   42.5  1875   40.0  2005   51.6  1964   51.2  1870   53.8  1943   165.0  1886   130.1  1949   141.6  1962   191.8  2005   707.5  1971
   47.8  1966   32.4  2003   33.8  1882   33.7  1914   35.5  1900   33.4  2004   34.0  1996   42.3  1978   38.9  1878   51.4  1927   50.9  1866   53.2  1888   164.9  1973   129.9  1999   141.0  1934   191.8  1871   707.0  1907
   47.7  1982   32.2  1976   33.0  1950   33.5  1915   35.4  1935   32.8  2010   33.9  1979   41.4  1926   38.6  2018   51.1  1904   50.8  1980   53.1  1973   163.7  1945   126.3  1887   140.6  1942   187.5  1917   704.9  1972
   47.1  1870   32.1  1864   33.0  1946   33.3  1904   35.1  1920   32.7  1994   33.5  1868   41.1  1918   37.1  1990   51.0  2003   50.4  1990   53.0  1974   163.5  1914   125.3  1873   136.3  1967   181.8  2016   704.8  1956
   46.8  1881   31.9  1999   32.2  1910   32.9  1900   35.1  1897   32.7  1914   32.9  1948   40.4  1973   36.0  1972   49.7  1930   50.1  1955   51.3  1871   161.8  2012   122.3  1953   135.5  1904   178.4  1943   703.5  1874
   45.5  1878   31.4  1992   32.1  1949   30.3  1996   34.6  1868   32.5  1961   32.8  1874   40.3  1961   35.7  1889   49.0  1991   50.0  1923   51.0  1878   161.7  1987   121.9  1865   134.6  1943   176.5  1959   697.6  1983
   43.1  1954   29.9  1964   30.6  1892   30.2  1902   34.5  1870   32.1  1951   32.2  1995   40.1  1975   35.5  1986   48.3  1936   48.6  2017   50.9  1941   161.6  1903   120.8  1883   133.1  1938   174.9  1991   695.2  1904
   42.9  1908   28.8  1913   30.5  1898   29.4  1916   34.3  1992   31.9  1908   32.0  1870   39.7  1920   35.4  1966   48.3  1918   48.1  1942   49.9  1940   161.4  1921   120.3  2019   130.8  1929   173.2  1990   690.2  1895
   41.9  1923   28.3  1981   30.3  1993   29.0  1933   33.1  2005   30.9  1970   31.9  2013   39.5  2016   35.2  2020   48.2  1866   47.6  1968   49.5  1863   161.3  1917   118.8  2017   126.8  1886   173.2  1983   689.3  2010
   39.4  2005   28.1  1975   29.3  1900   28.7  1943   32.3  2001   30.4  1889   31.7  1982   39.0  2013   35.1  2004   48.2  1934   46.7  1948   48.5  1867   158.8  1965   118.6  1961   125.7  1959   170.3  1931   688.4  1889
   38.7  1882   28.1  1930   29.2  1968   28.7  1945   31.9  1881   28.9  1959   31.6  1900   37.9  1937   34.7  1947   47.5  1908   46.0  1943   48.1  1980   157.8  1884   118.3  1996   124.5  1996   167.9  1934   683.8  1955
   37.9  1917   26.8  1917   29.0  1880   28.4  1892   30.9  2019   28.7  1984   31.0  1976   37.7  1949   34.2  1911   47.2  1905   46.0  1989   47.9  1899   157.2  1952   117.2  1906   123.7  1981   163.6  1933   681.6  1962
   37.8  1864   26.7  2008   28.1  1945   28.0  1958   30.4  1961   28.6  1887   30.7  1896   36.9  1898   34.1  1891   46.0  1888   45.6  2011   47.8  1902   157.1  1898   116.2  1960   123.4  2000   162.8  1948   680.6  1899
   36.9  1916   24.7  1973   27.7  1883   27.5  1969   30.1  2010   28.1  1877   30.7  1967   36.5  1989   33.9  1888   46.0  1871   45.0  1937   47.6  1921   154.1  1878   115.2  2009   122.3  1933   161.9  1900   679.7  1944
   36.5  1911   24.7  2005   27.2  1918   27.5  1921   30.0  1974   27.6  1904   30.4  1916   36.2  2009   33.8  1989   45.5  1956   44.5  1922   47.6  1889   153.2  1890   114.0  1884   122.0  2003   161.1  1977   678.1  1991
   35.3  1876   24.6  1971   26.6  2012   25.9  2019   29.6  1940   27.6  1988   30.0  2018   35.8  1886   33.7  1906   45.2  2007   44.3  1868   46.6  1892   151.1  1942   113.2  1936   121.2  2006   159.6  1867   677.9  1989
   34.8  1929   24.4  1890   25.8  1863   25.7  1929   29.5  1995   27.0  1918   29.5  1984   34.9  1993   32.6  1921   43.5  1962   44.0  1983   45.4  1939   149.9  2006   113.2  1945   120.9  1994   159.0  1920   672.5  1892
   34.1  1981   24.1  1863   25.5  1875   25.6  1960   27.2  2011   26.4  2015   29.5  1989   34.6  1990   31.2  1890   42.8  1887   43.3  1981   45.1  1949   149.7  2017   111.6  2010   117.3  1947   158.6  1988   669.1  1976
   33.2  1989   23.6  1944   25.2  2003   23.4  1906   26.2  1970   25.9  1915   28.3  1983   33.4  1884   31.0  1902   42.0  1864   43.0  1953   44.7  2008   149.6  1876   111.3  1943   116.9  1955   157.7  1902   667.3  1908
   32.8  2019   22.1  1963   24.4  1915   22.7  2010   26.1  1980   25.2  1919   28.2  1899   33.3  1869   30.6  2007   41.6  1876   42.1  1999   44.3  1917   143.4  1953   110.8  1881   114.4  1961   157.3  2007   664.0  1905
   32.4  1901   22.1  1952   24.2  1948   22.6  1873   25.8  1892   25.1  1893   28.2  1997   33.1  1871   30.2  1914   38.8  1973   41.3  1904   43.0  1970   142.9  1889   110.7  1896   114.0  1923   156.4  1989   663.7  1943
   32.0  1973   21.9  1929   23.4  2015   21.6  1891   25.7  1927   23.3  2001   27.8  1964   32.6  1981   28.5  1928   36.1  2011   41.2  1884   42.2  2010   139.1  1895   110.6  1895   113.4  1937   152.1  1973   658.5  1990
   30.9  1949   20.6  1938   22.3  2000   19.9  1980   25.5  1901   22.8  2013   26.2  1897   32.2  1880   28.3  1996   35.9  1995   41.1  1932   41.8  1913   137.8  1929   109.5  1875   113.4  1887   149.8  1945   657.2  1890
   28.0  1888   20.0  1905   22.3  1907   19.7  1863   25.3  1998   21.9  1930   26.1  2010   31.7  1984   28.3  1939   34.7  1941   40.8  2001   37.0  1875   134.4  1954   108.1  2020   113.0  1913   149.1  2017   656.9  1945
   27.2  1889   19.3  2012   21.9  1976   19.7  1982   25.1  1976   21.9  1986   25.9  1994   31.1  1893   27.8  2009   33.7  1946   40.1  1920   35.3  1864   133.4  1997   107.4  2003   108.2  1972   147.4  1956   656.7  1938
   27.1  1953   19.2  1887   20.8  1879   19.5  1995   23.7  1922   21.6  1886   25.8  1971   30.3  1964   24.7  1898   33.0  1922   39.1  1947   34.9  1885   129.1  1944   104.6  2015   106.5  1990   147.0  1969   652.9  1863
   26.8  2000   18.9  1942   19.5  1899   18.7  1881   23.3  1876   20.6  1938   24.9  1949   30.2  1932   23.7  1977   32.8  1951   34.8  2004   33.3  1987   126.2  1880   103.6  1995   105.9  1906   143.9  1884   647.5  1949
   26.6  1902   18.4  1920   19.4  1956   18.5  2015   23.2  1959   20.6  2006   23.4  1955   28.6  1864   23.5  1926   32.3  1890   32.4  1897   33.2  1975   124.2  1874   103.5  1921   105.7  1989   143.3  1972   640.4  1964
   26.3  1935   18.0  1886   18.6  1874   17.6  1896   23.0  1874   20.0  2000   23.1  1935   28.1  1955   22.7  1900   32.1  1884   32.3  1896   27.7  1996   123.5  2005    97.6  1900   100.2  1870   142.5  1979   639.7  2003
   25.8  1909   15.4  1986   18.0  1925   16.6  1865   22.9  1893   17.9  1995   22.9  1887   27.1  1911   22.5  1969   30.7  1975   32.1  1973   26.8  1883   122.8  1905    97.4  1874   100.0  2018   140.8  1971   633.9  1947
   25.5  1905   14.6  1962   17.6  1973   15.2  1974   21.2  1884   17.0  1895   22.0  1977   27.1  1906   22.0  1895   29.8  2017   31.8  1917   26.4  1971   122.4  1888    93.6  1870    97.3  1898   137.8  1904   633.3  1884
   25.0  1907   14.6  1924   17.6  1966   11.8  1997   20.8  1905   17.0  1996   20.5  1906   26.7  1899   20.7  1978   29.7  1985   30.5  1988   25.8  2001   121.0  1989    93.5  1880    96.7  1940   135.8  1879   631.6  1893
   24.6  1896   14.4  1909   16.2  1997   10.9  1955   19.7  1934   16.5  1940   19.3  1876   26.4  1883   20.7  1964   29.7  2016   30.3  1889   25.5  1879   120.5  1907    91.3  1863    95.4  1899   131.9  1922   630.5  2011
   24.3  1950   13.7  1862   16.0  2011   10.8  1870   18.0  1871   16.4  1913   18.2  2016   25.5  1885   20.2  1979   28.1  1972   29.6  1908   24.1  1963   119.3  1864    86.9  1957    93.7  2013   130.4  1964   627.3  1902
   23.3  2006   12.6  1956   15.7  1935   10.7  1976   16.8  1944   16.0  1949   18.0  1905   25.0  1972   18.9  1985   26.4  1921   27.4  1933   23.6  1890   116.8  1909    84.8  1892    90.3  1911   127.6  1941   619.5  1901
   21.8  1892   11.1  1921   14.2  1943   10.1  2021   14.7  1991   14.4  1976   18.0  1863   22.2  1933   16.1  1907   25.3  1919   26.3  1867   23.4  1932   112.0  1963    80.7  1974    90.0  1984   127.0  1890   618.8  1953
   21.6  1964    9.9  1965   13.1  1926    8.5  2017   14.4  1936   14.4  1868   17.6  1869   22.0  1983   14.0  1971   25.0  1879   26.1  1862   21.9  1905   110.6  1981    78.4  1929    89.4  1975   126.7  1919   615.9  1996
   20.9  1992    9.9  1896   12.5  1931    8.5  1954   11.9  1880   12.4  1923   16.7  1952   20.6  1998   13.9  2014   20.5  1897   22.8  1978   21.9  1931   103.9  1896    76.2  1997    89.4  1983   126.0  1901   610.6  2005
   20.1  1914    9.3  1998   11.9  1953    6.8  1957   11.7  1919   12.1  1975   15.5  1898   18.3  1976   13.5  1929   19.8  1970   22.3  1909   21.4  1953    99.8  1932    68.3  1938    85.0  1869   125.4  1908   606.0  1887
   19.9  1987    7.5  1993   11.5  1893    6.0  1938   11.7  1989   11.4  1870   15.4  1990   18.2  1936   12.3  2003   18.7  1950   21.5  1879   21.2  1991    89.7  1891    67.7  1956    78.6  1949   122.0  2011   605.0  1933
   19.6  1963    7.2  1932   10.0  1938    4.4  1984   10.9  1956    9.4  1942   14.3  1864   18.0  2003   12.1  1941   18.2  1965   20.0  1956   17.9  2016    84.9  1934    61.8  1944    77.5  1864   121.3  1897   597.1  1898
   18.4  1976    6.0  1895    8.3  1990    3.6  2011    9.5  1990    7.1  1962   13.2  1999   16.7  1991   11.6  1997   16.5  1931   19.7  1871   17.8  1988    83.8  1976    60.9  1990    75.3  1885   111.5  1921   587.6  1870
   17.8  1898    4.2  1934    5.3  1944    2.5  2007    8.9  1895    4.6  1921    9.7  1921   11.8  1947   11.4  1910   15.7  1947   16.9  1901   16.9  1873    75.6  1964    57.6  1976    63.7  1976   106.7  1985   561.6  1973
   15.8  1997    3.6  1959    2.9  1961    2.3  1912    7.7  1896    3.2  1925    9.3  1911    4.8  1995    5.5  1865    6.1  1969   14.2  2021   16.6  1933    73.5  1992    46.8  2011    58.0  1921    89.5  1947   543.3  1864
   13.6  1880    1.1  1891    2.9  1929    1.5  1893    5.0  2020    2.8  2018    9.0  1885    3.0  1940    3.7  1959    6.1  1978   11.5  1945   14.1  1926     ---  1862    36.0  1893    54.9  1995    49.5  1978   407.4  1921