Areal values from HadUK-Grid 1km gridded climate data from land surface network
Source: Met Office National Climate Information Centre
Monthly, seasonal and annual number of days in the month with air frost (minimum temperature below zero) for England N
Areal series, starting in 1960
Last updated 01-Jan-2022 10:59
    jan  year    feb  year    mar  year    apr  year    may  year    jun  year    jul  year    aug  year    sep  year    oct  year    nov  year    dec  year     win  year     spr  year     sum  year     aut  year     ann  year
   26.9  1963   27.7  1963   22.1  1962   15.0  2021    4.9  1979    0.6  1962    0.0  1965    0.0  1977    0.8  1986    6.1  1993   15.8  1965   23.7  1981    75.9  1963    28.6  1970     0.6  1962    19.7  1993    89.9  1979
   26.9  1979   24.6  1986   19.9  2013   10.6  1970    3.8  1996    0.4  1991    0.0  2000    0.0  1964    0.6  1974    6.1  1992   15.1  1985   23.0  2010    64.8  1979    28.5  2013     0.4  1991    15.9  1965    89.4  2010
   24.8  1985   22.7  1968   18.1  1969   10.2  1968    2.7  2010    0.3  1975    0.0  1960    0.0  2012    0.5  1979    5.1  1981   14.4  1996   21.4  1961    54.6  2010    27.5  1969     0.3  1975    15.2  1985    88.0  1969
   21.1  1987   22.4  1979   18.0  1970    8.9  1969    2.5  1984    0.1  1989    0.0  1962    0.0  1962    0.4  1972    4.6  1997   13.3  1993   21.3  1962    50.7  1968    27.2  1962     0.1  1989    14.9  1973    83.6  1963
   20.4  1997   21.0  1983   16.4  1987    8.1  1984    2.5  2021    0.1  1974    0.0  1973    0.0  1983    0.3  1964    4.3  1983   13.3  1969   20.0  1976    50.2  1985    22.8  1979     0.1  1974    14.4  1996    82.0  1985
   19.0  1980   20.9  1969   14.9  1965    8.1  1986    2.5  1995    0.1  1971    0.0  1971    0.0  1961    0.2  1995    3.6  1973   12.2  2005   18.6  2001    49.2  1986    22.7  1995     0.1  1977    13.6  1971    81.0  1962
   18.6  1991   20.2  1996   14.6  1995    8.0  1983    2.3  1967    0.1  1977    0.0  1966    0.0  1993    0.2  1988    3.4  2003   12.1  1971   17.4  1964    48.8  1982    22.2  2021     0.1  1971    13.6  1988    78.0  1996
   18.5  2021   19.6  1991   14.4  2006    7.9  2013    2.2  1982    0.1  1978    0.0  1972    0.0  1994    0.2  1993    3.0  2002   11.3  1973   17.2  2009    47.4  1991    20.6  1975     0.1  1978    13.4  1969    77.5  1981
   17.8  2010   19.6  2010   13.7  1985    7.0  1978    2.2  1997    0.1  2001    0.0  1996    0.0  1965    0.2  1987    3.0  2018   10.7  1988   16.8  1995    46.3  1970    20.3  1965     0.1  2001    12.3  2005    76.7  1965
   17.6  1977   18.0  1981   13.7  1976    6.8  1989    2.1  1975    0.1  2015    0.0  1969    0.0  1969    0.2  2012    3.0  2008   10.2  2010   16.5  1969    46.2  1969    20.1  1996     0.1  2015    12.0  2010    76.7  1968
   17.2  1984   17.7  1978   13.1  2018    6.7  1966    2.1  2020    0.0  1973    0.0  1968    0.0  1999    0.1  2007    3.0  1980   10.2  1967   16.1  2008    46.0  1965    19.9  1968     0.0  1973    11.8  1992    75.2  2001
   17.0  2001   17.3  1970   12.9  1979    6.3  1990    2.0  2012    0.0  1969    0.0  2007    0.0  1998    0.1  1976    2.6  1988    9.7  1962   15.7  1968    45.7  1977    19.0  1984     0.0  1969    11.6  1962    74.8  1970
   16.7  1978   17.1  1960   12.9  2001    6.2  1973    1.7  1977    0.0  2005    0.0  1997    0.0  1963    0.1  1975    2.6  1964    9.2  1975   15.5  1978    45.2  1996    18.4  1987     0.0  2005    10.7  1983    71.0  2013
   16.6  1965   16.9  2001   12.4  1975    6.2  2016    1.7  1981    0.0  1987    0.0  1998    0.0  1982    0.1  1991    2.0  1974    9.0  1972   15.1  1996    45.1  1987    18.3  1976     0.0  1987    10.5  1967    70.2  1986
   16.4  1966   16.6  1994   12.4  1980    6.1  1975    1.6  1968    0.0  1985    0.0  1999    0.0  1979    0.1  2005    1.9  1962    9.0  2016   15.1  1982    44.5  2001    18.2  2006     0.0  1985    10.4  1972    69.3  1978
   16.3  1986   16.5  1985   11.8  1964    6.0  1977    1.5  1973    0.0  2009    0.0  2020    0.0  1968    0.1  2020    1.9  1987    8.4  1976   14.9  1960    43.2  2013    18.2  1986     0.0  2009    10.3  1975    69.0  1987
   16.1  1992   16.4  2018   11.1  1971    5.9  1996    1.4  1971    0.0  2004    0.0  2001    0.0  1966    0.1  1983    1.8  2010    7.9  1977   14.7  2003    43.1  2009    17.7  2001     0.0  1965    10.1  1980    67.2  1973
   15.9  1960   16.2  2013   10.8  2010    5.7  2008    1.4  1965    0.0  1967    0.0  2002    0.0  1980    0.0  2003    1.6  2012    7.9  2013   14.6  1992    43.0  1981    17.5  1980     0.0  1964     9.1  1998    66.8  1995
   15.9  1961   15.8  1987   10.4  1996    5.6  1995    1.3  1980    0.0  1981    0.0  2003    0.0  2003    0.0  2018    1.6  1998    7.5  1998   13.9  2017    42.0  1983    17.4  1971     0.0  2004     9.0  2016    66.6  1991
   15.5  2011   15.8  2003   10.1  1986    5.5  2000    1.2  2005    0.0  1996    0.0  2004    0.0  2014    0.0  1977    1.5  1971    7.4  1979   13.8  1967    41.8  2011    17.3  1985     0.0  2012     9.0  1981    66.4  1976
   15.5  2013   13.7  1984    9.3  1973    5.5  2019    1.1  1974    0.0  1964    0.0  2005    0.0  2006    0.0  1969    1.5  1966    7.2  1989   13.3  1973    41.8  1962    17.0  1973     0.0  1983     8.8  1964    64.9  1964
   15.1  1982   13.1  2009    9.2  1963    5.2  2012    1.1  1987    0.0  1983    0.0  2006    0.0  2000    0.0  1971    1.3  2019    7.1  1980   13.1  1963    39.9  1997    16.9  2010     0.0  1967     8.6  1976    64.0  2021
   15.0  1995   13.1  2012    9.1  1988    5.0  1979    1.0  2015    0.0  1998    0.0  2008    0.0  2001    0.0  1990    1.1  1972    6.8  1966   12.4  1999    39.8  1994    15.1  2018     0.0  1981     8.5  2008    63.4  1980
   14.4  1981   12.9  2016    8.5  2011    4.9  1971    0.9  2019    0.0  2016    0.0  2017    0.0  2002    0.0  1962    1.1  2007    6.7  2017   12.2  1993    39.2  1966    14.0  1974     0.0  1996     8.3  1979    62.3  2003
   14.3  2017   12.3  1973    8.4  1984    4.9  1981    0.8  2001    0.0  2020    0.0  2009    0.0  2020    0.0  1963    1.0  1975    6.7  1961   11.9  2007    39.2  1978    13.8  1989     0.0  2000     8.3  1966    60.6  1960
   14.1  1968   12.1  1965    8.3  1993    4.8  1998    0.8  1994    0.0  2019    0.0  2010    0.0  2004    0.0  1960    0.9  1982    6.5  2019   11.8  2014    38.5  2021    13.8  1964     0.0  1961     7.9  1977    59.9  1984
   13.9  2009   12.1  2004    8.3  1974    4.7  1974    0.8  1993    0.0  2012    0.0  2011    0.0  2005    0.0  1973    0.9  1994    6.4  1991   11.8  1965    38.4  1984    13.8  2008     0.0  1998     7.9  2013    59.8  1982
   13.8  2019   11.6  1964    8.2  2005    4.7  1991    0.7  2011    0.0  1961    0.0  2012    0.0  2007    0.0  2010    0.7  1999    6.4  1983   11.6  2005    38.0  1964    13.6  1988     0.0  2016     7.8  2019    58.3  1966
   13.3  1964   11.2  2008    8.1  1968    4.7  2003    0.6  2013    0.0  2008    0.0  1995    0.0  2013    0.0  1982    0.7  1991    6.0  2012   11.6  2012    37.7  2018    13.4  1978     0.0  2020     7.8  1974    58.0  1983
   12.7  2015   11.1  1966    8.0  2003    4.6  1976    0.6  2018    0.0  2011    0.0  2014    0.0  2008    0.0  1989    0.7  1970    6.0  2004   11.1  1991    36.5  2004    13.2  1966     0.0  2019     7.8  2012    57.5  1993
   12.5  1970   11.1  2015    7.8  1972    4.6  1962    0.6  1991    0.0  1993    0.0  2015    0.0  2009    0.0  2004    0.6  1960    5.9  1964   10.9  1970    35.6  2015    13.2  2016     0.0  1960     7.2  1991    56.7  1975
   12.1  2003   11.0  2021    7.8  2020    4.5  2002    0.6  2014    0.0  1997    0.0  2016    0.0  2010    0.0  1970    0.5  2000    5.7  1978   10.6  1980    34.8  1980    13.1  1982     0.0  1993     7.2  1989    55.4  1992
   11.6  1967   10.8  1975    7.6  2008    4.4  1988    0.6  1969    0.0  1970    0.0  2019    0.0  2019    0.0  2019    0.5  2011    5.7  1992   10.6  2000    34.6  1992    13.0  1977     0.0  2008     7.1  2017    55.3  1971
   10.9  1994   10.4  1962    7.6  2015    4.3  1999    0.5  2008    0.0  1960    0.0  2018    0.0  2018    0.0  1965    0.5  2017    5.5  1995   10.5  1989    34.5  1961    12.8  1983     0.0  2011     7.0  2003    55.3  2008
   10.9  1972   10.2  2005    7.0  1982    4.3  1997    0.5  1962    0.0  2010    0.0  2013    0.0  2011    0.0  1966    0.4  1995    5.5  2008    9.9  1998    33.6  2003    12.8  2003     0.0  1994     6.8  1961    53.1  1961
   10.4  2006   10.1  1982    6.7  1989    4.1  1965    0.5  1961    0.0  1972    0.0  1991    0.0  2017    0.0  2017    0.4  1979    5.4  1982    9.6  2004    33.1  2002    12.5  2005     0.0  1997     6.4  1982    52.5  2005
   10.3  1976   10.0  2006    6.6  2016    4.0  1994    0.4  1992    0.0  1984    0.0  1994    0.0  2016    0.0  1997    0.3  1990    5.2  2021    9.5  1979    32.0  2006    12.4  1981     0.0  1970     6.2  1995    52.0  1967
   10.1  2012    9.3  1976    6.3  1978    4.0  2001    0.4  2016    0.0  2021    0.0  1993    0.0  2015    0.0  2009    0.3  1967    5.2  1974    9.4  1966    30.8  2012    11.8  2015     0.0  1972     6.0  2004    51.9  2012
   10.0  1962    9.2  1971    6.2  1966    4.0  1982    0.4  1960    0.0  1966    0.0  1963    0.0  1960    0.0  1994    0.2  2021    4.8  2001    9.2  1990    29.9  1971    11.7  1963     0.0  1999     5.9  1978    51.6  1977
    9.8  1971    9.1  1988    6.1  2004    3.8  1980    0.3  1966    0.0  1986    0.0  1964    0.0  1991    0.0  2015    0.2  1986    4.7  1970    9.0  2020    29.3  1993    11.6  2000     0.0  2010     5.7  1997    51.5  2009
    9.7  1973    9.1  1999    6.0  2000    3.6  2006    0.3  2004    0.0  1965    0.0  1967    0.0  1997    0.0  2000    0.2  1978    4.5  1990    8.9  1984    29.3  1973    11.1  2020     0.0  1966     5.6  2007    49.9  2016
    9.7  2004    8.4  1972    5.8  2002    3.3  2010    0.3  1989    0.0  1979    0.0  1970    0.0  1996    0.0  1996    0.2  1984    4.4  2007    8.5  1975    28.8  2008    11.0  1990     0.0  1984     5.5  1987    49.5  2018
    9.7  2016    8.3  2007    5.7  1981    3.3  1985    0.3  2006    0.0  1994    0.0  1974    0.0  1967    0.0  1980    0.2  2020    4.3  1968    8.3  1987    28.5  1995    10.9  1993     0.0  2021     5.5  2021    47.6  2006
    9.6  1969    8.1  1977    5.7  1998    3.2  1967    0.2  1985    0.0  2013    0.0  1975    0.0  1970    0.0  2013    0.2  2009    4.2  1960    8.3  1986    28.3  1967    10.5  1998     0.0  1979     5.3  1970    46.9  1997
    9.3  2002    7.6  1974    5.6  2014    3.2  2015    0.2  1963    0.0  1992    0.0  1976    0.0  1971    0.0  1961    0.2  2014    4.1  1963    8.3  1985    28.0  1976    10.4  2002     0.0  1986     4.9  2018    46.1  1972
    9.3  1998    7.4  1992    5.3  1977    3.1  2005    0.2  1988    0.0  1980    0.0  1977    0.0  1972    0.0  1967    0.1  1965    3.9  1981    7.6  2011    27.5  2000    10.0  1997     0.0  1963     4.9  1990    45.8  2017
    9.1  2000    7.3  1967    5.0  2009    2.9  2017    0.2  1972    0.0  2000    0.0  1978    0.0  1973    0.0  1984    0.1  1961    3.6  2003    7.5  1983    27.4  1974     9.7  1991     0.0  1982     4.9  1960    45.7  1994
    8.2  1996    7.0  1989    4.7  1983    2.7  1960    0.1  2003    0.0  1999    0.0  1979    0.0  1974    0.0  2008    0.1  2015    3.4  1987    7.4  1994    26.3  1999     9.6  2011     0.0  1968     4.8  2001    44.7  2004
    7.9  1993    6.7  1993    4.7  1960    2.2  1963    0.1  2017    0.0  1988    0.0  1980    0.0  1975    0.0  2002    0.1  1985    3.4  1999    7.3  1972    26.1  2019     9.4  2012     0.0  2013     4.3  1968    44.7  1988
    7.3  2018    6.6  2019    4.7  1990    2.1  1992    0.1  2002    0.0  1995    0.0  1981    0.0  1976    0.0  1998    0.1  1969    2.7  2006    6.8  2021    25.7  2005     9.1  1972     0.0  1992     4.2  1963    43.5  2019
    7.3  1999    6.4  1980    4.7  2021    2.1  1961    0.1  1978    0.0  2007    0.0  1982    0.0  1978    0.0  2011    0.1  1976    2.4  2015    6.4  1997    24.5  1972     9.0  2019     0.0  1980     4.1  1999    43.3  1998
    7.0  1988    6.1  1995    4.5  2007    2.0  1964    0.1  1983    0.0  1976    0.0  1983    0.0  1981    0.0  1968    0.1  1963    1.9  2018    6.3  2019    24.4  1988     8.8  1967     0.0  1988     3.4  2002    42.5  1989
    6.4  1974    6.0  2000    4.4  1991    1.8  1993    0.1  2000    0.0  2002    0.0  1984    0.0  1984    0.0  1999    0.0  2006    1.8  1986    6.3  2006    24.3  2016     8.2  1994     0.0  2003     2.8  1986    40.8  1999
    6.3  1975    5.2  2002    3.6  1999    1.4  2018    0.1  1998    0.0  2006    0.0  1985    0.0  1985    0.0  1992    0.0  2016    1.7  2020    5.7  2002    24.1  2017     7.9  1999     0.0  2018     2.7  2006    39.9  2015
    5.9  2005    5.0  2020    3.6  1997    1.2  2020    0.1  2007    0.0  2014    0.0  1986    0.0  1986    0.0  2021    0.0  1996    1.6  2014    5.7  2018    20.3  1975     7.8  1960     0.0  2017     2.5  2015    39.3  1974
    5.9  1983    4.7  2017    3.5  1994    1.2  2014    0.1  1976    0.0  1968    0.0  1987    0.0  1987    0.0  2014    0.0  1968    1.6  1994    5.2  1971    20.2  1998     7.3  2014     0.0  1990     2.5  1994    39.2  2000
    5.6  2008    4.5  1998    3.4  1967    1.2  1972    0.1  1990    0.0  1990    0.0  1988    0.0  1988    0.0  2016    0.0  1989    1.5  2000    5.1  2016    20.0  2007     7.2  2004     0.0  2014     2.0  2000    37.6  2011
    5.4  2007    4.4  1997    3.0  1992    0.9  2009    0.0  1986    0.0  2017    0.0  1989    0.0  1989    0.0  2006    0.0  1977    1.2  2009    4.8  1977    17.9  1990     6.0  2009     0.0  1976     2.0  2020    36.7  2007
    5.1  2014    3.7  1961    2.9  1961    0.9  2007    0.0  1970    0.0  2018    0.0  1990    0.0  1990    0.0  2001    0.0  2004    1.1  1997    3.3  1974    14.9  2020     5.7  2017     0.0  2007     1.8  2014    34.0  2002
    3.8  1990    3.6  2014    2.7  2017    0.9  1987    0.0  1999    0.0  1982    0.0  1961    0.0  1992    0.0  1978    0.0  2005    1.0  2011    3.0  2013    12.1  1989     5.5  1992     0.0  2002     1.5  2011    32.5  1990
    3.8  1989    3.6  1990    2.6  2019    0.7  2004    0.0  2009    0.0  1963    0.0  1992    0.0  1995    0.0  1981    0.0  2013    0.9  1984    1.7  2015    11.7  2014     5.4  2007     0.0  1995     1.4  2009    30.7  2020
    3.6  2020    3.3  2011    2.3  2012    0.5  2011    0.0  1964    0.0  2003    0.0  2021    0.0  2021    0.0  1985    0.0  2001    0.4  2002    1.3  1988     ---  1960     5.4  1961     0.0  2006     1.1  1984    29.7  2014