Areal values from HadUK-Grid 1km gridded climate data from land surface network
Source: Met Office National Climate Information Centre
Monthly, seasonal and annual total precipitation amount for England N
Areal series, starting in 1862
Last updated 01-Jan-2022 10:59
    jan  year    feb  year    mar  year    apr  year    may  year    jun  year    jul  year    aug  year    sep  year    oct  year    nov  year    dec  year     win  year     spr  year     sum  year     aut  year     ann  year
  196.8  1948  207.2  2020  161.8  1981  135.5  2012  145.4  1967  187.7  2007  155.9  1988  212.6  1956  198.3  1918  230.0  1903  204.8  2009  216.7  2015   450.7  2016   321.9  1920   406.7  1956   491.9  2000  1306.3  1872
  181.9  1928  160.9  2002  143.3  1947  126.4  2000  128.1  1924  167.4  2012  153.8  2009  194.6  2004  162.6  1968  180.1  1967  192.8  1951  185.2  1868   413.4  1877   314.1  1979   400.4  1912   443.5  1954  1276.0  2012
  178.3  2008  137.5  1923  130.4  1979  114.8  1998  122.7  1932  139.4  1912  153.7  1888  182.8  1917  160.3  1976  175.5  1870  183.2  2000  182.0  1915   406.4  1995   309.3  1947   395.4  2012   431.5  1935  1243.1  2000
  155.0  2021  137.5  1990  125.6  2019  113.8  1920  121.5  1886  138.7  1980  146.8  1940  161.0  1927  155.2  1965  174.0  2000  175.6  2015  181.5  1876   399.6  1915   303.0  1981   374.4  2007   420.0  1872  1201.0  1954
  150.3  1995  135.8  1997  119.4  1903  110.1  1993  118.2  1979  135.1  1982  146.5  1895  158.0  1891  151.5  1935  171.7  1938  162.9  1946  172.1  1914   390.2  2021   298.8  1983   366.4  1931   417.8  1903  1189.1  1903
  147.6  1877  134.2  1966  116.5  1913  109.6  1882  117.2  2021  132.2  1931  146.0  1930  152.2  1954  149.2  1927  168.1  1954  162.6  1944  171.8  1929   378.2  1869   284.4  1913   360.5  1879   408.8  1944  1182.7  1877
  145.6  1960  132.2  1958  115.7  1897  106.1  1867  109.8  1983  128.9  1928  144.7  1880  149.8  1912  147.3  1872  165.6  1998  161.5  1954  171.5  1978   378.0  2014   281.2  1986   360.5  1927   401.4  2019  1164.6  2008
  145.3  2014  130.5  1894  113.5  2006  102.4  1947  109.4  1925  128.7  1997  138.4  1920  147.8  1877  146.4  1866  160.6  1892  156.9  1969  163.7  1993   377.0  2020   276.2  2006   352.2  2004   382.4  1984  1142.6  2019
  144.8  2016  129.5  1950  112.1  1919  102.3  1983  107.9  1920  127.4  1998  133.0  1939  146.9  1900  144.4  1944  159.2  1906  155.8  1929  160.9  2012   376.3  1960   272.1  1886   347.0  2020   378.5  1960  1132.8  2020
  143.8  1939  125.6  1977  112.0  1912  100.7  1913  107.5  2006  123.8  1882  131.6  2007  146.2  1878  143.9  1950  151.5  1935  155.4  1963  160.9  1979   367.2  1916   270.7  1932   338.2  2019   373.1  1976  1132.2  1882
  143.5  1984  125.0  1925  106.4  1987  100.3  1970  106.2  2014  122.8  1907  129.5  1922  144.0  1881  143.3  2019  151.4  1976  155.4  1984  160.2  1986   366.4  1990   268.1  1998   333.9  2008   371.2  1981  1117.5  2002
  137.3  1921  124.7  1937  106.4  1896   99.4  2001  105.5  1906  121.3  2017  127.8  1960  138.1  1950  141.1  1869  149.6  1980  149.5  1888  154.1  1911   362.9  1910   254.9  1862   331.6  1930   367.3  1967  1109.3  1960
  137.2  1988  124.0  1900  106.0  1951   98.8  1986  105.5  2015  121.1  1948  122.7  1915  136.4  1921  138.3  1883  147.9  1907  146.6  1960  152.0  1909   353.7  1994   253.0  2000   330.7  1882   365.6  2012  1106.8  1928
  134.3  1990  119.9  1915  105.9  1992   93.0  1966  105.3  1878  117.3  1987  122.4  1879  134.8  1930  137.3  1981  147.2  1960  141.3  1970  151.2  1959   349.3  1980   252.7  1903   325.5  1872   357.8  1875  1098.6  1912
  133.8  1930  118.7  2014  104.7  1909   90.9  1931  104.6  1907  115.7  1879  121.9  1882  134.7  2020  137.1  1946  142.5  1885  140.4  1890  150.7  1999   342.2  2007   251.3  1969   320.0  1954   355.9  1938  1097.0  1930
  131.0  1943  118.6  1941  103.0  1998   90.5  2005   99.4  1986  113.7  2020  120.0  1872  134.1  1946  134.7  2000  142.2  1865  138.8  1931  146.9  1965   342.1  1984   249.3  1951   316.3  1881   354.2  1880  1093.9  1998
  130.8  1884  116.0  1916  102.0  1988   86.5  1961   98.4  1892  113.5  2019  119.2  2008  132.8  1971  132.1  1896  142.1  1932  138.6  1926  146.5  1891   338.5  2008   244.2  1967   315.1  1980   350.2  1968  1088.4  1923
  130.1  2004  115.6  2011  100.2  1980   84.9  1877   97.8  1969  112.3  1872  118.2  1931  132.3  1962  131.7  2012  141.7  1872  136.6  1940  142.5  1934   334.9  1966   240.7  1999   315.1  1946   346.0  1883  1088.1  2015
  128.7  1999  115.0  1995  100.1  1920   84.3  2004   97.7  1976  105.1  1958  117.3  1886  131.3  1951  129.3  1984  140.5  2020  136.1  1875  141.1  1994   332.8  1939   239.9  1877   314.3  1928   341.4  1918  1086.3  1927
  128.2  1863  114.6  1935   99.8  1994   83.9  1925   97.5  1993  102.1  1892  116.6  2012  131.0  1923  128.4  1957  140.4  1987  134.8  1950  140.8  1983   332.3  1928   236.7  1889   306.0  1958   339.6  1950  1079.5  1951
  125.6  1872  109.6  1933   98.5  1881   83.9  1935   93.5  1958   97.7  1963  115.8  1884  130.9  1985  126.6  1871  140.0  1916  132.7  1939  139.5  2006   330.9  1923   236.6  1908   305.9  1877   337.4  1927  1070.9  1866
  123.9  1886  109.5  1893   97.8  1908   83.7  1899   92.5  1865   97.6  1911  115.5  1956  130.2  1928  124.4  1880  139.4  2004  131.3  1928  138.9  1918   330.2  1930   236.5  1925   302.5  1895   332.8  1923  1066.2  1931
  123.5  1994  108.8  1881   97.7  1982   83.6  1871   90.2  1954   96.9  1936  114.3  1973  127.8  2008  122.6  2008  139.0  1862  130.9  1872  135.1  1919   327.2  1948   234.6  1916   301.3  2017   330.0  1946  1066.0  1886
  121.3  1899  108.7  1910   97.1  2017   83.5  2018   90.1  1869   96.0  1927  114.0  1871  127.3  1910  119.5  1974  137.8  2021  130.1  1882  135.1  2020   326.0  1925   234.6  1882   300.3  2009   328.7  1930  1065.1  1967
  121.2  2007  102.3  2001   97.1  1876   82.9  1934   89.9  1899   95.5  1966  111.3  1936  125.7  1957  114.8  1903  136.8  1900  129.6  2010  134.6  1901   324.8  1937   233.8  1972   297.8  1987   328.7  1980  1065.0  1966
  120.7  1975  100.2  2021   96.4  1999   81.3  1985   88.3  2003   94.3  2016  111.2  1912  125.5  1948  114.5  1899  136.2  2013  128.8  2019  132.7  1951   323.9  1900   231.1  1993   297.4  1900   326.3  1998  1064.0  1980
  120.4  1961   97.3  1876   95.1  1916   81.3  1898   88.1  1951   93.7  1862  111.0  1932  122.5  1879  114.4  2017  135.9  2002  128.5  1935  130.1  2011   320.5  1894   231.0  1968   293.8  1891   325.5  1974  1058.0  2004
  118.5  1986   96.7  1866   94.4  1862   80.9  1905   88.0  1938   93.1  1863  110.6  1909  122.4  1890  113.9  1954  135.3  1886  128.1  2012  129.7  1896   319.7  2000   230.5  1909   293.7  1888   325.0  2008  1056.6  1900
  118.0  1936   96.2  1872   93.3  1868   80.4  1950   86.9  1945   92.7  1883  110.1  1924  122.4  1986  110.7  1993  134.9  1981  128.0  1982  127.1  1886   317.5  1883   230.0  1907   293.2  1948   324.3  1866  1048.9  1946
  118.0  1974   95.3  1922   93.2  1989   80.2  1949   85.5  1862   92.3  1972  108.5  1875  120.3  1889  109.5  2010  134.9  1896  127.1  1949  127.0  1949   315.9  1935   229.1  2012   290.1  1985   322.9  2009  1047.5  1981
  117.6  1906   95.2  1980   92.5  2008   80.1  1932   85.4  1943   91.9  1900  108.3  1957  119.6  2019  109.2  1876  134.8  1928  125.2  2002  124.4  1922   313.2  1912   228.2  1992   289.3  1988   322.7  1965  1043.0  1950
  117.3  1900   92.8  1967   92.4  1888   79.6  1989   84.1  1903   91.6  1999  108.1  1918  119.3  1943  106.1  2001  129.8  1917  124.7  1923  123.9  1990   312.8  1920   227.9  1899   288.0  1966   320.0  2010  1041.6  1965
  116.2  1978   92.7  1904   92.2  1968   79.6  1992   83.8  2007   89.8  1977  108.1  1958  118.6  1966  104.5  1943  129.4  2019  124.6  1959  122.7  1869   311.9  1950   227.5  1872   287.0  1922   318.3  1877  1039.0  1916
  115.6  1883   92.5  1869   91.6  2018   79.3  1959   83.8  2013   88.9  1935  107.4  1938  117.8  2014  104.4  1887  129.1  2008  124.3  1901  122.3  1924   309.6  1958   226.6  1937   284.4  1910   318.2  1892  1035.1  1986
  114.6  1956   91.8  1989   90.1  1964   78.7  1872   83.7  2002   87.8  1926  105.2  2019  117.6  1892  104.3  1962  127.0  1863  123.3  1877  121.2  1900   308.8  1922   222.9  1985   284.1  1866   317.8  1885  1030.6  1999
  113.9  1875   89.9  1951   89.8  1914   78.3  1962   83.0  1955   87.2  1938  103.4  1927  117.2  1903  102.8  1885  125.6  1889  122.4  1938  120.6  2002   303.8  2002   219.3  2014   283.7  1957   316.1  1940  1030.4  1881
  113.5  1890   89.9  1945   88.6  1963   78.2  2016   82.9  1923   86.9  2008  103.2  1877  116.9  1980  101.9  1994  124.2  1880  122.1  1914  118.1  1882   300.4  1872   217.7  2019   280.4  1909   314.3  1926  1028.9  2014
  112.8  1919   89.2  2016   87.7  1941   77.8  1889   82.2  1942   86.7  1894  102.9  1866  116.0  1931  101.6  1924  124.0  1894  122.0  1992  117.8  1880   300.3  1977   217.3  1966   280.1  1938   312.0  1863  1027.8  1979
  112.6  1998   88.6  1928   87.6  1872   77.4  1937   80.1  1916   84.8  1897  102.8  1946  115.5  1992  101.4  1936  123.1  1875  121.1  1905  117.4  1938   299.9  1919   216.7  1987   277.3  1892   310.0  1882  1025.3  1938
  112.1  1993   88.3  2000   87.2  1895   77.3  2008   79.9  1972   84.2  1945  102.2  1953  115.3  1963  100.2  1999  122.1  1945  120.8  1996  117.1  1997   297.3  2004   216.4  1934   276.8  1880   309.8  1896  1021.0  1944
  110.0  1873   88.1  1918   87.0  1886   77.1  1876   79.4  1997   83.4  1880  101.4  1914  114.8  2006   99.5  1983  121.0  2001  119.1  1965  116.8  1955   292.0  1961   215.5  1897   276.7  1998   309.2  1992  1019.7  2007
  109.2  1913   87.9  1991   86.6  1983   76.9  1969   78.7  1889   83.4  2003  101.4  1903  114.1  1898   99.0  1952  119.4  1933  117.0  1930  116.0  1985   290.9  1991   214.8  1924   276.0  1950   307.8  1963  1018.1  1958
  108.6  1920   86.6  1926   85.3  1978   75.7  1953   77.5  1968   83.1  1990  100.5  1968  113.1  1897   98.9  1967  119.4  1909  116.5  1911  115.3  1964   289.9  1979   214.6  2015   275.2  1890   307.4  1929  1015.4  1880
  108.5  1866   86.4  1903   84.0  1928   75.6  1909   77.3  1937   82.1  1878   99.9  2002  111.8  1865   98.5  1875  119.3  1882  116.4  1972  114.5  2000   288.9  1926   213.9  1963   275.0  1917   307.3  1916  1014.5  1876
  108.0  1983   86.1  1931   83.0  1986   75.1  1862   77.3  1902   81.4  1890   98.9  1862  111.4  2012   98.0  1863  119.3  1898  116.0  1977  114.1  2013   285.5  2013   213.4  1867   274.8  1953   305.1  1886  1011.4  1862
  107.6  1915   85.7  1946   82.8  1877   74.3  1994   77.1  1966   81.3  1875   98.9  1881  109.5  1874   97.5  1897  118.9  1961  115.8  1866  112.8  1954   282.2  1903   213.1  1994   272.7  1939   304.4  1891  1009.8  1918
  107.5  1938   85.3  1996   82.5  1972   74.0  1973   75.7  2011   80.8  2004   98.7  1974  109.5  1941   97.3  1925  118.8  1895  114.2  1991  112.1  1897   282.1  1974   208.2  2018   271.5  1963   303.7  1869  1008.7  1883
  107.4  1962   85.1  1974   82.0  1927   73.9  1910   74.9  2009   80.8  1991   98.6  2020  108.1  1967   97.2  1892  118.2  2005  113.6  1979  111.6  1872   280.0  1988   207.3  1964   270.6  1862   303.6  1874  1007.5  1994
  106.5  1945   84.3  1877   80.7  1905   73.4  1965   74.9  1931   80.5  1896   98.5  1867  107.2  1979   97.0  1975  117.3  1990  112.5  1980  111.5  1907   279.9  1892   204.8  2021   269.6  1907   300.6  1932  1005.6  1968
  106.2  1937   84.1  1885   80.5  1940   73.1  1975   74.2  1981   79.5  1871   97.9  1910  106.6  1922   96.9  1932  117.0  1941  111.9  1910  110.3  1921   279.8  1941   204.3  1965   269.4  1982   300.0  2002  1005.4  2009
  105.8  2018   83.8  1883   80.2  1889   72.2  1999   73.4  1904   78.8  1969   96.9  2010  106.3  1905   96.6  1992  116.0  1949  111.4  1974  110.1  1966   279.0  1978   203.1  1868   269.3  1903   299.3  1870  1000.9  1920
  105.2  1972   81.6  1879   77.8  1991   71.9  1930   73.4  2000   78.6  1956   96.8  2017  105.8  1961   96.4  1995  115.7  1924  110.6  1881  108.4  2007   277.3  1945   202.4  1906   268.1  2002   298.6  1970   997.8  1935
  105.0  1895   81.5  2007   77.2  1864   71.5  1963   72.9  1926   78.3  1946   96.3  1883  103.8  1982   96.4  1958  115.5  1930  109.0  2016  106.2  1866   276.6  1899   201.9  1919   266.1  1875   298.6  1928   996.4  2021
  103.9  1942   81.1  1911   76.6  1969   71.4  1972   72.2  1877   77.7  1866   93.8  1873  103.6  2011   96.2  1930  115.3  1929  108.7  1916  105.7  1982   275.1  1956   200.8  1881   265.9  1924   298.2  2017   994.5  2006
  103.3  1922   81.0  1970   76.2  1934   70.2  1908   72.2  1962   77.7  1954   93.6  1985  103.4  1866   95.3  1923  114.0  1891  106.9  1878  104.3  1960   271.9  2001   200.0  1988   265.6  1997   296.7  2006   993.8  1988
  102.8  1926   80.6  2017   75.5  2016   68.6  1923   72.0  1999   76.3  1876   93.2  1961  103.4  1953   95.2  1891  113.8  1874  106.5  1986  103.8  1958   271.0  1943   199.8  1878   265.1  1936   296.2  1987   989.9  1909
  102.7  1965   79.5  1960   75.3  1939   67.3  1927   71.6  1973   75.8  1947   93.0  1923  103.1  1960   94.7  1864  113.3  1934  105.5  1880  103.2  1910   270.6  1867   199.6  1876   263.6  1894   296.0  1951   988.4  1924
  102.2  1910   79.3  1957   74.9  2021   67.1  1868   71.4  1985   75.5  1939   92.0  1987  102.5  1873   93.4  1922  112.8  1923  104.2  1936  102.9  2018   270.5  1936   199.5  1904   263.4  1960   295.9  2001   987.9  1891
  101.9  1903   79.3  1880   73.9  1882   67.1  1981   70.3  1912   75.3  2000   92.0  1908  102.1  1863   92.5  1978  112.3  2006  103.1  1947  102.6  2014   267.3  1884   198.3  2008   261.4  1926   294.9  1982   983.1  2017
  101.8  2015   78.6  1871   73.7  1930   66.3  1922   69.7  1898   75.0  1909   91.5  1965  100.0  1904   90.9  1862  111.7  1883  102.6  1927  102.1  1862   267.2  1931   198.2  1989   261.4  2016   289.9  2005   982.8  1948
  101.4  1912   76.3  1914   73.5  1995   66.1  1944   68.6  1908   74.7  1955   90.8  2015   99.0  1929   88.5  1878  111.0  1877  102.3  1874  101.9  1884   263.8  1998   198.0  1898   261.2  1971   288.4  1994   982.8  1987
  100.4  1869   75.9  1978   73.0  2015   65.6  1979   68.1  2012   74.5  1944   90.4  1891   97.8  1988   88.3  1908  110.4  2014  102.1  1895  101.7  2021   260.7  1987   197.4  1923   254.0  1878   288.2  2015   977.9  1910
   99.1  1977   75.9  1897   72.7  1901   64.1  1977   68.1  1910   73.6  1968   90.1  1893   97.3  2002   87.6  1874  109.0  1968  100.1  1994  101.5  1912   260.5  1986   196.2  2016   253.7  1883   286.8  1906   974.9  1939
   98.1  1944   74.9  1936   72.7  2010   63.6  1886   67.8  1894   73.4  1881   90.1  1954   97.0  2016   87.5  2018  108.3  1940   99.0  1981  101.3  1923   260.4  1970   195.9  1912   250.4  1923   286.6  1936   972.8  1993
   96.3  1976   74.4  1954   72.6  1921   62.7  1904   67.5  1965   71.1  1971   87.0  1950   96.8  1894   87.2  2006  105.8  2012   97.9  1876  101.2  2003   259.7  1863   194.5  1927   247.4  1961   284.5  1878   969.4  1936
   95.7  1970   71.6  1939   71.9  1937   62.6  1987   67.2  1913   70.9  2002   86.7  1970   95.9  1924   86.8  1931  104.4  1925   97.2  1906  100.1  1937   259.4  1957   194.4  2005   247.4  1973   284.0  1881   967.5  2016
   95.6  1867   71.3  1864   71.4  1884   62.0  1917   67.0  1891   69.8  1989   86.3  2021   95.8  1895   86.3  1953  102.7  1986   97.2  2006   99.7  1898   258.5  1983   193.3  1869   246.7  1873   283.8  1911   967.3  1894
   93.3  1980   71.1  1988   70.7  1977   61.5  1964   66.7  1890   69.3  1965   86.3  1942   94.8  1909   84.8  1960  102.3  1873   96.2  1869   99.5  1925   257.7  1967   191.6  2001   246.4  2011   278.6  2020   965.4  1974
   91.9  1868   70.4  1969   70.6  1890   61.3  1968   65.9  1885   69.2  1953   83.9  1929   94.2  1906   84.0  1877  101.8  1944   96.2  1900   99.0  1974   257.6  1870   188.8  1905   245.6  1943   278.6  1949   965.3  1978
   91.3  1931   70.0  1884   70.1  1985   60.1  1880   64.8  1918   68.9  1916   83.6  1926   93.3  1868   83.3  1948  101.5  1868   96.0  1883   98.9  1893   256.4  1999   188.6  1930   245.4  1871   278.2  1931   961.6  1982
   91.1  1894   69.4  1908   68.9  1873   59.5  1888   63.6  1947   68.5  1964   82.9  1975   93.2  1872   83.0  1963  101.1  1983   95.2  1891   98.9  1881   256.3  1897   188.2  1962   241.5  1920   278.1  1876   958.4  1922
   91.0  1932   69.2  1920   68.4  1874   59.4  1916   63.1  1879   68.4  1943   82.3  1993   92.9  1958   81.8  1987  100.6  1966   93.8  1897   98.2  1946   256.0  1873   188.2  1931   241.4  1965   275.9  1924   956.6  1992
   90.9  1878   68.7  1867   67.9  1866   58.2  1897   62.7  1881   66.7  2011   82.3  1967   92.4  2001   81.3  1926   99.4  1952   93.4  1953   97.1  1956   255.6  2015   186.3  1941   241.1  1915   272.6  1957   956.6  1983
   90.8  1946   67.6  1906   67.9  1932   58.0  1907   62.5  1873   66.1  1864   81.3  1992   91.2  1915   80.1  1881   98.1  1912   93.0  2005   96.4  1920   255.2  2012   184.6  1917   240.9  1967   271.8  1900   955.6  1926
   89.4  2005   67.5  1882   67.4  1907   58.0  1952   61.3  1872   65.6  1985   80.0  1894   90.9  1978   79.4  1911   97.7  1984   92.5  2017   95.6  2009   252.0  1913   184.5  1885   238.7  1944   271.5  1925   951.3  1914
   89.2  1982   67.3  1961   67.1  1984   57.5  1869   61.2  1864   65.5  1978   80.0  1944   90.2  1952   79.2  1942   97.1  1942   92.3  1886   95.1  1980   251.8  1908   183.9  1977   236.7  1863   270.7  1952   950.8  1925
   88.5  1904   66.8  1898   66.5  1971   57.1  1879   60.2  1933   65.1  1885   79.0  1998   90.1  1926   78.7  2005   96.7  1919   91.3  1998   94.7  1989   251.8  2018   183.4  1902   235.0  1978   269.4  1939   947.9  1956
   87.2  1969   66.5  1994   64.9  2014   56.0  1901   58.9  1917   64.1  1952   78.6  1978   89.8  1942   78.1  1985   96.5  1988   90.2  2014   93.9  1902   249.3  1885   183.3  1958   233.9  1897   267.0  1864   946.6  1907
   87.1  1958   66.2  2010   64.6  1906   55.6  1885   58.2  1953   62.9  1914   78.2  2013   88.4  1987   77.9  1956   96.5  1939   90.0  1864   93.9  1936   249.0  1962   183.3  1976   233.1  1974   266.0  1905   945.6  1906
   86.9  2009   66.0  2004   64.0  1957   55.2  2006   57.4  1934   62.4  1959   77.7  1947   87.4  1925   77.5  2011   96.1  1989   89.7  1898   93.1  2019   248.2  1881   182.9  1888   231.6  1968   265.8  1862   943.5  1892
   86.5  1952   65.9  1892   63.9  1933   55.1  1951   56.7  1941   60.7  1898   76.8  2004   86.2  2009   77.4  1886   95.6  1982   89.7  1997   90.9  1870   247.9  1975   182.8  2002   228.2  1992   265.8  1943   941.7  1977
   85.7  1951   65.4  1868   63.7  1917   54.8  1940   56.6  1944   60.3  2009   76.1  2011   85.5  1938   76.6  1867   94.6  1974   89.6  1966   90.8  1948   247.5  1866   181.4  1942   228.2  1914   265.4  2004   941.1  1878
   85.4  2003   64.1  2005   63.4  1904   54.8  1945   56.4  1988   60.2  1895   74.0  1902   85.5  1934   75.4  1934   94.4  1926   89.2  1971   90.4  1916   247.3  1938   179.6  1864   226.4  1929   265.3  1899   936.6  1961
   85.3  1927   63.1  1972   63.4  1965   54.7  1971   55.8  1964   59.8  1924   73.9  1966   85.0  1882   75.3  1893   93.3  1881   88.6  1985   90.3  1957   245.6  1933   179.2  1891   226.0  1951   263.3  1890   935.6  1969
   85.2  2002   62.8  1981   63.1  1922   54.7  1883   55.7  1867   59.2  1910   73.1  1889   84.6  1919   75.0  1961   93.1  2011   88.2  1967   89.8  1942   244.8  1951   178.7  1894   224.4  2014   262.9  2021   935.1  1957
   85.2  1947   62.7  1865   63.0  1885   54.6  1996   55.4  1893   58.8  1888   72.0  1916   84.2  1907   73.3  1868   91.7  1902   87.9  1912   89.8  1930   243.9  1952   178.5  1955   224.4  1867   261.7  2013   932.3  1897
   85.2  1934   62.4  1955   62.2  1954   54.5  1891   54.3  2005   57.2  1870   71.4  1890   84.2  1944   72.0  2004   91.2  2017   87.3  1919   89.1  1864   243.4  1947   178.4  1970   221.5  1916   261.6  1966   931.4  1985
   84.6  1918   62.0  2018   59.7  1970   54.4  1919   54.2  1921   57.1  1974   70.8  1949   84.2  1908   71.9  1988   90.8  1957   86.9  1863   88.2  1952   243.4  1955   176.5  1945   219.9  1986   261.5  1871   930.9  1875
   84.4  1917   60.0  1947   59.5  1952   54.2  1911   53.8  2019   56.4  2001   70.6  1959   83.8  2015   71.7  1879   90.6  1992   86.8  1865   88.1  1940   242.7  2003   176.4  2003   219.5  1962   261.2  1917   930.4  1895
   83.0  1957   59.6  1870   59.1  1880   54.1  1895   53.7  1963   55.2  1981   70.0  2016   83.4  1973   71.3  1982   89.8  1970   86.3  2018   87.9  1874   242.2  1904   175.1  2013   219.2  1908   256.9  1977   928.9  1869
   82.0  2012   59.3  1948   59.0  1894   53.8  1991   53.0  1949   54.9  1877   69.3  1997   83.1  2017   71.3  1966   89.1  1878   86.2  1913   87.5  1895   241.7  1965   174.5  1975   218.2  1945   253.8  1961   926.1  1932
   81.5  1874   59.1  1992   58.0  2013   53.4  1878   52.9  1952   54.8  2005   69.2  1896   82.2  1999   71.3  1940   88.1  1996   85.1  1941   86.9  1977   241.1  1921   174.2  1910   218.2  1918   253.2  1895   921.0  2011
   81.0  1862   58.7  2006   57.9  1942   53.0  1948   52.1  1880   54.8  1984   68.4  2005   81.2  1888   70.3  1951   87.9  1911   84.0  2003   86.7  1877   237.9  1875   173.5  1949   216.9  1893   253.1  1865   919.0  1970
   80.8  2000   57.8  1984   57.8  1975   52.8  1902   52.0  1995   54.7  1933   68.0  2003   80.7  1965   70.1  1973   87.4  1871   80.7  1978   86.2  1906   237.7  1882   173.4  1950   216.1  1876   252.0  1999   918.4  1915
   80.1  2013   57.6  1912   57.7  1891   52.4  1900   51.8  1914   53.1  1934   66.4  1933   80.7  1916   69.4  1998   86.3  1994   78.5  1968   84.6  1961   235.7  1946   173.0  1973   215.7  2015   250.0  2018   916.8  1919
   79.8  1924   57.2  1987   57.1  2020   51.9  1894   51.7  1996   53.0  1917   66.4  1937   79.9  1893   69.2  2016   86.1  1943   78.5  1917   84.3  1894   234.7  1898   172.8  1971   214.6  2000   249.6  1991   916.8  1984
   79.2  1954   57.1  1962   56.7  1967   51.7  1924   51.7  1971   52.5  1905   66.0  1964   79.6  1970   68.4  1873   85.6  1918   78.0  1907   84.0  2017   232.8  1981   172.1  2004   211.7  2010   248.5  1983   916.5  1868
   79.0  1991   56.3  1944   56.5  1955   50.8  2002   51.6  1887   51.0  1922   65.6  1899   78.2  1867   67.7  1905   85.6  1927   77.3  2020   83.8  1969   231.8  1868   171.8  1892   210.2  1896   248.1  1969   915.3  1990
   78.7  1925   55.5  1899   56.4  1936   49.2  1943   51.0  1882   50.9  1950   65.6  1876   78.0  1862   67.5  1970   83.9  1959   76.4  1995   83.5  1992   231.6  1911   171.3  1880   210.1  1889   247.6  1979   907.5  2001
   78.0  1968   54.6  1940   55.5  1958   49.2  1903   50.2  1998   50.7  1930   64.7  2000   77.8  1918   66.6  1980   83.7  1999   76.2  1893   83.0  1972   231.5  2011   171.0  1954   209.2  1970   247.6  1996   903.1  1911
   77.5  1959   54.5  1907   54.7  2001   49.1  1926   50.1  1909   50.7  1903   64.6  1865   77.4  1974   65.6  1945   83.2  1913   75.9  2007   82.7  1899   229.7  1918   170.5  1865   209.0  1886   247.1  1887   901.9  1934
   77.1  2011   53.4  1889   54.5  1974   48.7  1960   49.7  1946   50.6  1920   64.4  1941   76.9  1996   65.0  1909   82.8  1977   75.2  1943   81.0  1944   229.5  2010   170.5  1952   207.1  1964   246.5  1934   901.7  1943
   76.6  2020   52.7  1953   54.3  1899   48.4  1939   49.4  1884   50.5  1993   64.4  1972   76.2  1875   64.7  1884   82.7  1899   74.9  1887   80.1  1991   228.9  1902   170.2  1914   207.0  1999   244.5  1907   898.7  1863
   75.8  1985   52.4  1874   53.9  1911   48.2  2014   49.3  1950   50.5  1967   62.6  1907   76.1  1945   62.6  1969   82.2  1864   74.1  1987   79.8  1996   228.6  1997   169.9  1922   206.5  1993   244.1  1897   895.6  1899
   75.3  1870   51.8  2019   53.3  1902   46.8  1884   49.0  1977   50.4  1873   62.2  1901   75.4  1994   62.4  1890   81.8  1991   74.0  1904   79.0  1973   226.5  1887   169.8  1940   205.4  1942   242.2  1993   895.5  1896
   74.9  1981   51.7  2008   53.3  1870   45.3  2003   48.8  1929   50.3  1913   62.0  1981   74.9  2013   62.1  1947   81.1  1936   73.8  1894   78.7  1871   226.5  1901   168.2  1879   204.9  2001   241.9  1868   894.2  1963
   74.3  1865   51.6  1999   53.2  2000   45.0  1866   48.1  1961   49.7  1973   60.8  1951   74.6  2000   61.8  1938   80.9  2010   73.3  2008   77.6  1935   226.2  1865   167.9  1890   204.2  1898   241.7  1912   893.4  1940
   73.5  1933   51.3  1949   53.1  2007   43.3  1956   47.9  1957   49.7  1957   60.6  2014   74.2  1876   61.3  2007   79.5  1910   73.0  1903   77.4  2008   225.8  1969   167.6  1884   204.1  1940   240.3  1888   891.6  2005
   73.2  1941   51.2  2015   52.8  1976   42.1  1874   47.7  2017   49.6  1902   60.3  1904   73.9  2010   61.1  2021   78.3  1958   72.4  1885   76.2  1998   225.8  2005   166.9  1901   203.8  1952   239.9  1901   890.9  1917
   72.6  1979   50.2  1943   51.6  1867   42.0  1967   47.7  1987   48.4  1961   59.6  1980   73.7  1993   60.9  2020   77.6  1893   72.4  1952   75.6  1976   222.9  1878   165.4  2017   203.4  1905   239.3  1919   887.9  1937
   71.3  1882   49.9  1909   51.5  2004   41.8  1941   47.6  1870   47.8  1867   58.7  1900   73.6  1902   60.7  1913   77.5  1901   69.8  1925   74.5  1867   214.9  1906   164.8  1871   200.6  2013   237.8  1898   883.2  1929
   70.9  1908   48.2  1919   50.0  1887   41.5  1988   47.0  1874   47.5  1986   58.6  1962   73.0  1901   60.5  1882   77.4  1979   68.8  2001   72.7  1887   214.2  1871   163.3  1933   199.6  1865   237.4  1914   877.3  2018
   69.3  1916   47.8  1901   49.6  2005   41.3  1942   46.5  1875   47.5  2013   58.5  1963   72.6  1964   58.6  1916   77.2  1905   68.6  1870   72.6  1962   212.8  1993   163.2  1961   199.5  1904   237.3  1873   876.4  1890
   69.3  1971   47.0  1942   48.3  2002   41.2  1864   46.4  1900   47.5  1901   58.0  1945   72.5  1911   58.1  1977   76.7  1867   68.1  1933   72.5  1863   210.7  1924   163.0  1896   197.2  1902   235.5  1990   876.1  2013
   69.0  1923   46.7  1927   48.0  1879   41.0  1915   45.3  1960   46.8  1893   57.9  1943   71.9  2018   57.8  2013   76.6  2009   68.1  1899   72.3  2004   209.9  1895   162.2  1943   195.5  1972   234.3  1953   873.7  1871
   68.2  1955   46.7  1971   47.4  1915   40.0  1863   45.2  1927   46.1  2014   57.6  1892   71.6  1989   57.8  2003   76.2  2018   68.1  1999   71.8  1904   206.6  1890   161.6  1921   195.3  1934   231.5  1933   872.9  1947
   67.7  2010   46.5  1968   47.2  1966   39.9  1892   45.2  1915   45.5  1891   57.2  1971   71.1  2005   57.3  1990   72.1  1971   67.7  2013   71.6  1987   206.6  1914   161.6  1895   194.8  1969   230.3  1995   872.5  1874
   67.5  1892   46.0  1905   47.1  1898   39.6  1978   44.0  1863   45.4  1937   56.8  1994   70.2  1998   57.1  1920   71.0  1876   67.1  1868   71.1  1947   204.3  2009   161.6  1978   194.3  2005   230.0  1913   871.3  1997
   67.1  1914   45.8  1979   46.3  2009   39.5  1881   43.6  1975   44.6  1906   56.8  1919   67.7  1977   56.6  1979   69.5  2015   66.7  1873   69.9  1888   203.4  1917   160.0  1982   193.0  1921   229.3  1986   866.1  1879
   66.4  1887   45.3  1878   46.2  1959   39.4  1887   43.2  1948   43.5  1929   56.7  1934   67.6  1997   55.9  1937   69.4  1963   65.1  1975   69.2  1950   202.8  1972   159.6  2009   190.5  1941   229.2  1988   865.3  1888
   63.4  1885   45.0  1973   45.9  1923   39.3  1896   43.0  1930   43.5  1899   56.0  2001   66.4  1984   55.7  1912   67.8  1937   64.3  1993   68.3  1968   201.3  1944   158.9  1926   189.6  1874   229.1  1893   862.5  1867
   60.7  1940   44.7  1983   45.7  1869   39.1  1933   42.7  1883   43.0  1908   55.3  1928   65.1  1975   55.6  1914   67.8  1887   64.0  2021   67.9  1928   201.1  1989   157.8  1939   189.4  1977   225.5  2011   862.4  1898
   58.8  1935   44.5  2013   45.6  1883   39.0  1955   42.7  1982   42.8  1970   54.7  1874   64.8  1883   55.6  1889   67.2  1993   63.4  1921   67.0  1988   200.0  1893   157.5  1874   188.1  1911   223.9  1959   861.5  1972
   58.0  1891   43.9  1976   44.5  1948   38.8  1946   42.7  1868   42.8  1994   52.9  1969   64.6  1949   55.3  1919   66.4  1869   63.2  1908   66.7  1878   199.9  1954   157.2  1953   187.8  1932   223.8  1941   859.9  1908
   57.4  1901   43.7  1956   43.9  1960   38.4  2009   42.6  1992   41.0  2015   50.2  1991   64.2  1939   55.3  1870   64.8  1921   62.5  1962   66.5  1883   198.4  1976   156.0  2007   186.7  1979   222.7  2016   859.4  1885
   56.4  1909   43.0  2012   43.7  1950   38.3  2019   42.5  2016   41.0  2010   50.2  1996   63.9  1914   53.6  1991   62.8  1955   61.7  1932   65.2  1984   197.9  1959   155.5  1928   185.1  1906   220.8  1909   855.0  1945
   55.9  1898   42.4  1982   43.6  1997   38.1  1936   41.6  1897   40.5  1979   49.9  1986   63.1  1969   52.9  1917   62.2  1956   61.5  1915   65.2  1967   196.9  1876   153.5  1995   182.6  1901   219.6  1889   850.7  1913
   55.3  1950   41.2  1913   43.1  1925   36.5  1929   40.5  1922   39.8  1983   49.5  1952   61.7  1885   52.2  1955   62.1  1866   61.4  1976   64.2  1981   195.8  1982   152.5  1873   179.8  2006   219.1  1894   849.1  1962
   55.1  2001   40.7  1902   43.1  1865   36.2  2015   40.5  1911   39.2  1904   48.3  1887   60.5  1896   48.0  1964   61.0  1948   60.9  1990   64.1  1889   195.3  1886   151.1  1866   179.4  1919   218.6  2014   844.4  1952
   54.9  1967   40.0  2009   42.8  2003   36.0  1918   39.8  1928   38.1  1919   47.3  1925   59.8  2021   46.5  1997   60.9  1950   60.8  1988   63.2  1913   195.0  2019   150.5  1959   179.0  1990   214.7  1985   843.9  1976
   53.9  1966   39.7  1938   41.7  1871   35.5  1990   39.5  1871   37.3  1886   47.3  2018   59.7  1935   45.6  1904   60.8  1973   60.5  1892   62.9  1908   194.7  1864   150.1  1997   178.9  1884   209.6  1942   839.5  1949
   53.8  2017   38.9  1896   41.1  1878   34.9  1865   39.4  1984   36.0  1869   46.7  1948   57.5  1968   44.0  1933   60.5  1890   59.9  1961   62.4  1932   193.1  1949   148.6  1911   178.5  1935   205.7  1958   837.0  1942
   53.7  1902   38.2  1888   40.7  1946   34.8  1921   39.1  1994   35.6  1988   46.3  1906   56.8  1936   43.1  2015   59.7  1914   58.8  1902   61.8  1927   192.4  1996   148.3  1991   176.0  1975   205.3  1910   831.5  1889
   52.6  1929   37.0  1862   40.3  1949   34.4  1958   38.9  1990   35.0  1996   44.7  1921   55.1  2007   41.5  2009   57.8  1920   58.6  1924   61.0  1903   189.7  1968   143.0  1883   175.0  1994   205.1  1978   829.8  1941
   51.7  1973   36.8  2003   37.9  1918   33.4  2013   38.2  1901   33.8  1951   44.6  1905   54.9  1990   40.3  1939   57.4  1995   57.8  1934   60.1  1995   188.3  1942   140.9  1887   174.6  1989   204.6  1945   829.3  1901
   51.0  1949   36.1  1875   37.7  1962   32.7  1976   38.2  1866   32.5  1960   41.5  1863   54.5  1886   38.8  2002   56.3  1884   57.7  1948   59.6  1939   187.6  1992   140.6  1948   171.9  2021   204.2  1962   827.0  2010
   50.8  1864   34.4  1873   36.8  1926   32.3  1906   37.4  2001   32.3  1918   41.0  1990   54.1  1981   38.8  1900   56.3  1964   57.4  1918   59.5  2005   187.6  2017   138.6  1918   171.3  1981   202.4  1975   820.4  1884
   50.8  1897   34.2  1998   36.0  1863   31.7  1928   36.6  1978   31.4  1992   40.2  1885   52.5  1864   38.8  1996   54.7  1953   55.6  1989   59.3  1945   187.0  1879   138.1  1944   170.5  2003   202.1  1948   813.4  1873
   48.5  1992   33.0  1887   35.0  1924   30.7  1890   36.5  1936   30.0  1932   39.7  1995   52.4  1920   38.1  1901   53.5  1997   54.9  2011   58.2  1975   179.7  1973   137.9  1960   168.2  1991   200.8  1908   813.3  1864
   47.7  1893   31.2  1963   34.9  1945   29.5  1870   36.2  2004   29.5  1995   39.2  1917   52.2  1869   38.0  1888   52.8  1897   54.8  1964   57.7  2001   177.2  1953   137.4  1996   167.0  1885   189.7  1997   813.1  1991
   47.6  1889   29.7  1924   34.9  1956   28.6  1914   35.7  1974   29.3  1942   39.1  1983   52.2  1887   37.7  1902   52.8  1888   53.9  2004   57.7  1875   177.1  1907   136.7  1935   162.1  1996   189.7  2003   807.8  1904
   47.4  1911   29.3  1863   33.5  1892   28.0  1995   35.4  1919   29.2  2018   39.0  1979   51.9  1871   36.7  1972   52.6  1931   53.5  1957   57.0  1917   175.0  1940   136.6  1980   161.5  1947   189.0  1971   802.6  1865
   47.0  1996   29.0  1890   32.2  1910   27.7  1875   34.4  1940   28.6  1962   37.9  2006   48.7  1880   36.2  1929   49.3  1908   52.2  1955   56.2  1970   172.1  1971   133.6  1915   159.7  1937   188.1  1902   801.6  1953
   44.7  1871   28.8  1886   31.1  1996   27.0  1997   34.0  1939   28.0  1975   36.7  1864   47.9  1937   35.9  1921   48.3  1965   50.1  1973   56.0  1931   170.9  1889   131.0  1936   158.1  1949   185.8  1947   799.2  1893
   43.9  1896   28.6  1917   30.6  1990   25.7  2010   33.1  2018   27.2  1915   36.0  1897   46.9  1870   35.4  1949   48.0  1985   50.1  1884   53.6  1879   170.3  1896   130.4  1870   157.6  1933   185.8  1867   790.8  1995
   43.5  2006   28.3  1975   29.7  1935   21.1  2011   31.9  1956   27.1  2006   35.1  1955   46.8  1932   32.5  1928   47.9  2003   48.7  1879   53.2  2016   169.1  1909   129.2  1946   155.3  1864   181.0  1973   789.4  1870
   43.3  1987   26.6  1964   29.4  2011   21.0  1873   31.1  1888   26.4  1923   34.6  1976   44.2  1913   32.3  1895   44.4  2016   48.6  1920   46.9  1943   166.3  1874   126.3  2011   150.4  1959   180.9  1972   777.7  1989
   42.3  1989   26.5  1929   28.5  1961   20.6  2017   28.5  2008   25.7  2021   33.3  1999   39.5  1884   31.7  1915   43.1  1879   47.9  1983   46.3  1953   163.6  1927   126.2  1957   148.4  2018   178.5  1922   777.1  1973
   42.0  1876   26.0  1986   27.6  1938   19.6  1982   27.3  1905   25.3  1874   33.2  1989   38.8  1972   30.4  1906   41.0  1915   47.6  1871   42.8  1892   161.7  2006   124.9  1900   146.1  1984   178.1  2007   773.9  1921
   40.3  2019   24.8  1952   27.5  1943   19.2  2007   27.0  1980   23.6  1884   31.9  1977   37.2  1991   28.8  1898   41.0  2007   47.3  1922   42.7  1885   160.6  1932   124.7  1938   142.9  1899   176.1  1989   773.5  1971
   40.3  1888   24.6  1930   27.4  1973   18.6  1954   25.4  1989   23.3  1865   30.5  1982   36.9  1983   27.8  1971   40.3  1975   46.8  1937   42.3  1865   154.4  1905   122.6  2010   141.4  1955   175.6  1956   770.6  1905
   38.7  1879   23.7  1965   26.2  1900   15.6  1893   25.4  1876   22.7  1949   29.9  1935   36.5  1933   24.4  1989   37.8  1922   42.9  1896   38.8  2010   152.9  1985   121.9  1984   139.6  1925   171.2  1884   770.1  1959
   36.7  1963   20.5  1895   26.0  1893   15.4  1984   25.0  1959   22.3  1940   29.8  1870   35.0  1940   24.1  1865   37.4  1962   38.4  1889   37.5  1941   151.2  1888   120.0  1863   133.9  1870   170.6  1937   760.0  1975
   36.6  1905   17.2  1993   25.5  2012   14.6  1974   24.2  2010   20.4  1976   29.4  1898   33.7  1899   21.7  1941   36.0  1904   36.4  1909   34.5  1971   148.9  1880   110.1  1956   128.9  1868   167.2  1955   759.9  2003
   36.5  1907   16.5  1959   25.2  1875   14.3  1957   23.1  1935   20.1  1868   28.1  1913   31.6  1955   21.3  1894   32.9  1951   35.9  1862   33.1  1963   147.0  1929   105.1  1990   122.6  1913   164.2  1921   759.1  1996
   36.3  1953   16.0  1934   23.5  1993   13.9  2020   20.3  1895   16.6  1889   28.0  1869   19.1  2003   20.2  1986   32.0  1978   35.5  1956   32.4  1873   140.6  1963   104.7  1974   116.2  1869   163.5  1920   758.7  1933
   34.8  1964   13.6  1932   23.3  1953   13.6  1912   18.5  1970   16.5  1941   25.7  1878   17.4  1959   18.7  1907   30.0  1946   33.2  1942   31.6  1926   124.3  1934    99.4  1875   115.8  1983   163.4  1879   756.9  1902
   21.5  1881   11.9  1985   22.4  1931   12.7  2021   17.4  1896   11.9  1921   24.9  1984   16.7  1976   18.1  2014   28.6  1969   32.5  1867   29.8  1905    94.4  1964    98.5  1929   111.0  1887   159.1  1964   750.2  1964
   16.0  1880    7.4  1921   15.4  1944    9.4  1980   17.2  2020   10.5  1887   18.0  1911   12.5  1995   15.4  1959   27.8  1972   31.0  1958   27.3  1890    91.3  1891    97.1  1893    81.7  1995   155.6  1904   734.5  1955
   13.1  1997    6.0  1891   13.2  1929    9.1  1938   16.6  1991    4.9  1925   15.5  1868    8.0  1947   14.0  1910   20.6  1947   16.8  1945   23.1  1933     ---  1862    88.3  2020    71.7  1976   134.2  1915   671.1  1887