Areal values from HadUK-Grid 1km gridded climate data from land surface network
Source: Met Office National Climate Information Centre
Monthly, seasonal and annual total precipitation amount for England NW and N Wales
Areal series, starting in 1862
Last updated 01-Jan-2022 10:59
    jan  year    feb  year    mar  year    apr  year    may  year    jun  year    jul  year    aug  year    sep  year    oct  year    nov  year    dec  year     win  year     spr  year     sum  year     aut  year     ann  year
  268.3  1928  293.2  2020  225.3  1981  147.4  1920  166.5  1967  205.6  2012  196.1  1939  260.9  1956  287.1  1918  286.1  1967  306.7  2009  343.1  2015   688.7  2016   457.3  1920   499.7  1879   673.0  2000  1758.2  1872
  263.1  1948  241.9  2002  190.7  1903  147.1  1867  161.1  1924  174.0  1928  191.4  1888  231.0  1917  238.2  1950  278.8  1903  260.9  2015  266.0  1993   625.9  1995   409.7  1947   489.5  2012   668.7  1954  1691.2  1954
  235.3  2008  213.7  1997  187.5  2019  143.1  1970  155.0  2021  172.5  2007  183.6  1920  209.7  1891  223.3  1869  263.8  1954  253.7  1929  246.8  1868   582.1  2014   375.8  1979   483.8  1956   580.8  1872  1690.0  2000
  223.4  1877  205.1  1990  187.2  1947  138.1  1913  153.4  1886  170.1  1907  180.7  1988  205.4  1927  208.8  1935  259.6  2000  252.6  2000  246.5  1986   570.8  2020   372.8  2006   468.6  1912   568.1  1935  1660.8  1877
  219.2  1995  192.1  1925  175.9  1994  133.2  1947  142.1  1920  161.1  1872  180.3  2009  203.9  1879  207.6  1866  249.9  1938  242.3  1951  241.4  1929   560.0  1990   371.8  1981   466.9  2020   560.8  1903  1648.5  1903
  218.3  1990  191.9  1958  173.9  1912  128.4  2012  141.8  2015  161.1  1998  178.9  1880  197.7  2004  206.2  1872  248.4  1870  235.8  1954  238.0  2006   546.6  1877   371.8  1913   452.1  1927   554.5  1981  1644.0  2020
  207.7  1975  191.2  1923  172.0  1919  127.7  2001  139.1  1993  160.6  1931  175.5  2007  194.3  1950  198.8  1968  245.2  2008  232.3  1960  237.2  1999   534.7  1915   350.0  1886   439.2  1882   548.4  1967  1624.6  2012
  205.3  2014  188.2  2014  167.8  1920  122.1  1882  137.5  1979  152.0  1948  173.6  1882  191.3  1985  196.9  1957  234.6  1998  224.2  1931  232.6  1979   529.1  1869   348.9  1983   438.8  1928   527.8  1944  1598.3  1928
  205.1  1999  187.8  1937  163.9  1896  119.8  1949  134.6  1906  150.4  1912  165.1  2010  190.8  1912  194.9  1974  213.8  2021  223.2  1890  232.2  1965   528.0  1960   341.9  1986   432.0  1931   526.2  1984  1547.8  2008
  203.2  2016  178.9  1950  162.9  1868  119.5  1993  133.5  2003  147.3  1980  156.4  1932  184.7  2020  193.7  1927  212.1  1916  222.4  1928  230.1  1994   522.5  1994   340.4  1903   426.6  2007   519.6  1923  1542.8  1923
  201.5  1988  176.7  1995  159.5  2006  118.2  1994  133.3  1969  145.7  1882  153.8  1957  181.1  1900  192.3  1981  211.6  1862  219.1  1877  227.6  1915   521.5  2000   335.7  1994   418.8  1954   511.7  1918  1530.2  2015
  200.3  1921  173.6  1894  157.6  1979  117.2  1998  133.3  2006  143.2  1879  153.2  1895  180.3  1923  187.2  1976  211.4  1935  216.2  1944  225.6  1951   521.2  2021   327.9  1963   414.5  1872   503.6  1938  1501.7  2019
  198.4  2021  173.0  1935  156.7  1988  116.0  1932  133.3  1925  140.0  2020  152.6  1879  180.2  1903  186.1  2019  209.9  1981  206.5  1963  223.9  2012   519.4  2007   325.2  1932   410.8  2019   498.7  1929  1491.4  1998
  198.3  1872  169.1  1977  156.1  1998  115.5  2005  132.5  1878  136.3  2017  151.7  1956  180.1  1877  184.8  1946  208.3  1932  205.5  1939  221.9  1959   496.2  1925   322.4  1862   403.8  1877   495.1  1950  1487.6  1882
  196.3  1930  165.3  1915  156.1  1989  115.2  1899  124.7  1983  134.4  1987  150.0  1877  179.3  1962  181.8  1896  207.0  1987  204.1  1969  220.2  1914   489.8  1910   320.6  2019   402.6  1985   494.0  2008  1470.9  1967
  196.2  1974  154.7  2011  154.0  1897  112.9  1972  124.6  1865  133.9  2019  149.7  1871  176.6  1930  178.7  1958  205.8  1923  203.9  1940  214.1  1911   486.9  1916   320.5  1972   393.4  2008   490.5  1877  1467.3  2002
  192.1  1899  154.2  1910  152.3  1913  112.3  1961  117.9  1932  132.3  1938  147.5  1953  173.8  1874  177.7  2012  205.0  1917  203.5  1970  213.2  1964   486.1  2008   317.1  1992   388.6  1946   479.1  2012  1460.4  1927
  190.0  1939  152.5  1966  149.9  2017  111.6  1862  116.9  1892  131.4  1927  144.8  1922  173.7  1921  170.2  1965  204.8  1872  202.6  1982  212.8  1891   485.9  1937   315.5  1998   385.3  1881   478.1  1927  1447.6  1999
  188.7  1984  152.0  1946  149.8  1951  109.0  1962  115.3  2014  127.1  2016  144.4  1960  173.1  1898  169.5  2017  204.2  2020  197.3  1926  210.1  2011   481.6  1980   306.4  1968   380.4  1910   477.4  1930  1445.2  1918
  188.2  1873  152.0  2000  147.6  1992  108.9  2000  114.3  1986  126.9  1863  144.1  1909  169.9  1910  169.1  1954  203.9  1980  196.8  1984  209.7  1918   478.7  1923   300.7  2015   380.1  1938   473.1  1980  1443.4  1930
  188.1  1960  149.6  1893  145.2  1982  108.8  1950  114.1  2011  124.2  1972  144.0  1924  168.5  1992  168.5  1984  202.3  1930  196.3  1946  198.4  1934   474.0  1920   299.9  1951   379.2  1907   472.6  2009  1440.8  1951
  187.6  1983  148.9  1922  143.8  1987  108.7  1985  113.8  1958  124.2  1935  143.4  1938  166.9  1928  166.2  1924  191.5  2004  192.6  1882  197.7  1909   466.3  1928   295.9  1993   377.9  1888   470.6  1998  1437.0  1994
  184.7  1866  148.2  1928  139.8  1963  106.7  1963  113.6  2002  123.2  1966  143.2  1872  166.9  1946  165.3  1903  191.4  1906  187.7  1938  195.6  1919   465.4  2002   291.8  2021   376.5  1948   470.5  1869  1431.1  1920
  182.8  1943  147.9  1918  139.1  1914  105.9  1959  111.8  1862  120.8  1982  142.9  1954  165.6  1881  164.6  1883  188.0  1909  185.3  1986  193.8  1924   456.7  1894   291.3  1967   375.2  1924   468.0  1960  1430.4  1950
  182.8  2007  147.9  1989  136.4  1921  104.5  1935  111.2  1955  120.5  1954  142.5  1884  164.2  1957  160.9  1967  185.2  2013  184.3  1992  193.6  1876   454.9  1922   291.1  1908   374.7  1930   467.7  1970  1428.8  1960
  179.3  1884  145.8  1916  134.1  1968  102.4  1966  110.6  1898  119.5  1997  142.3  1936  163.7  1943  160.8  2000  184.4  1929  184.0  1972  193.2  1949   454.0  1974   290.6  1919   373.6  1957   467.5  2019  1427.6  1886
  176.9  1883  145.5  1885  131.8  1905  101.7  1889  110.1  1942  119.0  1958  142.2  2020  163.6  2019  159.7  1892  184.1  1874  182.1  1888  190.5  2020   452.8  1939   290.6  1999   372.7  1891   466.5  1974  1422.1  1866
  175.4  1906  143.7  1945  129.5  1978  100.8  1909  109.7  1945  118.6  1936  141.6  2012  163.2  1892  158.8  1944  184.0  1863  173.5  1947  188.5  2013   451.9  1930   289.9  1897   372.1  2017   463.9  1883  1421.6  1981
  174.8  1890  142.4  2016  129.5  1986  100.7  2016  109.4  1943  117.2  1963  137.9  1930  155.4  1954  158.2  1891  182.5  2005  173.4  1977  183.1  1966   451.7  1948   289.8  1882   371.0  1950   461.8  1976  1408.6  1980
  173.7  2004  140.4  1903  128.4  1927  100.0  1983  108.6  1881  117.2  1862  137.8  1974  155.0  1878  155.7  1999  179.3  1886  171.7  1923  179.5  1897   451.1  1966   289.1  1989   370.1  2009   461.7  2017  1407.8  1938
  170.4  1993  140.2  1876  125.3  2008   99.6  1905  108.3  1976  115.1  1955  135.9  1940  153.5  1971  153.9  1885  178.6  1928  170.3  2002  177.3  1985   445.6  1984   287.8  1969   368.2  1998   461.6  1928  1404.7  1931
  170.1  1962  136.9  1881  124.2  1983   98.8  1931  108.1  1997  114.6  1977  134.7  1886  153.2  2008  153.6  2010  177.7  1934  170.1  1949  176.9  1880   441.4  1950   286.6  1988   365.6  2004   460.1  1940  1404.2  1946
  169.7  1932  134.0  1980  122.9  1895   98.1  1986  105.7  1907  111.7  1945  132.7  1914  151.6  1889  150.7  1953  177.1  1907  169.8  1872  176.5  2000   440.4  1958   286.6  1868   361.0  1943   459.9  1874  1400.4  2017
  169.3  1938  133.5  1869  122.2  1881   97.3  1975  102.5  2007  111.6  1946  130.8  2008  151.3  1941  149.7  1875  174.9  1892  168.1  1979  176.2  1983   439.9  1872   284.1  1966   360.9  1958   452.0  1863  1398.4  2004
  167.7  2015  132.4  1967  121.9  2021   97.2  1999  101.0  1972  110.1  1866  128.0  1918  150.5  1948  147.6  1863  174.7  1900  167.9  1930  176.1  1922   437.5  1935   280.2  1924   360.3  1988   449.2  1932  1395.1  2006
  165.8  1994  132.3  2021  120.6  1980   96.9  1992  100.9  1916  109.4  2008  127.4  1912  150.1  1897  147.5  1983  172.8  1961  167.8  1959  174.7  1900   437.1  1899   277.9  1877   357.9  2016   447.7  1982  1390.1  1986
  165.4  1875  132.2  1931  119.5  1908   96.7  1923  100.7  1923  109.1  1965  127.4  1931  149.1  1951  147.0  2008  172.4  2014  165.1  1953  171.8  1982   434.4  1943   277.3  1881   357.5  1939   447.7  1886  1388.5  1924
  164.4  1986  131.7  1974  117.9  1886   96.3  1989  100.6  1966  106.4  1881  127.2  1873  149.0  1929  146.9  1975  172.2  2002  164.8  1974  171.8  1886   433.7  1883   276.5  1899   354.4  1987   445.5  1870  1385.1  1974
  164.1  1863  129.7  1877  115.9  1876   96.0  1953   99.6  2009  106.2  1890  126.6  1915  147.1  1924  145.5  1943  172.2  1949  164.5  1881  171.5  1896   423.0  1903   276.4  1867   354.0  1917   441.4  1875  1379.8  1948
  159.6  1946  129.1  1939  113.7  1872   95.3  1910   98.6  2013  105.8  1991  125.8  1910  145.3  1961  144.5  1886  171.3  1990  164.3  1991  170.7  2007   423.0  2004   275.5  1872   354.0  1980   438.5  1866  1373.1  1912
  159.2  1998  129.0  1926  111.4  1940   95.2  2018   97.8  1968  105.4  1880  125.3  1867  144.0  1931  143.3  2004  169.0  1976  164.2  1980  169.1  1921   417.5  1931   275.2  1925   347.7  1903   438.2  2005  1371.7  2021
  158.9  1944  128.8  1872  111.2  1991   94.7  1925   97.5  1877  103.8  1943  123.7  1862  142.5  1988  143.2  1864  168.7  1983  163.6  1880  167.6  1980   416.6  1988   275.0  1906   345.9  1900   436.3  1891  1369.6  2014
  158.6  1886  128.8  1911  109.6  2015   94.2  1977   97.3  1902  103.5  1875  121.4  1908  142.3  1905  142.2  1923  167.3  2006  160.6  2012  167.4  1936   415.0  1946   273.0  1889   345.3  1953   436.3  1916  1368.2  1966
  157.8  1965  128.5  1941  107.4  1957   93.5  1991   96.5  1938  103.0  1883  121.2  1926  142.2  2012  142.1  1936  166.3  1877  160.5  2006  167.1  2014   412.4  2015   272.0  2003   345.2  1862   434.4  1926  1367.0  1988
  156.6  1903  128.4  1914  106.5  1972   93.2  1937   95.2  1934  101.0  1900  120.6  2017  142.1  1982  138.5  1962  165.4  2001  159.2  1996  166.7  1990   410.0  1999   268.9  1905   344.0  1880   434.0  1885  1366.7  1982
  156.6  1920  128.3  1866  105.4  1882   92.4  1876   95.0  1931   99.2  1985  120.0  1958  141.6  1865  137.7  1899  164.4  1885  158.4  1910  162.8  2021   409.1  1983   268.8  1985   342.2  1920   433.3  1968  1359.2  2009
  154.1  1936  126.5  1900  103.8  1874   90.2  1871   94.9  1981   98.6  1990  118.6  1967  139.8  2014  137.4  1932  160.8  1984  157.1  1914  161.3  1954   406.5  1952   268.4  1987   341.6  1866   432.2  1892  1357.0  2007
  153.1  2018  125.4  1933  103.8  1999   90.2  1904   94.8  1894   97.8  1897  118.4  1875  139.6  1873  136.9  2018  160.3  1996  156.6  1869  161.0  1978   404.6  1975   268.2  1949   341.1  1890   427.6  2006  1352.1  1958
  151.5  1961  124.2  1884  102.6  1995   89.6  1965   94.2  1973   97.4  1999  117.3  1973  139.4  1890  136.5  2011  158.1  1891  155.8  1866  160.7  1955   404.6  2012   266.4  2000   336.4  1892   426.9  2020  1347.0  1957
  149.3  1915  124.1  1970  102.6  1884   89.1  2002   93.9  1954   96.8  1878  116.0  1923  134.0  1980  135.4  1897  157.9  1925  154.7  1897  160.2  1872   404.2  1884   266.4  2002   330.6  1923   426.7  1963  1340.4  1965
  148.8  1869  123.1  1904  102.6  1901   87.8  1898   93.4  1903   96.8  2000  116.0  1961  133.2  1906  133.8  1876  157.2  1968  153.3  1927  159.1  1901   400.0  1961   266.3  1907   329.9  1922   426.3  1917  1336.9  1862
  148.6  1942  122.6  1951  100.1  1877   86.6  1916   92.8  1908   95.2  1892  115.5  1903  132.4  1866  132.8  1951  157.2  1945  152.3  1981  159.1  1862   398.2  2013   265.3  1934   327.1  1936   426.0  1987  1332.8  2011
  144.6  2002  121.8  1920  100.0  1890   86.1  1897   91.9  1926   95.2  2002  115.3  1927  130.9  1986  131.0  1908  155.6  1957  151.2  1911  158.6  1910   397.5  1919   262.4  2014   326.9  1908   425.0  2004  1331.7  1979
  144.2  1900  117.9  1960   99.0  1862   85.4  1969   90.8  1964   94.9  1911  114.2  1942  130.8  1934  130.2  1878  154.7  2019  151.1  2005  158.5  1974   397.1  1912   261.9  1942   326.7  1873   421.9  1992  1325.6  1992
  142.7  1968  117.3  2001   98.6  1909   84.5  2008   90.0  1899   94.4  1971  114.0  1987  130.6  1953  129.3  1887  153.5  1989  149.8  1978  158.2  2018   394.8  1967   261.7  1916   325.4  1960   417.7  1977  1324.2  1910
  142.5  1926  114.0  1883   97.0  1906   84.5  1973   89.9  1962   90.2  1944  113.3  1929  129.9  1979  128.6  1978  152.8  1944  149.6  1950  157.8  1997   393.6  1898   259.3  1927   325.0  1966   412.0  1957  1318.7  1990
  141.2  1978  112.5  1996   95.7  1866   84.2  1869   89.6  1999   89.6  1864  113.2  1881  127.6  1904  128.2  1874  152.4  1970  147.9  1935  157.1  1942   390.5  1926   259.3  1970   324.3  1929   411.9  1946  1315.8  1935
  140.7  1927  111.7  2017   95.6  1941   83.0  1934   89.3  1947   89.2  1959  113.2  2019  127.3  1907  126.8  1925  152.2  1873  147.8  2017  154.4  1893   390.0  1965   255.7  1912   322.6  1895   409.0  1951  1314.1  1900
  139.1  1957  108.6  1880   94.6  1907   82.5  1952   88.0  1965   87.9  1939  112.1  1985  127.2  1960  124.5  1994  152.1  1883  147.6  1874  153.2  1930   384.3  1873   255.3  1965   320.5  1965   403.5  2010  1313.8  1943
  138.5  2009  108.4  1898   94.3  1930   82.3  1872   88.0  1869   87.5  1896  110.3  1975  126.7  1908  124.2  1948  151.9  1941  147.3  1883  153.2  1884   383.8  1957   253.5  1878   320.3  1926   401.4  2001  1313.7  1944
  138.1  1919  105.9  1954   93.9  1954   80.9  1911   86.3  1889   87.5  1968  110.2  1946  126.5  1973  121.3  1926  151.8  1986  146.1  1936  151.2  1898   383.5  1885   253.4  2001   319.0  1971   399.0  1882  1313.1  1891
  137.9  1910  105.4  1961   93.5  1928   80.8  1996   82.8  1918   86.0  1913  109.6  2015  126.0  1942  121.2  2001  151.5  1896  144.7  1875  149.6  1912   382.0  1892   253.1  1904   317.8  1961   398.3  1931  1308.0  1970
  137.6  1952  105.1  1957   92.5  1873   80.7  1979   82.1  1949   85.9  2004  109.0  1965  125.9  1863  118.4  1934  150.7  1871  142.9  1895  148.2  1869   381.9  1867   252.7  2005   315.9  1875   398.0  1890  1305.5  1916
  137.4  2005  104.8  1867   92.5  1977   80.3  1901   81.5  2000   85.3  1952  108.5  1993  125.9  2009  118.4  1988  149.1  1943  141.9  1901  147.5  1946   378.2  1998   252.6  1909   313.4  1909   396.8  1936  1300.8  1883
  137.3  1867  104.2  1882   92.1  1864   80.2  1951   81.4  1963   84.8  1969  107.5  2016  125.7  1952  117.7  1987  147.6  1865  140.6  1894  147.2  2019   377.7  1866   252.1  1921   307.5  1982   395.2  1880  1300.2  1987
  136.8  1922  104.0  1879   91.8  2020   80.2  1877   81.4  1913   84.7  1910  106.5  1950  123.7  1895  117.7  1963  147.0  1875  140.2  2020  147.0  2003   376.4  1987   250.7  1962   307.0  1963   395.2  2021  1299.9  2016
  136.0  1934  103.7  1871   91.3  1970   80.0  2006   81.1  1917   84.2  2011  105.5  1959  123.7  2006  117.0  1871  145.8  1895  139.1  2010  143.9  2017   375.3  1945   246.3  1964   303.8  1967   394.9  1924  1299.2  1977
  135.9  1976  102.2  2004   91.3  1932   79.9  1960   79.5  1941   84.1  1924  103.7  1998  123.6  1926  116.8  1960  144.6  1942  138.0  1913  143.8  1923   374.8  2018   246.2  1923   300.9  1974   393.1  1943  1297.8  1983
  135.1  1868  101.3  1868   90.3  2014   78.9  1908   79.5  1872   83.1  1981  102.3  1947  123.3  2016  116.0  1879  144.4  2017  135.5  1905  143.2  1960   371.6  2001   244.6  2008   299.8  1992   389.5  2002  1296.6  1932
  134.9  1904  101.3  1906   90.1  1939   78.9  1930   78.7  1904   82.7  1876  101.7  2003  123.1  1894  116.0  1880  143.2  1898  134.1  1994  142.8  1882   371.1  1863   244.2  1955   298.3  1897   386.1  1949  1295.8  1929
  132.3  2000  101.2  1908   89.8  1894   78.9  1922   77.5  1884   82.5  1989  101.7  1968  122.3  1925  115.1  1893  142.9  1940  133.0  2003  141.8  1907   369.6  1991   242.5  1914   297.8  1871   386.1  1999  1283.6  1936
  132.1  1931  100.8  1897   89.4  1942   78.6  1886   77.5  2012   82.1  1978  101.3  1970  121.9  1958  114.5  1942  142.8  1977  132.9  1916  140.6  2002   367.6  1962   242.0  1902   296.5  1962   381.9  2015  1282.6  1876
  131.7  1913   98.5  2007   89.3  2018   77.0  1964   76.4  1910   81.9  1920   99.7  1893  121.8  1963  114.4  1992  141.6  1924  132.3  1917  140.0  1948   367.1  1977   241.3  1898   296.0  1894   381.1  1911  1280.6  1939
  130.7  1937   96.4  1992   88.9  1888   76.3  1895   76.2  1996   81.3  1898   99.1  1866  121.5  1967  113.3  1940  141.5  1878  131.9  1864  139.7  1866   364.4  1981   240.6  1945   293.2  1978   380.9  1953  1277.4  1874
  130.7  1956   94.5  1991   87.9  1922   75.8  1919   75.4  1891   80.7  1894   98.9  1964  120.0  1882  113.1  1911  141.5  1952  131.3  1971  139.6  1956   362.5  1970   240.2  1894   292.4  2011   380.9  1994  1276.5  1961
  130.3  2020   94.4  1943   87.1  1934   75.8  2019   74.7  1985   80.5  1947   98.7  1896  117.2  1922  112.9  1922  141.3  1894  129.5  1998  136.5  1989   360.5  1904   239.3  2016   292.1  1863   380.0  1961  1274.8  1881
  129.8  1874   94.0  1948   85.4  1985   75.4  1927   73.8  2005   79.4  1916   97.9  1928  117.0  1915  112.7  1952  140.7  2012  127.1  1912  136.0  1972   358.5  1908   237.9  1940   291.4  1883   379.7  1996  1272.1  1914
  128.7  1894   93.8  1899   85.1  1889   75.3  1940   73.7  1890   78.7  1908   95.7  1972  116.1  1978  111.8  1970  139.9  1959  126.7  2019  135.6  1877   353.8  1900   237.7  2012   289.6  2000   378.5  1896  1271.8  1869
  125.8  2011   93.6  1988   85.0  1885   74.9  1924   73.2  1929   77.9  1909   95.6  1890  116.0  1888  111.6  2016  139.9  1933  126.1  1997  133.7  1938   351.4  1978   237.0  1917   288.4  2010   377.3  1983  1271.4  1926
  125.4  2012   90.7  1994   84.5  2016   74.4  1968   72.6  1992   77.4  1891   95.1  1978  115.4  2001  110.9  1982  138.4  1912  125.8  1876  132.6  2004   350.7  1986   236.7  2017   287.8  1874   372.4  1876  1270.0  1897
  125.1  1982   89.4  1864   84.2  1904   72.6  1955   71.9  1952   76.2  2003   94.3  2013  115.4  1876  110.7  1956  138.2  1889  125.2  1966  128.9  1881   347.5  1933   234.7  1977   287.0  1898   371.0  1878  1268.2  1968
  125.0  1958   88.3  1999   83.9  1902   72.6  1917   71.4  1944   75.6  1926   94.3  1944  115.2  2017  109.0  1961  137.4  1918  123.9  1886  128.7  1952   346.1  1868   232.0  2018   285.9  1914   369.7  2018  1266.4  1894
  123.7  1972   88.0  1978   83.6  1933   72.1  2004   71.1  1921   75.4  1933   93.5  1943  114.9  2011  107.9  1995  136.8  1867  123.9  2016  126.3  1992   345.7  1882   231.8  1982   284.3  2002   369.2  1925  1262.8  1925
  123.7  1951   87.0  1962   83.3  1917   69.3  1945   70.7  1988   73.7  1877   93.2  2011  114.7  1970  107.3  1966  134.2  1982  122.1  1900  126.2  1973   344.9  2005   231.8  1973   283.6  1878   367.5  1991  1258.4  1880
  123.0  1878   83.9  1969   83.1  2010   69.1  1868   70.2  1995   72.3  1974   92.2  1894  113.7  1893  107.2  1930  132.7  1991  120.4  1863  126.0  1902   344.8  1913   230.8  1976   283.3  1876   367.1  1958  1256.6  1909
  120.9  1947   83.8  1987   81.9  1971   69.1  1900   69.8  1951   71.2  1956   91.3  1966  112.8  1901  106.4  1998  131.1  1927  120.0  1985  124.3  1894   339.8  1951   230.6  1876   282.1  1973   363.7  1862  1254.7  1906
  118.6  1969   82.9  2019   81.4  2007   68.7  1944   69.7  1870   70.8  1917   90.6  2002  112.6  1989  105.5  1884  129.5  2011  119.9  1891  124.2  2009   339.5  1911   229.3  1896   281.8  1915   361.2  1979  1252.2  1985
  117.3  1865   82.9  1865   81.2  1966   68.5  1915   69.0  1875   70.5  1888   90.3  1889  111.9  1919  105.1  1877  128.7  1868  119.0  2018  123.9  1906   339.4  1989   227.6  1930   281.2  1918   359.9  2013  1246.6  1993
  117.1  1918   82.8  1982   79.4  1936   67.5  1987   68.8  1953   70.3  1901   90.0  1883  111.4  1868  105.0  1980  128.7  1893  117.7  1865  123.8  1969   337.8  1881   226.4  2009   281.2  1970   359.5  1900  1239.2  1908
  116.6  1981   81.0  1971   78.5  1964   67.5  1939   68.0  1914   70.3  1950   85.8  2000  110.5  1966  104.6  2005  126.1  1882  116.7  1903  123.5  1957   334.7  1918   226.3  1952   280.0  1944   358.2  1897  1233.3  1922
  115.8  1924   80.7  1984   77.6  1965   66.9  2003   67.3  1900   70.0  1993   85.6  1891  110.2  1872  103.7  1985  124.6  1966  115.7  1885  122.4  1944   333.6  1870   224.6  1991   278.8  1972   357.1  1966  1224.9  1863
  115.7  1933   80.4  1927   77.1  1976   66.2  1885   67.0  1873   69.8  1871   85.2  1876  107.0  2000  103.1  1862  123.8  1958  114.9  2001  122.2  1977   326.9  1936   224.0  1954   276.0  1905   356.0  1986  1220.7  1907
  115.5  1908   80.2  2008   76.0  2000   66.0  1907   66.1  1879   69.1  1905   84.9  1874  105.9  1987  102.8  1920  123.2  1992  109.4  1999  121.5  1987   325.4  2011   223.9  1910   275.2  1893   355.7  1965  1218.5  1978
  115.5  1862   80.1  1981   75.7  1967   65.5  1943   66.0  1957   68.6  1964   84.4  1865  105.0  1911  102.3  2007  123.2  1901  108.2  1965  121.0  1940   325.4  1875   223.0  1941   274.5  1997   354.0  1990  1213.7  1868
  114.9  1980   79.2  1949   75.6  1870   65.4  1880   65.1  1885   67.8  1922   84.4  2021  104.4  1938  101.5  1977  123.0  1988  108.0  1870  119.0  1925   325.0  1906   222.5  1950   273.5  1952   352.2  2011  1206.8  1892
  114.6  1970   79.2  1874   75.3  1948   64.9  1891   64.7  1880   67.3  1953   83.2  1992  104.2  1862  100.8  1867  122.5  1902  106.3  1908  116.7  1998   324.9  1955   222.2  1884   272.3  1986   351.3  1934  1206.8  1934
  113.5  1916   78.9  1870   74.2  1916   64.8  1888   62.8  1887   67.1  2005   83.2  1902  103.4  1998  100.0  1973  122.3  1994  105.6  1975  115.7  1967   323.6  1878   221.8  1869   271.5  1896   347.2  1864  1205.9  2005
  113.1  1959   78.1  1940   74.1  2004   64.1  1948   62.3  1882   67.1  1994   83.0  1933  102.3  1965   99.9  1873  121.0  1999  105.5  1976  114.9  1984   322.7  1887   221.2  1959   267.3  1964   345.0  1909  1202.2  1972
  112.5  1882   77.8  2018   72.4  1880   62.4  1942   61.4  1912   66.4  1885   82.8  1986  101.5  1999   99.8  2006  119.0  1960  105.2  1898  112.8  1871   322.1  1914   220.7  1895   264.4  1993   343.9  1899  1202.0  1917
  112.4  1954   77.7  2015   72.1  1879   60.8  1902   61.3  1893   65.2  1970   82.0  2004  100.5  2013   97.1  1945  116.9  1911  104.6  1906  111.5  1988   319.8  1938   219.9  1937   263.6  1889   341.7  1952  1200.2  1875
  111.3  1923   76.6  1936   71.9  1952   60.5  1926   60.8  2017   65.0  1934   81.8  1907   99.8  1964   96.9  2021  116.7  1971  103.4  1932  111.1  1874   319.5  1921   219.8  1931   261.5  1945   339.3  1906  1199.6  1898
  110.4  1977   76.4  1973   71.6  2003   59.8  1863   60.8  1937   64.3  1984   81.2  1899   99.7  2015   96.4  1993  115.9  1926  103.1  2014  111.0  1958   317.7  1993   219.5  1901   261.1  1942   335.4  1873  1198.5  2013
  110.3  1925   76.4  2006   71.6  1950   59.2  1879   59.8  1961   63.9  1919   79.2  1945   99.0  1994   94.6  1909  115.7  1880  102.9  1973  110.6  1895   316.4  1956   219.5  2013   260.0  1951   334.1  1895  1197.2  1962
  110.0  2013   76.0  1972   71.3  1899   59.1  1988   59.7  1863   63.8  2009   78.0  1892   98.7  2018   94.5  1947  113.8  2018  102.3  1907  110.5  1961   315.6  1897   219.1  1922   259.2  2015   331.7  1893  1196.0  1984
  110.0  1912   74.9  2005   71.0  1867   58.1  1990   59.3  1933   63.7  1967   77.8  1916   98.6  2002   94.4  1919  112.8  1876  101.9  2008  110.5  1904   313.9  2019   217.7  1997   258.5  1968   328.3  1978  1196.0  1956
  109.2  1945   74.2  1889   70.4  1959   57.5  2009   58.3  1867   62.0  1929   76.9  1995   98.4  1883   91.4  1931  110.8  2010  101.4  1948  110.0  1962   312.7  1941   217.3  1890   256.3  2013   328.0  1959  1194.9  1949
  108.4  1991   73.0  1912   69.7  1997   56.8  2014   57.9  1915   61.9  1893   76.8  1997   96.9  1918   91.3  1916  108.6  1936  101.4  1967  110.0  1864   310.9  1949   216.5  2007   255.4  1886   327.5  1913  1192.2  1911
  106.4  1870   71.2  1976   69.3  2009   56.5  1878   57.9  1982   61.8  1937   76.5  2001   95.5  1944   90.9  1979  107.2  1950  101.3  1987  109.7  1867   310.2  1865   216.3  1885   254.7  2014   327.4  1871  1188.6  1940
  105.8  1898   70.1  1907   69.1  2001   56.3  1903   57.6  1960   61.5  2013   76.4  1991   95.5  1914   89.5  2003  106.9  2009  100.2  1899  108.6  1991   310.0  1968   216.2  1943   252.7  1921   326.4  1939  1187.2  1913
  104.6  1892   69.0  2012   69.0  1969   56.3  1870   57.3  2019   60.2  1930   75.8  1981   94.0  1875   89.1  1870  106.7  1974   99.4  1878  108.4  1920   308.4  1890   211.5  1953   249.8  1865   322.4  1881  1185.8  1915
  102.0  2003   68.8  1953   66.3  1949   55.8  1887   57.1  1987   59.9  1873   74.3  1951   93.3  1902   89.1  1917  106.0  1899   98.5  1943  107.7  1889   308.1  1901   211.3  1961   249.1  1901   320.9  1901  1185.2  1896
  100.2  1887   67.8  1955   66.2  2013   55.6  1894   56.6  2001   58.6  1986   74.0  1948   93.3  1996   89.0  1990  105.3  1964   98.5  1964  107.4  1888   304.6  1947   209.7  1874   248.4  1904   320.5  1888  1183.9  1890
   99.4  1971   67.0  1905   66.2  1974   54.6  2013   55.6  1864   57.8  1914   73.0  1937   91.3  1909   85.1  1955  105.2  1913   98.2  1961  106.9  1887   302.1  1979   207.6  1865   247.9  1991   319.9  1948  1181.8  1878
   99.0  1914   65.0  1878   65.8  1937   54.4  1971   55.6  1971   57.7  1902   72.7  1980   90.7  1974   84.3  1913  102.5  1963   97.9  2007  106.3  1932   298.7  2003   206.8  1978   247.2  2001   319.4  1969  1179.8  2018
   97.4  1979   64.5  1892   64.5  1878   53.1  1874   55.5  1927   56.7  1983   71.4  1949   89.5  1969   84.2  1889  102.4  1905   97.5  1892  106.1  1908   292.2  1976   206.8  1995   246.8  1867   316.2  1912  1175.8  2001
   95.8  1955   64.3  2013   64.5  1871   52.4  1896   55.4  1974   56.5  1961   71.1  1971   89.2  1916   83.7  1914  102.2  1979   96.2  2013  103.7  1928   292.2  1902   204.1  1996   246.4  1916   314.3  1975  1173.3  1884
   94.2  1895   63.4  1913   63.7  2002   51.6  1981   54.5  1868   56.3  1918   70.3  1887   85.9  1993   83.1  1890  101.5  1995   96.2  1989  103.4  1945   289.9  1973   204.0  1926   245.6  1934   313.5  1988  1172.6  1942
   91.7  1949   61.7  1944   63.3  2005   50.5  1956   54.5  1930   55.6  1957   69.3  1925   85.3  1896   82.5  2020   97.2  1956   93.7  1990  102.5  1903   289.6  1982   202.5  1880   245.0  1977   313.4  1905  1171.7  1989
   89.7  1909   61.2  1998   63.1  1975   49.3  2015   54.2  2016   55.3  1899   69.2  1904   83.3  1977   81.8  1937   95.9  1910   92.2  1904  101.7  1916   288.2  1924   201.7  1870   241.9  1932   305.9  1898  1170.5  1899
   86.9  1902   60.4  1896   62.3  1887   49.1  1967   53.4  1911   55.2  2001   69.1  2014   83.1  2005   80.3  1882   94.5  1888   92.1  1868  100.7  1883   288.2  1997   200.2  1891   240.4  1999   303.6  1894  1169.8  1919
   85.8  1871   58.3  1909   61.6  1945   48.0  1941   53.1  1909   54.2  1886   68.0  1963   83.1  2010   79.2  1997   94.3  1948   90.2  2004  100.3  2008   286.8  1944   200.1  1975   239.8  1906   302.3  1907  1158.2  1879
   84.8  1885   56.9  2010   60.4  1955   46.5  1881   53.1  2004   53.9  1962   67.7  1994   80.8  1867   78.5  2013   93.3  1881   89.5  1919   98.6  1863   283.5  1876   199.2  2004   234.2  1902   300.9  1887  1155.5  1997
   84.3  1901   56.1  2003   59.9  1891   46.1  1883   52.9  1946   53.8  1960   66.8  1921   80.3  1949   75.4  1905   91.6  1890   87.9  1893   96.1  1935   282.0  1954   199.1  1888   233.9  1935   299.5  1985  1154.6  1969
   81.3  1891   54.4  1938   58.7  1883   45.4  1976   52.8  1874   53.7  1906   66.1  1901   79.9  1984   74.2  1964   91.0  1921   87.7  1902   96.1  1937   281.5  1893   197.5  2011   233.8  1994   298.5  1908  1151.5  1991
   81.2  1940   53.1  1942   58.3  1911   44.7  1921   52.4  1922   52.0  1903   64.6  1905   79.2  1975   70.4  1991   90.6  1869   87.5  1952   94.7  1913   280.1  1871   197.5  1871   231.8  1989   297.6  1865  1151.0  1952
   80.1  1989   51.6  1968   57.2  1938   44.1  1928   51.4  1866   51.5  1904   63.8  1900   78.9  1885   69.5  1868   89.6  1919   87.1  1924   94.6  1947   278.2  1969   197.4  1879   229.9  1941   296.0  1914  1150.3  1885
   79.3  1967   50.7  1887   55.4  1915   44.0  1978   51.2  1940   49.9  2015   63.3  1962   78.6  2021   69.0  1904   88.9  1973   87.1  1918   93.6  1950   275.9  1942   196.3  1958   229.1  1990   294.3  1995  1148.2  1867
   78.0  1864   49.7  1919   55.2  1984   43.9  1929   50.4  1956   48.5  1996   63.0  1885   78.5  2007   68.9  1969   88.6  1937   86.9  1941   90.7  1870   269.1  1992   195.4  1892   227.5  1884   293.2  2003  1146.3  1947
   77.7  2001   49.7  1983   54.6  1918   43.6  1890   49.9  1897   48.2  1992   62.6  2005   78.3  1871   66.0  1938   87.9  1887   86.4  1915   90.4  1931   267.4  1874   193.7  1957   224.5  1864   292.4  1971  1145.7  1963
   77.4  1973   49.1  1901   53.1  1973   43.4  1906   49.0  1883   47.1  1870   62.5  1952   78.2  1997   64.5  1881   82.9  1884   86.2  2011   89.9  2005   266.7  2017   192.7  1911   223.4  1911   291.9  2014  1135.7  1959
   76.3  2010   48.9  1875   53.0  1956   43.0  1933   48.0  1977   45.8  2014   60.6  1996   76.7  1920   62.8  1900   82.9  1955   84.9  1995   89.1  1939   266.1  2009   191.9  1971   222.3  1919   291.7  1973  1130.0  1873
   74.3  2017   47.9  1863   52.2  1910   42.5  1936   47.4  2018   45.7  1895   58.4  1864   76.5  1864   60.6  1928   82.7  1931   84.5  2021   89.0  1879   265.9  1864   189.3  1866   221.4  1959   291.3  1947  1126.3  1945
   73.9  1896   46.2  1902   52.2  1865   42.2  1866   47.0  1948   45.2  1979   57.3  1990   73.5  1939   60.6  1929   79.8  1939   84.5  1925   87.5  1976   264.4  1932   188.5  1939   221.1  1969   290.8  1942  1126.1  1953
   72.8  2019   44.0  1886   51.7  1962   42.1  1884   45.4  1888   40.9  2006   57.3  2018   73.2  1990   60.1  1996   77.3  1965   83.7  1887   85.7  1878   264.2  1886   187.4  1864   221.1  1975   290.4  1868  1124.9  1871
   72.7  1985   43.7  1979   51.6  1926   41.0  1892   45.0  1959   40.7  1867   57.2  1941   71.9  1887   59.1  2009   75.8  1985   83.3  1873   85.1  1975   262.2  1927   186.4  1948   221.0  1979   289.4  1889  1108.4  1921
   71.7  1917   43.3  1952   51.1  1946   40.6  2011   43.9  1990   40.2  2010   52.9  1906   71.2  1913   57.6  1898   75.1  1866   81.4  1921   83.1  1899   257.5  2010   186.2  1960   219.6  1933   286.3  1989  1099.3  1888
   69.8  2006   43.3  1917   50.7  1863   40.5  1946   42.9  1919   38.4  1932   52.3  1917   70.6  1945   56.5  1902   74.5  1997   78.6  1884   81.7  1981   255.0  1907   185.8  1933   216.8  1981   282.9  1962  1098.5  1895
   69.3  1950   38.4  1975   49.5  1869   40.3  1918   42.8  1871   38.3  1973   50.5  1897   69.4  1869   55.7  1901   72.1  1864   78.2  1962   80.7  1875   254.2  1959   185.3  1873   212.8  2005   279.9  1997  1095.7  1904
   66.4  1966   36.3  1947   48.8  1923   40.0  1875   42.2  1998   38.1  1915   49.8  1934   69.4  1968   52.9  2015   70.7  2003   77.2  1993   80.7  2016   254.0  1909   181.9  1915   210.4  2006   278.0  1964  1088.3  1893
   66.1  1935   35.9  1873   48.6  1960   39.9  1958   42.2  1950   37.1  1995   47.7  1976   66.5  1935   50.9  1921   68.1  2015   77.2  1968   78.8  2001   253.5  1953   180.9  1887   210.2  1940   276.4  2016  1086.4  1995
   64.6  1889   34.3  1929   47.3  1925   39.9  1997   41.6  1994   37.0  1988   47.1  1977   66.5  1886   50.7  1912   68.0  1897   74.1  1920   75.6  1968   248.5  1940   178.6  1935   208.2  1885   273.5  1919  1085.7  1973
   64.0  1992   33.4  1888   47.1  1996   39.6  1864   40.1  1928   36.7  1951   46.9  1969   66.2  1936   47.0  2002   67.9  1920   72.1  1988   74.3  1941   246.3  1889   177.6  1928   206.4  1955   273.2  1867  1082.0  1901
   63.2  1941   31.3  1985   46.7  1953   36.2  1954   39.8  1936   35.6  1869   46.5  1919   65.7  1991   45.4  1895   66.2  1962   71.0  1922   73.7  1892   245.5  1972   177.6  1918   202.4  1996   273.2  1941  1081.5  1964
   62.6  1876   31.2  1862   44.2  1924   35.5  1914   39.8  1975   35.2  1884   45.9  1979   62.1  1937   44.5  1971   66.0  1879   67.0  1889   69.6  1917   244.9  1896   170.2  1863   200.1  2003   269.2  1910  1081.2  1976
   62.3  1905   30.1  1964   43.4  1990   34.5  2010   38.1  2010   34.4  1923   45.8  2006   62.0  1870   43.9  1888   65.1  1953   64.6  1958   66.3  1943   241.4  1971   166.7  1938   198.1  1913   267.9  1945  1075.0  1870
   61.0  1907   30.1  1959   43.0  1898   33.9  1995   37.7  1984   33.0  2018   44.5  1982   61.3  1933   43.9  1949   64.5  1904   62.4  1909   64.7  1865   239.8  1905   164.9  1980   196.9  1937   267.3  1972  1072.7  1889
   61.0  1888   28.6  1924   42.9  2011   32.6  2007   37.6  1905   32.6  1976   44.1  1869   59.7  1880   43.3  1906   61.8  1975   62.1  1955   63.6  1953   236.5  1879   163.3  1900   196.9  1925   266.9  1884  1070.4  2003
   59.2  1996   27.4  2009   42.6  1958   30.9  1865   36.6  1901   31.6  1975   43.3  1935   59.4  1983   41.0  1939   61.8  2007   61.1  1983   62.4  1996   236.1  2006   162.9  1944   193.5  1947   266.7  1902  1066.7  1975
   58.2  1893   25.8  1890   41.3  1943   28.8  1982   36.6  1989   30.1  1940   42.7  1870   58.9  1972   37.0  1972   61.2  1908   59.7  1871   61.5  1885   234.7  1895   161.6  1936   191.2  2021   263.0  1956  1054.7  1937
   56.0  1953   25.0  1956   39.7  1935   26.0  2017   35.8  1980   29.0  1874   42.0  1983   57.9  1981   36.5  1989   59.2  1915   59.6  1957   61.1  1970   229.0  1996   155.7  2010   189.0  2018   261.9  2007  1036.4  1864
   54.7  1929   23.1  1963   39.2  1961   25.9  1873   34.8  2008   28.2  2021   41.6  1955   49.8  1884   34.4  1941   55.2  1993   55.2  1934   58.4  1873   228.9  1880   153.9  1956   181.2  1899   244.8  1920  1036.0  1905
   52.1  1911   21.1  1993   39.0  1893   25.2  2020   34.5  1935   25.3  1887   41.5  1999   49.7  1955   34.3  1915   55.2  1914   55.1  1956   57.3  1995   219.0  1985   153.9  1883   176.5  1949   230.1  1955  1029.5  1971
   46.7  1879   18.9  1965   38.9  1875   20.4  1912   33.2  1978   24.8  1949   40.9  1913   47.0  1932   34.0  1933   49.9  1978   52.8  1937   49.8  1927   216.7  1917   147.9  1875   174.9  1984   228.8  1993  1025.8  2010
   46.6  1964   16.2  1895   37.4  1892   20.3  1957   30.9  1939   23.8  1865   39.3  1863   44.7  1899   32.2  1865   46.5  1969   51.7  1933   48.3  1905   201.3  1888   145.4  1990   167.5  1887   225.8  1904  1020.3  1996
   46.2  1987   14.3  1930   37.2  1993   18.9  1893   24.9  1970   21.7  1889   36.7  1989   44.2  1940   22.9  1907   46.3  1972   49.0  1862   45.8  1971   192.7  1929   144.6  1946   158.1  1983   225.6  1933  1019.9  1865
   43.3  1897   10.9  1921   31.8  2012   17.8  1984   22.3  1876   21.4  1941   32.7  1898   26.7  1959   21.7  1894   40.9  2016   45.1  1896   44.9  2010   179.3  1934   142.5  1929   153.4  1868   223.3  1921  1005.0  1955
   31.2  1880   10.2  1934   26.9  1900   14.9  2021   21.6  1895   20.9  1942   31.7  1878   22.2  2003   20.2  1959   38.5  1922   39.3  1879   41.1  1926   159.2  1963   136.3  2020   151.8  1870   223.3  1937  1001.9  1902
   26.1  1963    9.7  1891   25.9  1931   13.0  1938   19.9  1991   20.8  1868   30.7  1984   18.2  1995   18.9  1986   33.9  1951   35.6  1867   34.9  1963   117.8  1891   131.5  1974   149.0  1869   222.4  1922   992.0  1941
   23.9  1881    9.0  1986   25.4  1929    9.9  1974   19.2  2020   12.2  1921   23.6  1911   13.6  1976   16.4  2014   30.8  1946   31.8  1942   33.1  1933   111.7  1964   119.1  1893   132.2  1995   221.3  1879   907.2  1887
   12.0  1997    4.3  1932   22.9  1944    8.5  1980   13.1  1896    5.2  1925   21.2  1868   10.7  1947   14.9  1910   23.2  1947   13.6  1945   26.8  1890     ---  1862   110.7  1984    94.0  1976   179.9  1915   905.2  1933