Areal values from HadUK-Grid 1km gridded climate data from land surface network
Source: Met Office National Climate Information Centre
Monthly, seasonal and annual total duration of bright sunshine for England NW and N Wales
Areal series, starting in 1919
Last updated 01-Jan-2022 10:59
    jan  year    feb  year    mar  year    apr  year    may  year    jun  year    jul  year    aug  year    sep  year    oct  year    nov  year    dec  year     win  year     spr  year     sum  year     aut  year     ann  year
   70.5  1959  106.9  2008  185.9  1929  237.6  2021  271.9  2020  288.4  1940  289.1  1955  271.4  1947  177.2  1959  115.0  2003   82.1  1925   66.4  2001   219.1  1963   634.6  2020   684.6  1976   333.3  1959  1574.6  2003
   68.2  2001  104.3  2019  166.8  2003  226.5  2020  255.5  2018  283.8  1957  267.6  2006  255.9  1995  170.2  1933  114.7  1959   80.6  1988   57.0  1962   199.0  2003   580.7  1929   668.4  1995   326.1  1971  1572.7  1995
   66.9  1963  100.6  2004  154.0  1948  211.2  2011  254.7  1948  259.5  1975  267.0  2013  243.0  1976  167.2  1991  114.1  1965   78.8  2005   55.1  2008   185.9  2008   567.8  1948   646.1  1989   325.7  1986  1571.7  1955
   65.5  2003   95.3  1986  149.4  1955  210.8  2007  248.1  1935  257.6  2018  249.9  1984  211.9  1955  160.5  2015  113.0  1920   74.3  2010   51.2  1996   184.3  2001   530.2  2003   644.0  1955   312.8  1975  1555.5  1975
   58.1  1991   95.2  1963  148.6  2012  210.2  2015  246.2  1989  256.2  1925  248.5  1990  208.0  1983  160.2  1986  112.5  2010   71.2  1965   50.6  1961   182.2  2004   521.9  2011   639.2  2018   312.7  2010  1535.3  1949
   56.3  1933   94.4  2003  141.8  2011  205.3  1984  244.6  1977  253.2  1949  246.8  2018  203.7  1975  155.1  1971  112.0  1931   70.1  1975   50.4  1967   176.5  1949   521.1  2007   628.6  1975   310.8  1999  1534.2  2018
   56.3  1940   93.6  2018  136.2  2020  199.0  1942  239.5  1992  250.6  1960  245.1  1989  192.0  1984  153.4  1921  110.3  1971   69.3  2006   50.2  1960   175.4  2019   518.0  1956   623.8  1949   306.8  2003  1531.0  1989
   55.3  2010   88.9  1970  133.6  1924  192.1  2003  237.0  1980  239.2  1969  236.8  2014  189.0  2005  148.6  2006  110.1  1997   68.2  1985   50.2  2004   169.9  2006   512.4  2021   606.7  1984   305.2  2006  1526.4  1929
   55.3  1982   88.1  1975  133.6  1953  185.7  1921  234.5  1975  234.6  1970  226.0  1976  189.0  1989  147.7  1929  107.1  1922   68.1  2016   50.1  1948   169.0  2018   509.7  1953   598.7  2013   305.0  1921  1513.8  1959
   55.2  1987   87.7  1949  133.3  2007  185.2  1954  232.4  1929  231.2  1939  225.7  1934  185.6  1997  147.4  2020  106.9  1975   67.9  1947   49.3  1970   168.9  1986   503.1  1982   595.5  1959   300.3  1964  1475.3  2006
   55.0  2012   84.8  1968  132.8  1956  182.1  1969  230.4  2000  226.3  1921  220.6  1971  183.8  1959  147.1  1999  105.4  2007   67.7  2013   49.2  1963   168.7  1933   500.2  1990   590.4  2006   293.6  1933  1470.3  1921
   54.6  1979   79.9  2000  132.3  1933  182.1  1945  227.8  1946  224.9  1929  215.4  1983  182.5  2003  146.4  1949  104.8  1999   66.6  1952   48.0  2003   167.4  2000   499.1  1946   589.0  2014   292.3  1991  1447.1  2010
   54.4  1965   79.0  1985  132.0  1931  181.2  2010  226.1  1956  219.9  1967  215.1  1943  179.4  1933  145.1  1987  104.5  1956   65.6  1973   47.9  2010   164.7  1997   497.6  2010   588.9  1940   292.3  1955  1438.8  2020
   52.9  2009   79.0  1988  130.9  2009  179.8  2019  224.2  1949  217.7  1996  211.4  1999  177.2  1949  144.9  1964  104.4  1919   65.2  1996   47.5  2007   164.0  1952   495.2  1955   576.3  1996   291.8  1995  1438.4  2007
   52.8  2011   78.4  1989  130.3  1949  178.0  1938  224.2  1990  216.8  1930  209.3  1935  174.6  1944  144.2  2002  103.8  1995   65.0  1989   47.5  1957   163.9  1968   495.0  2016   574.9  1983   291.0  2016  1432.0  1984
   52.4  2006   78.3  2013  129.1  1982  177.8  1974  223.9  1959  216.2  1959  209.2  1997  174.5  1935  141.6  1928  102.4  1951   64.8  1986   46.3  2014   163.1  2015   492.9  1949   569.9  1934   290.8  1988  1430.4  2021
   52.2  1997   77.4  1996  128.8  1973  176.4  1995  223.7  2016  215.6  1976  208.8  1921  171.2  1945  139.5  2019  101.5  1994   64.8  1969   45.7  2009   162.6  2002   492.4  1935   563.7  1925   287.4  2002  1423.0  2019
   52.0  1992   77.4  1957  124.5  1965  174.1  1990  221.5  2017  215.2  2010  206.0  2021  170.7  1964  139.1  1940  101.3  1955   64.2  2011   45.5  1964   162.5  2005   491.3  2009   563.2  1921   286.4  1996  1415.4  1933
   51.9  1952   76.8  2001  124.4  1967  174.1  1953  221.1  1971  213.7  1951  199.4  1995  169.8  2007  137.5  1963  101.3  1981   62.7  2017   45.1  2005   161.8  2010   488.6  2017   561.4  1933   281.2  2007  1411.7  1990
   51.8  1967   76.4  2016  123.4  2014  170.6  1982  217.2  2001  213.2  1995  197.0  1977  169.7  1926  136.6  1955  101.3  2008   62.3  1923   44.4  1976   161.6  1985   487.5  1980   556.9  1969   280.9  1919  1409.9  2011
   51.5  1989   75.9  1956  122.7  1943  170.3  2002  215.5  1921  212.4  1932  196.2  1928  169.6  1937  136.2  1996  100.7  1986   61.7  1976   43.5  1981   161.4  1962   484.5  1921   555.6  1947   280.6  1987  1395.0  2013
   51.4  1934   75.9  1952  120.9  1962  170.0  1951  214.2  1943  212.0  1989  195.7  1994  168.5  1973  135.7  1975  100.5  1939   60.8  1964   43.4  2012   160.0  1959   481.3  1943   543.7  1977   279.9  1929  1394.9  2001
   50.4  2017   74.5  1955  117.8  1972  169.5  1968  212.4  1997  210.9  1942  195.5  1959  168.1  1996  135.5  2004   98.9  2018   60.6  1971   43.3  1995   159.2  1988   481.2  1989   543.6  1935   279.1  1972  1393.3  2015
   49.9  2000   73.6  2005  117.0  2010  167.9  1962  212.2  1919  210.5  1950  193.3  1949  167.5  2000  134.1  1919   98.5  1947   60.6  1995   42.3  1965   159.2  1989   477.1  2012   542.1  1960   277.3  1947  1391.8  1943
   49.8  1945   73.4  2021  116.6  2002  167.6  1980  212.0  2004  204.4  1992  191.8  2011  166.6  2019  133.7  1934   98.2  1993   59.9  1977   42.0  1973   158.6  1991   470.3  2015   533.0  1929   275.4  1920  1389.5  2014
   49.4  2015   73.2  1933  116.5  1946  167.1  2006  210.9  1966  200.7  1968  190.6  1996  165.5  1991  133.6  1954   97.9  1972   59.9  1993   41.8  1925   157.4  1979   470.0  1995   532.4  2021   274.9  2015  1388.0  1976
   48.6  1932   72.9  1960  115.9  2017  166.5  1936  210.7  2005  200.7  1934  186.6  1933  164.2  2016  133.4  1979   97.2  2016   59.7  2003   41.8  1984   155.6  2007   468.3  2019   530.1  1943   273.5  1981  1384.4  1977
   48.3  2007   72.4  2006  115.8  2001  166.3  1922  208.2  2012  199.9  2003  184.5  1941  164.2  2014  132.1  2003   96.5  2001   59.3  1967   41.3  1929   155.2  1934   467.7  2000   529.8  2003   273.5  1923  1383.7  2016
   48.3  1962   72.3  2007  114.8  1944  164.2  1939  205.7  1978  197.4  1943  181.8  1969  164.2  1998  130.7  1923   96.1  1953   58.9  1999   41.1  1979   154.7  1982   467.5  1942   528.9  1999   272.8  1979  1379.6  1997
   47.1  1980   70.7  1979  114.7  1995  162.9  2009  203.4  1982  196.8  1941  176.5  1925  163.6  1965  130.4  1981   96.0  1962   58.8  1998   40.6  1946   154.4  2009   466.9  1974   526.9  1990   272.7  2018  1378.2  2005
   46.5  1994   69.4  1932  114.0  1970  162.4  1929  202.9  1988  196.5  2006  176.0  1929  163.2  1968  130.4  2014   95.4  1921   58.6  1961   39.6  1980   153.2  1987   466.2  1922   526.3  1941   272.1  2019  1374.0  1999
   46.2  1999   68.6  1934  111.0  2004  161.8  1925  202.3  1984  195.5  1926  173.2  2001  161.6  1972  129.5  1997   95.4  1977   57.8  2012   39.5  1991   152.7  1956   462.6  1975   525.8  1997   271.7  1997  1367.9  1935
   46.1  1931   68.5  1936  110.3  2016  161.0  2016  202.1  1953  195.4  1933  172.9  2017  161.3  1931  129.1  1972   95.0  1952   57.7  2014   39.5  2019   151.8  1967   462.3  1984   520.9  1970   270.0  1961  1365.5  1973
   46.0  1990   68.4  1981  110.1  1985  159.5  2013  201.3  1957  195.1  1973  171.5  1972  161.1  1919  128.5  2005   94.8  1927   57.7  1948   39.3  2000   151.6  1964   462.2  1977   519.5  1973   269.5  1928  1364.9  1996
   45.4  1988   67.7  1928  109.9  1950  159.1  1956  200.7  1942  195.0  1974  170.0  1966  160.6  1981  127.5  1995   94.6  1964   56.8  2021   39.2  2002   150.8  1992   460.3  2001   519.0  1957   268.9  1965  1360.8  1940
   45.0  1956   67.4  2015  109.1  2008  159.0  1948  199.4  2010  194.7  1962  169.0  2019  159.4  1970  125.9  2010   94.1  1961   56.4  1937   39.1  1932   150.7  2013   459.9  2018   519.0  1992   268.5  1925  1358.0  1960
   44.8  1984   67.1  1920  108.5  1986  158.1  1960  197.5  2009  193.4  1977  168.8  2000  159.3  1992  125.8  2007   93.7  1929   56.2  1921   39.0  1992   150.1  1930   459.4  1962   518.8  1926   267.3  2005  1350.5  2009
   43.6  2019   66.8  1967  107.1  1961  157.7  1994  195.4  1998  193.2  2015  167.7  1951  158.7  1961  125.7  2016   93.2  1969   55.9  2018   38.5  1994   149.7  2011   453.2  2002   518.1  1967   266.6  2012  1349.8  2000
   43.1  1930   66.4  1946  106.6  1974  154.8  1946  195.2  1987  189.6  1988  165.3  1975  157.6  1990  124.9  1942   93.0  1988   55.5  1927   37.9  1938   149.6  1945   446.4  1938   517.8  2005   264.5  1973  1348.3  1925
   43.0  1958   65.6  1930  106.3  2021  153.5  1957  194.4  1940  189.6  1919  163.7  1950  157.1  2001  124.8  1960   92.6  1941   54.6  2008   37.9  1968   148.9  1970   440.0  1973   517.2  1928   263.7  1998  1348.0  1953
   42.5  1974   65.4  1973  106.2  1922  153.5  1955  194.2  2008  189.5  2009  162.5  1991  157.0  1953  124.2  1966   92.5  1926   54.4  1955   37.8  2016   148.4  1975   439.0  1997   513.9  1950   262.3  2014  1344.7  1970
   42.1  1964   65.3  1983  106.1  1954  151.1  2017  193.7  1922  188.0  2014  161.7  1982  156.4  2010  121.7  1990   92.3  2012   54.0  1978   37.7  1999   146.4  1999   438.3  1954   511.5  1919   260.8  2011  1343.7  1919
   42.1  1978   64.7  1999  105.9  2015  150.5  1973  192.7  1936  187.7  1922  161.4  2005  156.1  2015  120.7  1937   90.2  2002   53.2  1980   37.7  1944   144.6  1961   438.2  2008   507.5  2015   260.8  1949  1342.4  1957
   41.8  1977   64.4  1943  105.6  1958  150.4  1965  192.3  1955  187.7  2013  160.8  1919  154.8  1936  120.2  1982   89.7  1987   53.1  1930   37.4  1990   144.1  1958   437.6  1957   507.2  1939   260.6  2020  1337.2  2004
   41.4  1954   64.1  2014  104.0  1975  147.5  1999  191.3  1961  187.7  2021  160.7  1953  154.7  1939  119.6  2011   89.5  2019   53.0  2002   37.4  1986   142.5  1932   436.0  1945   505.5  1951   259.8  1963  1335.0  1971
   41.3  2018   63.9  2020  103.8  1963  145.8  1977  188.0  1939  185.8  1999  159.9  1963  153.3  1977  119.1  1973   88.6  1950   52.8  1938   37.3  1983   142.1  2020   435.8  2005   505.2  1968   258.8  1985  1331.6  1948
   40.9  1922   63.1  1991  103.2  1997  145.3  1981  187.5  2019  185.8  1963  159.8  1967  153.2  1988  119.0  1998   88.3  1943   52.5  1957   37.0  2013   141.6  1981   434.7  2004   501.7  2011   255.4  1952  1323.5  1956
   40.8  1985   62.8  1921  102.5  2000  144.4  1935  185.7  1950  185.0  2011  159.3  1942  152.9  1993  117.8  2018   88.1  1979   52.5  1924   36.5  1940   141.0  1996   434.5  1939   495.2  2019   255.0  2004  1322.9  1986
   40.7  1946   62.4  1962  102.1  1941  144.3  1943  184.1  1960  184.1  1961  158.9  1987  151.1  1960  117.4  1961   88.0  1936   52.2  1972   36.2  1935   139.0  1977   432.8  1959   493.8  2000   253.9  2008  1320.7  1988
   40.6  1998   62.1  1945  101.9  1990  142.7  1991  182.4  1974  180.0  1986  158.3  2015  150.8  2004  117.3  1988   87.9  1924   51.3  1979   36.2  1943   137.8  1936   431.9  1987   492.2  1930   253.0  1994  1317.8  1963
   39.9  1995   61.3  1997  101.0  1938  142.5  1958  181.9  1937  177.7  1965  156.4  1948  150.7  1974  116.5  2012   87.8  1970   50.2  1920   36.2  1951   137.7  2021   427.2  1944   487.4  2001   252.1  1993  1311.1  1982
   39.5  1929   60.8  2010  101.0  2019  140.2  1987  179.6  1963  176.8  1920  156.0  1973  149.5  1940  116.0  2021   87.3  2006   50.1  1943   35.9  1923   137.5  1995   427.2  1950   487.0  1994   251.3  1966  1309.7  1951
   39.1  1986   60.6  1987  100.1  1945  140.1  2005  179.2  1996  173.4  1928  155.2  1992  149.4  1979  114.0  1925   85.9  1998   50.0  1990   35.5  1998   137.3  1971   426.9  1951   484.0  1945   251.1  1967  1307.8  1939
   38.8  2020   60.3  1964   99.9  1935  138.3  1949  178.9  1995  171.4  1993  155.2  1946  148.7  1938  113.9  1935   85.4  1985   50.0  2007   35.2  1933   137.1  1965   423.6  1919   481.0  2009   250.3  1990  1307.0  1967
   38.7  1949   60.2  1922   99.8  1976  137.7  2014  178.4  1986  171.2  1985  154.7  2007  147.6  1928  113.1  1967   84.9  1996   49.9  1933   35.1  2006   136.4  1946   422.8  1978   480.2  1974   249.9  1943  1302.5  1992
   38.7  2005   59.8  1948   99.7  1978  137.6  1952  177.7  1951  169.4  2008  153.7  1926  146.8  1966  112.2  1920   83.8  1928   49.9  1968   34.9  1987   136.4  1974   422.5  1960   479.2  1971   249.8  1951  1301.5  1969
   38.6  1919   59.7  1941   99.1  1923  137.2  1989  177.0  2007  168.5  1945  153.2  2008  145.5  1930  111.5  1932   83.6  1984   49.4  1954   34.6  1985   135.1  1984   422.5  2013   477.4  1953   249.8  1927  1300.5  1962
   37.9  1947   59.7  1944   98.8  1940  136.5  1944  176.7  1952  167.5  2005  151.5  1923  145.4  1923  111.4  1943   83.6  1983   49.2  1950   34.3  1972   134.3  2014   421.1  1992   475.5  1961   249.8  1977  1300.0  2008
   37.7  1928   59.5  2002   97.8  1989  135.5  1924  175.9  1944  165.4  1979  151.2  1924  145.1  2017  110.8  1947   83.5  1945   48.9  1922   34.2  2017   134.2  2012   420.2  1965   473.2  1942   248.8  1937  1299.6  2017
   37.7  1935   59.5  1959   96.5  1987  134.9  2008  174.0  1927  164.8  1984  151.1  1940  145.0  1941  110.8  1953   83.0  1966   47.9  1991   34.1  1977   134.2  1920   419.9  2006   472.9  2010   248.3  1953  1299.1  1934
   37.6  1972   59.3  1992   96.3  1993  134.9  2000  172.8  1964  164.5  1952  149.9  1985  144.1  2013  110.3  1939   82.8  1930   47.6  1935   33.6  1952   133.9  1957   417.5  1971   471.7  1972   246.5  2021  1297.0  2002
   37.3  1924   59.3  1919   95.0  2013  134.4  1976  171.4  2003  163.5  2004  149.8  1958  143.6  2009  110.3  1944   82.7  2015   47.5  1936   33.5  1924   133.8  1973   415.3  1970   470.4  1991   246.4  1939  1294.6  1950
   37.3  1920   59.3  1939   94.9  1966  133.6  1970  170.7  1962  161.9  1927  148.9  2004  143.6  1934  109.1  1970   82.5  2004   46.6  1983   33.4  1920   132.5  1955   411.5  1968   468.0  2007   246.2  1940  1289.6  1947
   37.3  1957   59.2  1995   94.3  1999  133.1  1928  170.0  1926  159.9  1935  147.9  2009  142.0  1994  108.4  1989   81.0  2009   46.6  1956   33.2  1936   131.9  1941   411.2  1988   466.0  1932   246.1  1989  1288.6  1974
   37.2  1961   59.1  1938   94.2  1968  131.6  1950  168.9  2011  159.7  1953  147.7  1922  141.1  1952  107.4  1980   80.5  1923   46.4  1960   33.2  1966   131.6  1922   407.3  1924   465.0  1988   245.3  1922  1288.6  1928
   36.7  2002   58.4  1998   93.6  1925  131.2  1927  168.7  2006  159.6  2019  147.3  2003  140.2  2020  107.0  2009   79.8  1973   45.9  2020   32.7  1975   131.4  1994   406.8  1952   463.2  2004   243.9  1926  1287.3  1994
   36.3  2021   57.9  1950   92.5  1952  130.6  1923  168.5  2021  159.6  1956  147.0  1978  139.7  1950  106.9  1926   79.5  1980   45.8  1987   32.1  1978   131.3  2016   406.7  1986   463.1  2017   242.9  1969  1284.5  1965
   35.7  1941   57.2  1961   92.4  1932  130.2  1972  167.9  2013  159.0  1938  144.6  2016  138.8  2021  106.7  1994   78.8  1946   45.3  1962   32.0  1926   130.4  1928   406.0  1994   461.5  1965   242.5  1954  1283.5  1945
   35.6  1966   57.0  1927   92.2  1927  129.0  1988  167.7  1931  157.6  2000  144.2  1945  138.4  1967  106.0  2000   78.8  1963   45.3  2009   31.8  1955   129.7  1960   405.9  1936   457.8  1963   240.9  1956  1282.9  1922
   35.1  1950   56.4  1994   91.7  1930  128.8  1998  167.7  1970  157.1  2001  142.9  1964  138.0  1982  105.4  1974   78.7  2000   44.7  1994   31.7  1950   128.7  1939   405.6  1966   454.8  1966   240.6  1970  1280.5  1942
   35.0  1951   56.3  1951   91.1  1994  127.7  1983  167.3  1938  154.7  1946  141.3  1968  138.0  2002  105.2  1985   78.7  1967   44.6  1926   31.4  1949   128.5  1998   402.6  1931   454.1  1979   240.1  1980  1279.5  1961
   34.8  1971   56.0  1982   89.8  1919  127.2  2001  166.7  1923  153.3  1948  140.5  1952  137.1  1932  104.6  1958   78.6  1990   44.2  1974   30.7  1937   128.0  2017   401.4  1958   452.7  1993   239.0  1924  1278.7  1946
   34.7  1960   55.9  1969   89.5  1937  127.2  1947  166.3  2002  151.6  2020  140.4  1960  136.9  2012  104.3  1951   77.2  1991   44.1  1966   30.5  1928   127.4  1983   397.8  1940   452.4  2016   236.9  1931  1273.2  2012
   34.6  1976   55.6  2012   88.5  1934  125.2  1934  161.7  1947  151.5  1983  139.2  1979  135.8  1969  103.2  1992   77.0  2011   44.1  2001   30.4  1921   126.1  1978   397.3  1927   448.0  1922   235.8  2001  1270.2  1991
   34.4  1925   55.4  1954   86.5  1920  125.2  1993  161.4  1928  150.6  1947  137.5  1956  134.8  2018  101.4  1968   76.4  1938   44.1  1928   30.4  1969   124.7  1954   397.3  1998   447.4  1962   235.7  1930  1269.7  1952
   34.3  1923   55.1  1976   86.4  1959  125.2  1979  160.8  1973  150.5  1936  135.5  2002  133.9  1927  100.8  1957   76.2  1948   43.7  1970   29.9  1958   124.5  1990   396.4  1923   447.1  1985   235.6  1960  1269.6  1968
   34.0  1973   53.7  1925   84.9  2005  124.5  1932  160.2  1930  149.2  1994  134.5  1974  133.0  1987   99.9  2013   75.1  1944   43.4  1963   29.8  1982   124.3  1950   395.7  1933   446.1  1952   233.3  2009  1257.5  1987
   33.9  1955   53.6  1958   84.1  2006  124.2  1975  157.9  1979  147.6  2002  133.7  1947  132.1  1929   99.7  1930   74.2  2014   43.1  2019   29.8  1919   123.1  1951   394.6  2014   444.5  1964   231.7  1942  1249.9  1972
   33.8  1953   53.2  1971   83.3  1921  124.0  1933  157.3  1941  146.3  1924  133.2  1998  132.0  1962   99.4  1927   73.7  2021   43.1  1951   29.5  1997   122.4  1944   390.3  1969   442.5  1982   229.4  2013  1249.3  1979
   33.6  1981   53.0  1984   83.2  1969  123.4  1997  157.2  1994  145.2  1978  132.8  1961  131.7  1999   98.6  1924   73.6  1949   42.5  1992   29.4  1974   122.4  1976   389.0  1961   439.2  1946   228.9  1950  1242.5  1964
   33.5  2004   52.8  1977   82.9  2018  123.1  1971  155.7  1985  145.1  2017  132.4  1980  130.9  1925   98.3  1978   73.5  1933   42.4  1919   29.4  2021   121.9  1929   388.9  1963   426.7  1923   227.9  1934  1238.8  1983
   33.2  1993   52.2  1942   82.9  1980  122.5  1959  155.4  1920  144.2  1944  130.4  1981  129.3  1946   98.1  1984   73.0  1958   41.8  1981   29.3  1945   121.6  1925   386.2  1925   426.4  1938   227.1  1941  1235.9  1941
   33.1  2014   52.0  1929   82.8  1926  121.6  1919  154.2  2015  143.6  2016  129.9  1930  128.2  1921   98.0  2008   72.7  1989   41.7  1984   29.3  1988   121.3  1938   385.8  1999   426.3  1937   226.8  1936  1233.8  1926
   33.1  1948   52.0  1974   82.7  1957  121.5  2018  153.8  1945  143.4  2007  128.9  1927  127.4  1956   97.8  2017   72.4  1925   41.4  1959   29.0  1939   120.6  1921   381.2  1972   425.6  1981   226.0  1962  1233.2  1985
   33.0  1936   50.9  1953   82.2  1939  120.4  2012  153.4  1958  143.0  1955  128.4  1993  126.4  2006   97.7  1945   71.7  1937   41.4  1953   28.5  1993   120.4  1940   372.9  1985   425.1  1998   224.5  1982  1223.5  1938
   32.7  1942   50.8  1990   80.3  1960  119.7  1986  150.7  1934  142.7  1982  127.0  1970  126.3  1971   95.6  1941   71.3  1978   41.1  1982   28.0  2020   120.2  1924   371.8  1926   424.8  1927   223.7  1957  1220.6  1998
   32.3  1983   49.8  1937   79.3  1988  119.0  1926  150.3  1981  142.4  1991  125.6  2012  126.0  1985   95.2  2001   70.8  1932   41.0  1945   27.9  1953   119.5  1927   370.1  1937   424.5  1956   223.6  2017  1219.8  1980
   31.5  1939   49.8  1978   79.2  1951  117.5  1978  147.8  1968  140.0  1937  122.2  1988  124.9  2011   94.5  1977   70.4  1957   40.8  1949   27.7  1989   119.0  1980   368.8  1967   421.1  2002   223.6  1978  1217.3  1966
   31.5  1938   49.1  2011   73.3  1971  113.6  1964  147.0  1954  138.7  1972  121.3  1939  124.1  1951   94.1  1993   68.2  1974   40.4  1942   27.5  2018   118.9  1969   368.3  1981   418.8  1986   223.5  1984  1213.6  1923
   31.4  2008   47.0  1924   73.1  1998  111.6  2004  145.9  1993  138.1  1966  121.0  2020  120.8  1924   93.8  1952   67.3  2020   40.0  1940   27.2  1941   118.4  1947   367.4  1993   418.5  1936   222.9  1944  1213.3  1930
   31.1  2016   46.8  1923   73.0  1979  110.3  1992  145.3  1965  134.5  1981  121.0  1986  117.8  1986   92.9  1938   67.0  1940   38.9  1941   25.0  1927   118.3  1953   366.9  1976   418.3  1924   222.3  1945  1212.9  1981
   30.8  1975   46.3  2009   72.7  1981  108.5  1967  143.9  1999  132.3  1971  120.7  1962  117.7  1943   91.3  1936   66.4  1992   38.7  1931   24.5  1931   118.2  1993   366.0  1928   414.3  2008   222.2  1938  1185.9  1936
   30.7  1926   46.0  1993   71.8  1977  107.0  1985  139.4  1933  131.8  1954  120.1  1965  117.3  1957   91.1  1950   66.3  1942   38.6  1958   24.3  1971   117.6  1943   364.4  1934   412.8  2020   221.3  1983  1184.4  1927
   30.6  1927   45.8  1972   71.5  1928  105.4  1963  138.1  1924  131.3  1958  118.7  1938  117.1  1920   91.1  1983   64.4  1960   38.5  1929   24.1  1954   115.9  1948   359.8  1941   406.9  1948   219.2  2000  1182.4  1924
   30.0  1943   44.2  1931   71.4  1992  104.6  1940  136.3  1991  131.1  1997  117.8  1957  116.0  1980   90.0  1946   64.2  1976   37.4  1944   23.8  2015   114.6  1966   356.0  1979   406.7  1944   218.8  1932  1180.6  1944
   29.6  1970   40.4  1935   69.7  1996  104.5  1996  135.9  1967  130.9  1964  116.8  1937  115.2  1958   89.8  1956   63.2  1982   37.1  2004   23.6  2011   112.1  1942   355.9  1930   405.5  1931   217.7  1974  1179.9  1993
   29.1  2013   39.9  1947   67.8  1942  104.0  1930  133.5  2014  130.5  1931  116.5  1932  112.6  1922   89.3  1922   63.1  2017   36.5  1932   23.2  1942   111.8  1937   355.8  1947   403.2  1978   217.6  1935  1173.6  1978
   28.8  1937   39.8  2017   67.7  1991  102.9  1931  133.3  1972  129.8  1923  113.7  1931  112.1  1963   86.1  1931   61.8  2013   35.5  1939   23.0  1947   111.2  1931   353.4  1996   397.5  1920   216.1  1958  1171.6  1932
   28.6  1968   37.3  1965   66.9  1947  100.4  1941  132.7  1976  127.7  1998  113.2  1936  111.1  1978   85.0  1969   60.0  2005   34.9  1934   22.2  1922   109.1  1926   349.8  1964   396.3  1958   214.0  1948  1159.9  1931
   26.5  1944   36.7  1966   63.3  1964   99.8  1966  130.8  1925  126.5  1980  105.5  1954  103.7  1954   84.6  1962   59.4  1954   34.4  2000   22.2  1959   107.8  1972   346.7  1991   394.3  1987   212.1  1992  1154.5  1937
   25.1  1969   36.6  1926   59.4  1983   98.7  1937  125.0  1969  120.8  1990  103.6  1920  103.0  1942   83.5  1965   59.3  1934   32.1  1997   20.9  1930   103.4  1923   329.7  1932   375.4  2012   202.4  1976  1142.6  1954
   24.4  1921   35.1  1940   54.7  1984   90.7  1961  120.5  1983  112.9  2012  101.3  2010   97.2  1948   80.1  1948   56.1  1935   31.7  2015   19.2  1956    94.9  1935   319.7  1920   374.8  1980   201.5  1968  1140.4  1958
   20.3  1996   30.7  1980   46.8  1936   77.9  1920  112.8  1932  102.3  1987   87.8  1944   91.7  2008   76.6  1976   50.2  1968   23.9  1946   16.9  1934     ---  1919   307.6  1983   341.0  1954   192.7  1946  1130.4  1920