Areal values from HadUK-Grid 1km gridded climate data from land surface network
Source: Met Office National Climate Information Centre
Monthly, seasonal and annual total precipitation amount for England and Wales
Areal series, starting in 1862
Last updated 01-Jan-2022 10:59
    jan  year    feb  year    mar  year    apr  year    may  year    jun  year    jul  year    aug  year    sep  year    oct  year    nov  year    dec  year     win  year     spr  year     sum  year     aut  year     ann  year
  177.0  1948  179.3  2020  163.8  1947  141.0  2012  136.0  1967  157.7  2012  151.5  1888  181.9  1912  185.3  1918  212.8  1903  197.0  1929  190.5  1914   445.4  2014   306.5  1979   399.4  1912   484.0  2000  1290.5  1872
  173.4  2014  153.1  1923  158.9  1981  134.8  2000  124.8  2021  148.9  2007  145.4  1880  172.2  1917  160.4  1866  182.9  2000  191.0  2009  186.9  1868   423.7  1915   305.9  1981   395.8  1879   427.5  1960  1215.0  2000
  160.8  1928  143.6  1990  125.2  1979  123.8  1998  122.1  1932  133.9  1879  142.0  2009  153.1  1956  151.0  1976  175.9  1967  184.4  1940  185.4  1929   413.1  1995   301.4  1947   372.6  2012   410.9  1935  1204.6  2012
  159.4  1995  141.6  1950  122.9  1912  118.7  1920  122.1  1924  126.5  1998  135.6  2007  148.6  2004  150.9  1896  170.2  1865  179.6  1951  185.3  1876   412.0  1990   284.6  1920   341.3  2007   394.8  1872  1157.3  1903
  155.5  1988  140.8  2002  121.4  1919  108.0  1882  121.0  1878  126.2  1997  135.2  1936  147.2  1879  146.1  1974  167.6  1987  177.5  2000  181.9  1915   409.3  1877   283.0  1983   329.9  1927   392.5  1954  1155.5  1960
  154.4  1939  139.6  2014  117.3  1903  103.9  1983  117.9  1886  121.7  1912  133.3  1939  146.5  1891  144.1  1968  167.0  1960  170.2  1970  177.9  1934   390.0  1869   277.5  1913   323.3  1956   390.8  2019  1124.0  1882
  149.5  1877  136.7  1977  115.3  1914  102.6  1966  115.6  1979  119.7  1980  133.2  1920  145.8  1878  143.6  1981  164.7  1891  169.0  1954  176.5  1911   384.4  2016   264.9  1932   320.4  1931   385.4  1976  1115.3  1877
  149.0  1943  135.9  1937  112.0  1951  100.1  1913  112.3  1983  119.3  1982  132.8  1875  136.4  1881  142.3  1927  163.7  1998  163.0  1926  167.7  1965   380.3  2021   262.4  1862   304.4  1872   383.1  1903  1098.6  1954
  145.2  2008  128.7  1915  110.8  1913   98.7  1935  111.9  1969  112.7  2019  131.0  1988  136.2  1946  139.0  1869  159.2  1870  158.7  1963  165.9  1959   379.6  2020   262.3  1951   303.8  1882   380.1  1875  1092.6  2020
  144.9  1984  128.7  1916  110.7  1897   98.3  2001  110.4  1869  107.7  1882  123.1  1915  135.2  1927  136.9  1871  154.8  1907  158.0  1946  165.5  1993   375.6  1960   259.4  1886   301.9  1888   375.5  1944  1091.3  2002
  142.6  1872  126.8  1900  108.3  2018   97.4  1961  110.2  2007  107.3  1958  119.3  1922  130.9  1992  136.0  1935  154.5  1932  154.6  1939  164.8  2012   369.1  1916   258.3  2000   301.4  1917   362.5  1974  1091.2  1912
  140.6  2016  123.9  1925  104.6  1862   94.6  1871  109.5  2006  106.1  1987  117.7  1872  128.9  1951  134.9  1883  154.4  2020  154.2  2002  164.1  1978   368.8  1994   255.5  1903   300.8  1958   362.4  1984  1074.8  2008
  139.8  2021  123.7  1966  103.9  1963   93.6  1993  101.3  1955  106.1  1872  116.7  1871  128.6  1877  133.8  1965  153.0  1949  153.4  1944  161.9  1979   357.6  1937   254.7  1998   297.7  1954   357.7  1885  1073.5  1951
  136.6  1999  119.7  1958  103.4  1988   92.5  1867  100.6  1925  102.6  1863  116.2  2012  124.8  1950  132.8  1950  151.2  1976  151.2  1888  161.1  2015   347.4  1966   251.4  1986   295.7  2020   354.3  1882  1073.2  1927
  133.7  1990  118.9  1997  102.9  1905   90.0  1931  100.4  2014  100.4  2016  114.6  1879  124.0  2020  132.1  1876  150.5  1882  150.9  1960  154.1  2020   343.9  1912   249.2  2006   295.5  1946   351.4  1967  1068.6  1998
  131.6  1930  113.1  1995  102.5  1982   87.6  1970   99.8  1942   98.7  1927  114.3  1882  123.8  1865  127.6  1957  148.7  2013  146.1  1872  154.0  1999   341.2  2007   240.6  1867   289.9  1903   350.4  1880  1064.5  2019
  131.2  1974  109.8  1951  101.3  1896   85.3  1877   93.7  2002   98.5  1928  113.1  1895  121.2  1903  126.4  1946  148.1  2004  145.3  1984  144.1  1986   340.7  1930   240.6  1969   288.7  2008   349.7  1929  1060.9  2014
  131.2  1906  108.6  1910  100.8  1909   84.6  1986   89.4  1981   98.0  2020  111.8  1960  120.5  1954  124.4  2019  148.0  1906  144.0  1950  143.6  1919   339.0  1910   238.9  2018   287.3  1985   343.7  1940  1050.3  1924
  127.1  1960  106.4  1974  100.7  1980   83.8  1989   88.1  1993   97.9  1971  110.4  1924  118.9  1986  123.7  2000  146.4  1875  143.1  1935  140.6  1994   333.7  1923   238.4  1889   283.7  1875   342.5  1981  1046.7  1946
  126.1  1937  106.1  1893  100.3  2019   83.4  2018   88.0  1898   95.6  1935  110.4  1918  118.8  1985  123.2  1958  144.7  1880  141.6  1877  139.1  2000   331.0  1980   236.4  1963   281.3  1881   342.5  1998  1035.8  1930
  125.4  1975  105.7  1904   99.4  2008   83.1  1932   87.3  1931   95.3  1985  109.3  1931  117.4  2008  122.7  1885  144.2  1872  138.5  1992  138.9  1909   327.2  1925   236.3  1967   280.3  1891   342.2  1883  1031.7  1999
  123.9  2004  104.8  1883   98.2  1916   81.4  1899   87.2  2015   95.3  1931  109.3  1940  116.9  1941  120.7  1999  142.2  1928  138.0  1875  138.4  1910   324.0  1939   236.2  1937   278.7  1877   334.5  2012  1027.4  1958
  122.4  1936  103.4  1881   97.8  1998   80.6  1889   87.0  1865   94.6  1936  109.0  1930  115.8  1931  116.8  1984  141.6  1909  137.0  1931  138.1  1872   323.8  1935   235.1  1877   276.0  1980   332.9  1930  1026.7  1876
  122.2  1994  102.6  1866   96.4  1876   80.5  1876   86.9  1986   94.4  1991  107.8  1957  114.4  1948  111.9  1993  141.2  1916  135.1  2015  136.4  1901   323.3  1977   232.1  2001   275.5  2004   327.1  1982  1025.6  1966
  121.8  1986  102.5  1935   95.0  1994   80.2  1959   86.7  1862   92.1  1948  107.3  2008  114.1  1900  111.7  1924  138.9  2019  132.6  1969  135.1  1886   323.0  1883   230.3  1924   273.4  2019   324.3  1918  1023.8  1886
  120.0  1913  100.9  2007   93.6  2006   80.1  1963   85.7  1907   92.1  1907  103.8  1877  113.2  1962  111.1  1995  138.9  1885  128.2  1982  134.7  1989   318.6  1928   229.6  1994   273.1  1910   323.6  1950  1023.8  1928
  119.0  1899   98.1  1879   92.3  1989   80.0  1947   85.1  2000   88.7  2017  101.6  1956  113.0  1910  111.0  1880  136.8  1923  127.5  2019  132.5  2013   315.3  1984   229.0  2008   270.2  1950   323.0  1891  1018.1  1866
  118.5  1875   97.9  2000   92.0  1908   78.7  2004   83.1  1903   88.6  1954  101.0  1867  112.3  2014  109.5  1960  136.2  2021  127.5  2012  131.8  1891   311.0  1919   226.4  1908   269.8  1924   322.2  2002  1014.5  1974
  118.1  1998   97.3  1941   91.6  1888   78.4  1907   82.8  1943   85.8  1883  100.7  1932  111.6  1897  109.1  1930  135.2  1886  126.9  1882  131.4  1896   310.1  1900   225.9  1878   268.7  1939   321.8  1946  1012.2  1994
  117.9  1956   96.7  1933   91.4  2001   77.5  1922   82.1  1889   85.1  1955   99.9  1886  110.3  1971  106.0  1944  133.3  2002  126.0  1996  129.9  2006   309.5  2001   225.2  2012   268.4  1997   319.0  1927  1008.8  2007
  117.6  1866   96.3  2001   90.9  1920   77.3  1937   81.8  1958   84.3  1968   99.1  1968  108.5  1930  105.8  1874  133.2  1892  125.1  1974  128.8  2002   308.2  1974   224.0  1972   267.4  1960   314.8  1992  1008.6  1950
  117.4  1886   96.0  1885   90.7  1987   76.1  1999   81.7  1906   84.2  1946   98.5  1950  108.1  1905  104.5  1872  131.8  1935  125.0  1930  128.3  1985   307.2  2000   219.0  1872   266.6  1880   313.5  1987  1006.4  1910
  117.4  1919   95.7  1876   88.8  1964   74.4  2005   80.0  1945   83.7  1977   98.0  1965  106.4  1960  104.2  1975  131.7  1938  124.1  1986  125.8  1900   306.2  1979   216.7  1916   264.8  2009   313.0  1938  1003.5  1916
  114.7  1873   94.5  1922   87.5  1937   74.1  1992   79.5  1973   83.6  1999   97.5  1953  105.3  1957  104.1  2008  131.5  2001  123.7  1895  124.0  1924   305.6  1948   216.0  1882   262.9  1936   312.8  1876  1002.4  1967
  114.3  1961   93.7  1957   86.9  1927   73.9  1994   78.3  1951   83.4  1875   97.2  1894  105.0  1999  104.1  1994  130.5  1917  123.3  1959  122.6  1918   303.9  1920   215.4  1897   262.0  1957   311.6  1949   997.7  1965
  112.7  1993   93.2  1967   86.5  1941   73.9  1908   77.7  1891   83.3  1966   96.9  1903  104.2  1868  102.6  1962  130.3  1980  122.8  1938  121.6  1869   302.9  1943   213.5  1869   261.3  2017   311.5  1923   997.7  1875
  112.5  1869   92.0  1980   85.2  1992   73.5  1953   77.1  1954   82.7  1963   96.7  1914  102.8  1952  102.6  1967  129.6  1954  121.3  1928  118.8  1922   301.6  1873   212.3  1966   260.6  1966   311.0  1924   997.4  1981
  111.5  1962   91.6  1872   83.4  1978   73.5  1950   77.1  2013   82.3  1880   96.6  1958  101.8  1966  102.2  2017  128.5  1862  121.1  1910  118.4  2011   299.4  1872   211.9  1964   257.6  1878   308.7  1932   996.9  1923
  111.4  1863   90.6  1869   82.7  1872   72.7  1924   75.4  1972   82.2  1909   96.0  1927  101.2  1892  101.3  1983  126.8  1981  116.1  1890  116.7  1882   298.9  2013   210.3  1919   256.1  1988   307.5  1968   996.0  1986
  111.4  1900   89.5  1989   82.2  1886   72.3  1934   75.1  1877   81.7  1945   95.9  1884  100.1  1963  101.3  1903  126.8  1924  115.4  1911  116.5  1897   297.2  1961   210.3  2014   255.6  1890   307.4  1874   995.1  1939
  111.2  1867   88.1  1946   81.9  2016   72.1  1872   75.0  1920   80.3  1900   95.9  1912   99.0  1873  100.4  1863  125.2  1929  115.2  1997  116.3  2019   288.8  1958   208.7  1907   255.0  1922   307.0  1863   986.1  1979
  111.1  1920   88.0  1894   81.5  2017   71.9  1951   74.7  2003   79.1  1862   94.9  2017   98.7  2012   95.6  1875  123.1  1966  113.8  1894  116.2  1880   288.3  2008   208.3  1909   254.8  1930   306.0  1916   983.3  1880
  110.9  1978   87.3  1914   79.9  1986   71.6  1905   74.3  1997   78.7  1972   94.0  1909   98.4  2010   94.8  1925  121.2  2005  111.6  1949  115.0  1966   287.2  1899   207.8  1992   252.9  1992   305.0  2008   981.8  1935
  110.8  1938   86.7  1880   79.4  1881   71.1  1930   74.2  1968   78.4  1866   91.9  1893   97.5  1921   94.3  2012  120.3  1863  111.5  1883  113.8  1948   285.1  1978   207.2  1993   252.5  1948   304.9  1866   981.6  1891
  110.5  1926   86.4  2021   78.2  1867   71.0  1862   72.8  1902   77.2  1871   88.6  1954   97.3  2015   93.9  1954  119.0  1982  110.8  2014  113.2  1912   284.9  1988   206.7  1999   251.8  1971   303.6  1886   975.4  1993
  110.4  2007   85.4  1970   78.0  1864   71.0  1962   72.6  1879   76.8  1905   88.5  1883   97.2  1866   93.6  1998  118.3  1961  110.1  1914  112.8  1983   284.8  1936   205.6  1942   251.6  1894   303.2  1926   971.9  2004
  110.0  1970   85.1  2011   78.0  1972   70.8  1925   72.2  1885   76.1  1911   87.6  1973   96.9  1958   93.5  1897  117.6  1898  110.0  2006  111.9  1960   283.7  1970   204.7  1988   249.8  1968   302.2  2006   970.5  1931
  109.5  1921   84.3  1897   76.9  1928   70.7  1991   71.4  1937   75.8  1892   86.6  1938   96.9  1889   92.5  1932  117.4  2006  109.9  1916  111.3  2018   283.1  1926   203.8  2016   249.1  1909   301.9  1877   969.6  1982
  109.0  1884   82.8  2016   76.5  1940   70.7  1985   71.1  1966   75.8  1878   85.8  1890   96.6  1924   92.2  1992  117.2  1889  108.8  1881  110.8  1972   282.7  2004   203.1  1985   248.6  1928   301.6  1970   967.3  1915
  108.5  1971   82.5  1960   76.4  1868   70.7  1972   70.9  1946   75.4  2011   85.5  1978   96.3  1922   90.6  1936  116.2  1894  107.2  1878  109.8  1907   281.6  1922   202.4  1968   247.8  1987   300.3  2009   966.4  1968
  107.1  1890   82.1  1996   76.2  1954   70.0  1910   70.8  1938   74.7  1910   85.4  1910   95.2  1977   90.5  1879  116.1  1944  106.8  1977  109.0  1938   281.2  1999   202.2  1925   247.0  1865   299.4  1896   963.8  1980
  106.9  1922   82.0  1945   75.9  1975   68.8  1975   70.7  1916   74.6  1890   85.1  1908   95.1  1890   90.4  1956  113.0  2014  106.4  1905  108.1  2017   280.1  2002   201.3  1987   246.3  1866   297.8  1939   962.9  2015
  106.2  1868   82.0  1954   75.7  1889   68.2  1949   69.9  1867   74.3  1897   84.4  1865   94.7  1923   89.4  1899  112.9  2008  106.4  1876  107.8  1955   277.8  1946   199.1  1931   245.6  1953   296.3  1928   960.8  1920
  105.4  1983   81.4  1931   75.5  1991   68.0  1901   69.2  1904   73.3  1964   83.9  2015   94.2  1874   88.6  1943  112.8  2012  105.9  1965  106.8  1997   277.2  1866   197.6  1905   243.7  1900   294.7  1951   959.8  1914
  104.6  2015   81.1  1994   75.0  1873   67.8  2008   68.4  1899   73.1  1965   83.7  1992   93.9  1908   88.6  2010  112.2  1896  104.9  1972  106.6  1964   276.3  1957   197.2  1876   243.1  1965   292.1  1869   959.6  2009
  104.5  1912   80.5  1928   74.8  1977   67.7  1923   67.0  1926   73.1  1926   83.2  2002   93.8  1997   87.9  1887  111.3  1939  102.7  2016  106.4  1982   274.6  1904   196.9  1952   243.0  1920   289.2  1963   959.1  1918
  104.4  1915   80.2  1978   74.7  1877   67.3  1879   66.8  1923   73.0  1881   82.8  1993   93.3  1928   87.3  1952  109.2  1874  102.2  1936  105.1  1956   272.0  1951   196.8  2002   240.3  1982   289.1  1980   958.4  1948
  102.9  1942   77.8  1926   74.4  1895   66.8  1973   66.7  1894   72.1  1990   81.4  1873   93.1  1979   85.5  1892  107.0  1940  100.9  1906  104.8  1942   271.9  1897   196.3  1989   240.3  1892   286.6  1892   955.9  1900
  102.4  1972   76.7  1927   74.3  1933   66.7  1897   66.7  1913   71.8  1903   80.8  1862   91.9  2019   84.9  1864  106.3  1895  100.7  1927  103.8  1951   271.2  1967   194.9  1965   239.5  1871   284.7  1994   955.2  1992
  101.5  1883   75.7  1972   72.4  1901   65.9  2016   66.0  1952   68.9  1902   78.6  1891   90.5  1980   84.6  1953  106.2  1952   99.9  2018  101.7  2021   270.3  1913   194.6  1914   237.8  1998   283.8  1870   952.3  1894
  101.4  2018   74.5  1877   71.9  1999   65.8  1909   65.8  1910   68.9  1888   78.5  2021   90.2  1974   83.4  1951  106.2  1925   99.9  2003  101.4  2009   270.2  1894   193.0  2021   236.7  1963   283.7  1952   951.1  1883
  101.4  1965   74.3  1906   71.7  1952   65.7  1979   65.8  1985   68.8  1894   77.4  1889   89.8  2006   82.7  1868  105.9  1945   98.2  2010  101.4  1990   268.4  1950   192.9  1930   236.4  1895   281.0  1878   948.7  1936
  101.1  1959   73.9  1940   71.6  1934   65.6  1968   65.7  1962   68.6  1956   77.4  1974   88.9  1916   82.6  1923  105.6  1900   96.1  1885  100.6  1884   266.7  1986   191.8  1955   236.0  1873   280.7  2020   948.1  1878
   99.6  1895   72.8  1899   71.2  1965   65.3  1926   65.5  1948   67.4  1896   76.5  1923   87.6  1898   81.2  2001  104.9  1933   95.3  1913  100.2  1958   265.3  1885   188.2  1934   231.9  1915   280.3  1906   941.9  1879
   98.8  1904   72.3  1865   71.2  1957   64.6  1987   64.5  1949   67.2  2003   75.6  2003   87.5  1942   80.1  1922  102.9  1878   95.0  1991  100.2  2003   265.0  1867   187.6  1975   231.5  1974   280.3  2001   941.4  2021
   97.8  1977   71.9  2010   71.1  1969   64.3  1964   64.1  1872   65.5  1917   75.5  1966   87.1  1863   79.9  1982  102.5  1990   94.8  1865   99.9  1930   262.1  2018   187.4  1899   231.2  1938   279.3  2005   937.1  1881
   97.3  1969   71.6  1936   69.5  1922   64.1  1939   63.8  1915   65.0  1947   75.0  1946   86.9  1895   79.3  1973  101.9  1913   94.7  1880   99.6  2007   260.1  1931   187.2  2019   231.0  1862   277.6  2013   931.0  1925
   96.7  1865   71.6  1884   69.5  1884   64.1  1878   63.3  1976   64.8  1993   74.8  1942   86.5  1925   78.4  1862  100.3  1984   94.6  1886   99.1  1945   259.3  1991   187.0  1898   230.4  1907   276.4  1865   930.9  1977
   96.0  1903   71.0  1919   68.7  2013   62.4  1919   61.8  2008   64.0  2008   74.3  2010   86.3  1988   77.7  1961  100.3  1912   94.1  1864   98.7  1881   255.4  1875   186.9  1912   222.0  1883   274.9  1894   930.4  2006
   94.9  2002   71.0  1961   68.4  1959   61.9  1965   61.8  1965   63.9  1974   73.9  2001   86.1  2001   76.8  1882   98.8  1930   92.6  1979   97.5  1946   255.2  1941   186.2  1941   221.4  1905   274.6  1965   929.3  1988
   94.1  2009   69.5  2017   68.3  1866   60.8  1885   61.6  1917   63.7  1944   73.9  1987   85.9  1943   75.6  1948   98.4  1989   92.6  1971   97.0  1961   253.6  2003   185.5  2007   220.7  1941   272.5  1993   929.0  2001
   93.1  1951   67.9  1969   66.9  1983   60.4  1898   60.9  1892   63.3  1916   73.7  2020   85.8  1982   75.5  1909   96.7  1986   92.4  1874   96.6  1923   253.2  1881   183.1  1917   220.3  1897   271.0  1925   928.6  1869
   93.0  1991   67.4  1918   66.7  1985   59.8  1868   60.7  1994   63.2  1953   73.4  1926   85.6  1894   74.9  2006   95.8  1883   92.0  1923   95.9  1893   251.2  1983   182.4  1923   220.0  1863   269.1  1999   927.9  1937
   92.9  1932   65.7  1867   66.7  1995   59.3  1886   60.6  1890   62.9  1939   73.2  1985   85.5  1902   73.9  1886   95.8  1867   91.8  1980   95.5  1936   250.4  1956   182.2  1885   219.8  2015   268.1  1911   920.8  1909
   91.6  1910   65.3  1882   66.6  1917   59.2  1952   60.5  1908   62.8  1924   72.2  1970   84.9  1953   73.0  1908   95.8  1942   90.4  1900   95.4  1898   248.1  2015   180.2  2013   219.0  1908   266.3  2004   920.3  1970
   91.2  1924   65.1  1911   66.6  1971   59.1  1940   60.1  1988   61.8  1943   72.0  1904   84.6  1938   72.5  2016   95.7  1994   90.2  1952   94.7  1925   247.9  1998   180.0  1922   218.6  2011   266.3  1957   917.1  1987
   90.8  1927   64.9  1991   64.8  1930   57.6  1981   59.7  1941   61.7  1920   71.9  1881   84.3  1904   71.8  1931   94.8  1968   90.0  2005   93.9  1977   247.5  1870   180.0  1888   218.0  1926   266.1  2010   915.4  1922
   90.6  1946   64.6  1988   64.4  2010   57.5  1969   59.6  2009   60.7  1978   71.2  1944   83.0  1876   71.2  1877   92.6  1910   88.0  2008   93.9  1937   247.2  1962   179.8  1962   217.0  1986   264.5  1871   912.6  1862
   89.8  1958   63.9  1871   64.0  1942   57.1  1880   59.1  2017   60.0  1938   70.8  1866   82.8  1961   70.9  1878   91.4  1868   87.9  1891   93.1  1954   245.1  2010   179.5  1927   216.7  1914   264.2  1913   908.1  1932
   89.8  1918   62.9  1912   63.9  1921   56.9  1927   59.1  1984   59.2  1906   70.7  1941   81.9  1882   70.3  1891   91.3  1974   86.2  1863   92.4  1998   244.4  1969   178.7  2004   216.5  1945   262.1  1958   906.6  1865
   88.2  2011   62.8  1903   63.2  1970   56.6  2014   58.8  1953   58.5  2004   69.5  1991   81.5  1888   70.1  1963   90.8  1873   86.0  1869   92.2  1874   244.3  1911   177.5  1891   216.2  2016   258.0  1966   906.5  1919
   87.5  2013   61.0  1874   62.7  2007   56.2  1944   58.7  1964   58.4  1885   69.4  1925   81.2  1934   69.6  2018   90.3  1988   85.3  1866   91.3  1981   241.5  1892   177.2  1977   213.0  1999   257.8  1961   906.5  1957
   86.7  1952   60.9  1870   62.6  1968   56.0  1918   58.7  1999   57.6  2009   69.4  1947   80.8  1970   69.4  1934   89.7  1893   85.1  1998   91.1  1920   238.7  1975   176.8  1879   212.5  2014   257.1  1881   905.6  2017
   86.3  1894   60.8  1955   60.2  1936   55.8  1895   58.7  1873   57.5  1933   68.8  2019   80.7  1872   69.2  1873   89.3  1996   84.9  1994   90.8  1935   238.7  1938   176.7  1959   212.4  1978   256.1  1895   904.9  1868
   86.0  2003   60.6  1939   59.7  1932   55.2  1903   57.9  1918   57.4  2002   68.3  2004   80.0  1996   69.0  1920   89.2  1911   84.6  1898   90.1  1916   237.3  1865   176.2  1940   211.7  1973   255.6  1936   902.3  1984
   85.1  1944   59.9  1979   59.5  1984   54.9  1917   57.8  1929   57.3  1969   67.7  1961   79.1  1919   68.5  1942   89.2  1959   83.9  1887   88.7  1976   236.3  1945   175.5  1868   210.6  1944   252.5  1907   898.0  2016
   84.0  2020   59.4  1987   59.4  1890   54.4  1894   57.6  1947   56.9  1876   67.2  1929   78.9  2011   68.1  2005   89.1  1877   83.2  1976   88.7  1949   235.3  1955   174.9  1970   209.9  1951   251.1  1909   896.8  1929
   83.8  1941   58.7  2004   58.4  1911   53.8  2002   57.1  2012   56.7  1973   66.7  1975   77.7  2017   67.7  1970   88.4  1871   82.3  1966   88.3  1969   234.6  1906   174.5  1949   209.9  2010   250.7  2015   896.7  1897
   82.8  1968   57.9  1889   58.1  1939   53.7  1888   57.0  1930   56.6  1914   66.6  1959   76.5  1967   67.4  1867   88.1  1993   81.6  1995   88.1  1866   234.1  1887   173.9  2005   209.5  1902   249.4  1995   894.7  1938
   82.3  1979   57.8  1868   57.8  2020   52.7  1977   57.0  1996   56.5  2005   66.3  2005   75.7  1944   67.4  1884   86.6  1926   81.4  1947   86.7  1952   233.7  1987   173.8  1894   207.7  2002   249.3  1996   892.9  1944
   81.5  1934   57.6  1984   57.4  1882   52.0  1948   56.0  2016   55.9  1989   65.8  1980   75.6  1915   67.0  1980   86.4  1943   80.3  1987   86.2  2014   232.2  1868   173.7  1978   204.2  1977   247.6  1899   892.4  1906
   81.4  1955   57.3  2015   56.9  1906   50.9  1971   55.3  1912   55.6  1873   65.5  1945   74.5  1907   66.9  1913   86.0  1983   80.0  1941   84.7  1928   232.2  1903   173.5  1902   203.4  1943   246.5  1917   891.0  1985
   81.4  1874   56.9  1908   56.4  2021   50.9  1869   55.0  1875   55.3  1891   64.8  1967   74.0  1929   65.7  2004   84.9  1934   78.3  2017   83.6  1992   232.0  1882   172.4  1901   203.3  1916   245.1  1986   889.7  1926
   80.7  1945   56.6  1892   55.7  1967   50.5  1936   54.5  2011   54.7  1952   64.4  1969   73.1  1969   65.6  1987   84.1  1992   78.2  1899   83.3  1870   231.7  1884   171.9  1973   203.0  1867   244.2  1931   889.0  1907
   80.4  1947   56.2  2006   55.1  2015   50.3  1996   53.1  1933   54.5  1898   64.3  2011   73.0  1909   64.8  1881   84.0  1958   77.2  1985   82.9  1895   228.9  1879   170.2  1904   202.0  1993   243.9  2021   885.5  1940
   79.2  1925   54.8  1864   54.7  1955   49.4  1978   52.4  1963   52.1  1901   64.0  2000   72.5  1939   64.6  2021   83.7  1941   77.1  1912   82.8  1995   227.9  1996   169.8  1954   202.0  1918   243.6  2018   885.4  2013
   78.8  1931   54.6  1898   54.2  1891   48.8  1866   51.4  1887   50.0  1864   63.8  1907   72.0  1965   64.6  2011   83.4  1881   77.0  1907   82.7  1974   227.9  1947   169.4  2015   201.9  2001   242.9  1943   885.1  1885
   77.6  1982   54.6  1981   54.0  2004   48.7  1911   50.7  1881   49.2  1960   63.8  1917   71.6  1926   64.0  1945   83.1  1999   74.6  1953   82.6  1980   226.0  2012   168.6  1982   197.9  1889   241.8  2017   883.7  1983
   77.5  1957   53.2  2019   53.9  1902   48.0  1960   50.7  1950   48.9  1957   63.7  1937   71.4  1994   63.8  1988   80.0  1899   74.2  1975   81.5  1862   223.9  1965   168.2  1871   197.0  1970   240.7  1862   883.1  1969
   77.0  1980   52.7  2018   53.4  1870   47.9  1904   50.6  1882   48.7  2000   63.2  1892   71.1  1862   63.4  1911   79.9  1937   74.1  2020   80.4  1984   222.0  1901   167.8  1906   194.8  1991   240.1  1887   882.1  1867
   74.6  1862   52.3  1999   53.4  2014   47.9  1916   50.3  1864   47.9  1981   63.0  1901   70.9  2018   62.6  1991   79.4  2010   73.3  1915   80.2  1921   221.6  1908   166.3  1864   194.7  1969   239.8  1864   880.4  1961
   74.1  2001   51.6  1953   53.1  1904   47.3  1874   49.7  1977   47.9  2014   60.0  1998   69.7  2016   61.8  1937   78.5  1902   73.2  2007   79.3  1957   220.2  1863   166.0  1950   193.3  1893   239.0  2014   880.2  1978
   72.9  2012   50.3  1948   52.7  1894   46.7  1902   49.0  1900   46.9  1950   60.0  1933   69.3  1945   58.7  1893   77.8  1957   73.1  2013   79.3  1968   219.6  1902   165.8  1910   192.5  1952   237.7  1983   873.7  2018
   72.7  1887   50.2  2005   52.2  1869   46.1  2006   48.6  1992   46.6  1929   58.5  1919   68.3  1906   58.4  1938   77.6  1991   73.0  1870   78.6  1906   218.5  1982   164.7  1971   191.5  1923   235.7  1868   872.1  1952
   72.1  1985   50.0  1947   51.9  2005   45.7  1891   48.5  1883   46.3  1877   57.8  1962   67.9  1987   56.7  1889   76.3  1979   72.9  1902   78.3  1947   217.6  1972   163.0  1881   191.1  1962   235.1  1991   871.4  1913
   71.7  2010   49.9  2009   49.3  2002   45.6  2003   48.3  1995   45.7  1959   56.9  1928   67.6  2000   56.4  1978   76.1  2009   72.9  1967   77.6  1894   217.5  1933   162.9  1933   189.0  1904   233.7  1888   866.0  1972
   70.3  1940   49.6  1982   49.2  1885   44.8  1946   47.8  1921   45.6  2021   56.1  1972   67.5  1973   56.1  1905   76.1  1927   72.5  1993   77.6  1967   216.1  1952   162.6  1953   188.9  1961   230.5  1898   864.1  1871
   70.2  1878   49.2  1920   49.0  1960   44.8  2009   47.6  2005   44.0  1970   56.1  2013   67.4  1875   55.8  2013   75.1  1948   72.5  1924   77.2  1927   213.7  1898   161.4  1890   188.5  1876   229.4  1953   862.9  1888
   69.5  1933   49.1  1943   48.7  1880   44.7  1967   47.3  1971   43.5  1884   55.8  1943   67.1  2002   54.9  1916   75.0  1971   72.2  1981   76.5  1908   212.3  1959   160.3  1991   187.8  1929   229.3  1873   862.8  1917
   68.7  1885   48.9  1873   48.5  1887   44.1  1884   47.2  2018   43.5  1934   55.3  1986   66.9  1901   54.6  1917   74.3  1876   71.0  1919   75.5  1877   211.9  1924   159.3  1873   185.3  1884   228.9  1910   855.3  1997
   67.9  1882   48.0  1878   47.8  1923   43.9  2019   47.0  1914   43.3  1984   55.1  1902   66.4  1968   54.2  1904   74.0  2018   70.5  1893   74.9  1904   211.8  1993   159.3  2017   185.0  1896   227.7  1900   852.1  1963
   67.5  2005   47.3  1992   47.5  1976   43.8  1945   46.4  1957   42.8  1899   54.1  1896   66.2  1978   53.7  2015   71.8  1918   70.0  1925   74.7  1888   210.8  2011   159.1  2003   182.3  2005   226.0  1905   848.0  1874
   65.6  2017   47.2  1907   47.3  1874   42.6  1900   46.1  1893   42.8  1986   53.8  1963   65.6  2013   53.7  1926   71.5  2011   69.3  1962   74.1  1940   210.1  1871   158.6  1945   182.1  1901   224.2  1912   847.4  1956
   65.4  1879   46.7  2013   45.6  1974   41.9  1883   46.0  1987   41.9  2001   53.7  1964   65.3  2009   53.5  1919   71.4  1955   69.3  1873   73.5  1944   209.3  1921   158.6  1866   182.0  1886   222.3  1990   847.0  1911
   65.2  1891   44.7  1968   44.7  2009   41.7  1942   46.0  2004   41.6  1913   53.5  1981   63.6  1896   53.1  1933   71.1  1915   69.0  1903   73.4  1902   208.7  1893   157.2  1935   181.8  1932   221.1  1977   846.8  1863
   65.0  1870   44.7  1875   44.6  1907   41.4  1890   44.4  1934   41.6  1937   53.2  1949   63.4  1914   53.1  1990   71.0  1901   68.8  1897   72.2  1962   208.1  2019   157.1  1865   180.8  1967   220.9  1959   841.9  1990
   63.7  1954   43.9  1973   44.0  1865   41.2  1988   43.1  1982   40.0  1908   52.3  2014   63.0  1867   52.6  1966   70.9  1977   68.7  1968   71.9  1899   207.3  2009   156.9  1948   180.7  1942   220.3  1914   841.6  1943
   63.0  1967   43.6  2008   43.8  1871   39.9  1941   43.0  2019   39.6  1967   51.2  1916   62.9  1893   52.3  1940   70.2  1953   67.9  1892   70.5  1973   205.1  1968   156.8  1926   180.5  1964   218.9  1893   837.5  1934
   63.0  1996   42.8  1976   43.6  1958   39.2  1956   42.9  1975   39.5  1922   49.2  1900   60.0  1918   52.2  2020   68.3  1887   67.8  1943   70.1  1903   204.4  1940   154.8  1958   180.3  2000   217.4  1997   833.1  1895
   62.9  1871   42.5  1949   43.1  1962   38.9  1990   42.5  2001   39.3  2013   48.7  1951   59.9  1911   51.6  1870   67.4  1920   67.6  2001   69.1  1950   201.1  1973   153.4  1939   177.0  1935   215.4  1889   828.0  1942
   62.4  1976   41.1  1901   42.6  1996   38.8  1928   42.1  1863   38.9  1867   48.6  1876   59.6  2005   51.4  1955   67.2  1869   67.2  1918   69.0  2004   200.5  1949   153.2  1946   176.7  2021   214.5  1975   826.3  1899
   61.8  1923   41.0  1944   41.8  1949   38.2  1875   42.0  1960   38.8  1865   48.6  1899   58.5  1989   50.7  1947   67.2  1997   66.9  1901   68.6  2005   200.3  1918   153.0  1918   175.5  1874   213.7  1890   824.8  1941
   59.6  1981   39.4  1983   41.8  1950   38.1  1887   41.6  1909   38.7  1988   48.4  1997   58.2  1935   50.6  2007   65.3  1919   66.8  1990   68.5  1887   197.0  1971   152.9  1928   174.4  1919   212.7  2016   824.8  1945
   58.5  1916   38.8  2003   40.8  1878   37.9  1864   41.6  1866   38.6  2015   46.4  1874   58.2  1984   49.4  1901   63.7  1970   65.3  1999   68.3  1864   196.9  1981   152.5  1884   172.6  1972   212.2  1979   822.4  1959
   57.9  1917   38.8  1902   39.4  1948   37.4  1863   41.1  1974   38.5  1961   46.3  1994   56.8  2007   47.7  1914   63.5  1905   65.0  1921   68.2  1867   193.9  1890   151.4  1961   168.3  1898   211.1  1934   821.9  2005
   56.2  1897   38.8  1962   39.1  1918   37.2  1915   40.9  1978   38.5  1893   46.1  2016   56.2  1885   47.0  1949   62.8  1936   63.3  1978   65.4  1878   193.8  1878   149.9  1996   167.1  1934   209.6  1962   820.2  1989
   56.0  1966   37.1  1971   39.1  1883   36.9  1943   40.8  1870   38.3  1992   45.9  1948   55.2  1870   46.8  1912   62.8  1964   61.7  1961   65.2  1871   192.4  1876   149.1  2009   163.3  1979   207.9  1948   819.6  1995
   55.9  1893   37.0  1913   38.8  2003   35.8  1955   40.5  1940   37.3  1930   43.6  1971   55.1  1887   45.6  1985   62.5  1914   61.6  1932   64.9  1987   192.2  1914   147.5  1895   160.9  2013   204.5  1942   819.0  1896
   55.3  2000   36.0  1905   38.6  1966   35.4  1933   40.4  1880   37.2  2010   42.6  2006   54.5  1993   44.8  1894   61.9  2015   61.6  1868   63.5  1863   190.8  1927   147.0  1980   160.2  2003   204.0  1897   815.0  1873
   55.1  1901   36.0  1888   38.6  1898   34.5  2013   39.4  1911   36.9  1919   42.4  1934   54.3  1949   43.9  1902   61.3  2017   61.5  1955   63.3  2008   187.9  1895   146.4  1911   160.2  1906   202.6  1933   810.0  1908
   54.8  1908   34.6  2012   38.5  2000   34.3  1892   39.3  1868   36.8  1979   41.5  1996   53.4  1964   43.4  1890   60.8  1864   61.3  1917   60.8  1889   186.7  2005   146.3  1880   160.0  1925   202.5  1988   808.9  1947
   53.1  1892   34.0  1938   38.2  1863   32.8  1881   38.9  1884   36.4  1895   41.2  1887   52.6  2021   43.4  1977   60.4  1963   61.0  1989   60.1  1939   186.0  1942   145.8  1943   158.0  2006   200.4  1989   808.5  1892
   50.5  1914   32.5  1963   37.6  1899   32.4  1921   38.8  1944   36.3  1983   40.1  1995   52.2  1975   43.3  1979   59.3  1866   60.9  1957   57.0  1865   185.1  1997   144.1  1921   154.2  1990   195.3  1902   808.0  1889
   48.7  1992   31.4  1964   37.5  1946   32.2  1914   38.3  1961   36.3  1994   39.6  2018   51.3  1998   42.0  1969   57.1  2003   60.6  1964   54.4  1913   183.2  1886   141.8  1995   154.0  1994   194.4  1969   803.0  1962
   48.7  1864   30.7  1917   36.8  1879   30.8  1929   38.0  1897   34.9  1874   38.0  1989   50.0  1886   41.0  1989   56.7  1995   60.0  1904   53.5  1941   182.3  1989   141.3  1896   152.4  1989   193.4  2003   797.8  1991
   47.3  1876   30.7  1975   36.1  1915   30.7  2020   37.3  1928   34.1  1932   37.2  1870   48.0  1920   40.1  1972   56.3  1956   57.3  1948   52.3  1996   181.4  1985   140.7  1936   151.0  1996   193.4  1867   796.0  1890
   46.9  1989   29.6  1942   35.5  1924   29.3  1958   36.0  1874   33.2  1915   36.5  1905   47.6  1883   38.9  1915   54.2  1890   56.8  1934   51.5  1943   180.7  1954   139.0  1960   150.2  1911   193.2  1971   794.8  1971
   46.5  1929   28.9  1985   34.8  1945   29.3  1896   35.8  1927   33.1  1941   36.0  1878   47.0  1932   38.4  1921   53.9  1973   55.4  2011   51.4  1970   178.8  1917   138.0  1887   149.3  1933   191.5  1937   794.5  1904
   46.4  1973   28.3  1929   32.7  1956   29.1  1906   34.7  1888   32.7  1904   35.2  1983   46.9  1990   36.4  2003   51.2  1921   54.9  1958   51.4  1932   177.6  1944   137.1  1915   147.4  1940   191.4  2011   791.4  2011
   45.7  1909   27.7  1909   31.3  1997   27.1  2010   33.1  1998   32.3  1951   35.2  1982   45.8  1884   35.7  1964   51.1  1908   54.6  1973   51.1  1883   177.1  2017   131.3  1976   147.2  1947   189.8  1919   789.9  1884
   44.4  1902   27.3  1863   30.9  1925   27.0  2015   33.1  1922   32.1  1870   35.2  1990   45.6  1871   35.1  1997   50.5  1884   53.1  1884   50.3  1975   170.6  1953   130.5  1874   146.6  1959   187.9  1973   788.2  1949
   44.1  1949   26.3  1886   30.3  1953   26.8  1995   33.0  1935   32.1  1886   34.9  1952   43.5  1913   34.8  1888   48.5  1985   52.5  2004   49.7  1991   170.1  1889   130.0  1997   144.2  1937   187.8  1945   785.6  1976
   43.7  2019   26.2  1887   30.0  1910   26.1  1865   32.8  2010   31.7  1869   34.4  1897   43.4  1869   34.7  2002   47.6  1888   52.4  1908   49.3  1875   169.3  1874   129.4  1883   143.5  1981   187.3  1901   781.4  2010
   43.4  1935   26.0  1890   29.9  1892   25.6  1873   32.0  1901   31.5  1918   33.4  1979   42.0  1981   34.1  1996   47.2  2007   50.4  1983   46.7  1892   167.0  1864   129.1  1984   142.8  1868   184.3  1955   778.4  1898
   42.6  1898   25.6  1952   28.9  1900   24.4  1997   31.1  1939   29.6  1996   33.2  1913   39.0  1937   33.2  2009   46.8  1950   49.8  1937   46.6  1931   166.2  1907   127.6  1957   141.0  1885   183.3  1915   774.5  1901
   40.8  1911   25.5  1896   28.2  1875   24.3  1870   30.0  1936   25.5  2006   32.7  1906   38.9  1880   32.7  1928   41.7  1904   48.4  1988   45.9  1988   159.7  2006   125.1  1892   140.7  1955   183.3  1941   766.8  1955
   40.4  1907   24.7  1956   27.1  2012   23.0  1982   29.7  1871   23.6  1889   31.1  1976   38.2  1864   31.9  1939   41.7  1897   46.8  1922   44.3  2001   159.5  1929   124.3  2010   139.1  1975   181.8  1920   756.5  1953
   38.2  1950   24.1  1924   26.0  1943   20.5  1976   29.4  1980   22.8  1995   30.9  1921   37.8  1972   31.8  1900   39.0  1879   45.4  1920   43.7  1879   155.5  1976   121.3  1875   138.6  1921   180.5  1972   747.7  1996
   37.5  1889   23.7  1930   25.7  1973   18.7  2017   28.1  1959   21.3  1940   30.3  1863   36.1  1899   31.5  1906   37.7  1962   44.6  1933   43.1  1917   149.9  1909   120.5  1900   127.9  1984   180.1  1956   747.6  1975
   36.7  1888   23.0  1998   25.5  1993   16.9  1980   26.5  1919   20.4  1923   28.2  1864   34.3  1959   28.3  1898   37.5  2016   43.1  2021   42.0  2016   147.9  1932   118.6  1870   127.6  1899   176.4  1908   745.5  1905
   36.4  1896   22.4  1862   25.4  1935   16.5  1954   24.7  1990   20.1  1975   27.6  1955   33.8  1983   27.5  1929   37.3  1946   41.5  1889   39.6  1885   147.4  1880   117.7  1863   126.7  1949   171.3  1985   742.2  1893
   35.5  1905   16.6  1986   24.5  1926   14.2  2011   24.4  1956   20.1  1962   26.4  1984   33.1  1936   26.0  1895   36.1  1975   40.2  1942   39.6  1971   146.4  1905   107.1  1944   125.9  2018   171.0  2007   737.7  2003
   34.9  2006   16.0  1965   23.1  1990   13.4  1974   24.1  1970   19.5  1887   26.3  1885   31.8  1933   25.6  1971   35.5  1972   39.2  1871   37.5  2010   145.6  1992   100.2  1974   124.5  1870   170.9  1884   736.1  1870
   33.6  1881   15.5  1993   21.8  1931   12.6  2007   23.1  1905   19.2  1949   26.2  1898   30.9  1991   24.4  1986   35.4  1931   36.3  1896   35.0  1953   144.7  1896    99.1  1929   118.3  1913   162.1  1879   734.8  1902
   32.3  1953   11.6  1934   20.9  2011   11.8  2021   20.3  1876   18.4  1942   25.3  1977   28.1  1955   20.7  1907   34.9  1965   34.0  1909   32.3  1890   141.1  1888    98.8  2020   116.3  1864   160.1  1922   732.3  1973
   30.2  1987   11.0  1959   19.0  1938   10.6  1984   20.2  1989   18.3  1976   24.4  1999   25.5  1976   19.6  1941   33.1  1922   33.8  1862   29.0  1905   133.1  1963    96.8  1938   115.8  1887   159.1  1964   716.7  1964
   28.4  1963   10.7  1895   16.7  1893   10.0  1957   17.3  1895   17.4  1868   23.2  1869   17.4  2003   15.3  1910   31.6  1951   33.4  1956   28.9  1963   118.7  1934    96.3  1956   105.4  1983   155.9  1904   706.6  1933
   27.3  1964    8.6  1921   15.6  1961    9.4  1893   14.1  1991   15.4  2018   23.2  1935   16.9  1940   15.2  2014   19.8  1969   32.5  1879   27.0  1873   101.2  1891    89.6  2011    98.3  1869   154.6  1921   694.3  1864
   17.0  1880    8.5  1932   12.1  1944    8.8  1912   10.7  1896   10.2  1921   21.2  1868   12.8  1947   11.4  1865   19.3  1947   30.1  1867   25.6  1933    87.6  1964    86.7  1990    75.0  1976   151.5  1947   661.2  1887
   13.9  1997    3.8  1891   10.5  1929    7.0  1938   10.3  2020    4.0  1925   14.2  1911   10.3  1995    8.4  1959   19.2  1978   17.9  1945   23.3  1926     ---  1862    72.1  1893    73.2  1995   138.9  1978   635.6  1921