Areal values from HadUK-Grid 1km gridded climate data from land surface network
Source: Met Office National Climate Information Centre
Monthly, seasonal and annual total duration of bright sunshine for England N
Areal series, starting in 1919
Last updated 01-Jan-2022 10:59
    jan  year    feb  year    mar  year    apr  year    may  year    jun  year    jul  year    aug  year    sep  year    oct  year    nov  year    dec  year     win  year     spr  year     sum  year     aut  year     ann  year
   76.6  1959  113.9  2019  166.6  2003  235.6  2021  272.6  2020  284.2  1940  285.4  2006  252.1  1947  174.3  1986  125.2  2003   94.5  2005   65.8  2001   219.2  2019   641.9  2020   708.3  1976   358.1  1986  1668.3  2003
   69.0  2001  111.5  2008  164.4  2012  225.0  2020  263.0  2018  277.3  1957  260.9  1955  251.8  1995  168.1  1991  122.8  1931   85.6  1988   65.2  2014   211.9  2015   540.6  2003   670.4  1989   337.0  2003  1608.5  1995
   67.7  2000   98.7  1988  160.2  1929  216.9  2015  249.5  1989  249.9  1960  250.2  1976  229.3  1976  165.9  1959  122.5  1959   85.0  1947   58.4  2010   211.7  2000   539.5  2011   653.3  1995   330.4  1971  1600.0  1989
   65.9  2012   98.3  2003  151.1  2009  215.2  2011  234.2  2001  249.2  1975  248.5  2013  220.9  1975  157.2  1933  122.2  1981   84.4  2006   58.3  2004   206.9  2001   531.2  1948   644.0  1975   330.2  1959  1585.4  2018
   65.2  1991   96.9  2004  144.4  2020  203.7  2007  232.4  1992  239.4  1970  246.0  1989  204.0  1989  156.3  2015  117.0  2008   82.7  1973   56.9  2003   195.5  2004   526.8  2009   628.7  2018   325.7  2006  1549.2  2006
   64.1  2015   95.6  1949  140.4  1948  202.8  1942  230.3  1935  239.2  1949  245.4  2018  198.5  2003  154.5  2006  114.4  2018   82.3  2013   56.9  2009   194.4  2008   521.3  1982   613.3  2006   321.3  1981  1539.5  2019
   64.0  2007   94.9  1970  139.7  1933  200.5  1984  228.4  1948  235.9  1969  235.6  1990  197.1  1983  154.0  1929  113.5  1995   81.8  2017   56.8  1967   193.0  2018   517.4  1990   606.7  1933   318.3  1999  1529.7  1955
   61.3  2003   93.0  2016  138.8  1995  193.0  2003  226.7  1956  230.4  2018  232.7  1934  193.5  1933  152.8  1999  113.1  1971   78.3  1985   56.2  2008   192.7  2003   515.7  1929   606.5  1959   317.6  1921  1521.5  1959
   60.6  2019   88.7  2000  136.1  1982  188.0  2019  225.6  1980  228.8  1976  231.5  2014  189.8  1959  152.0  2019  112.5  1986   76.8  1996   56.2  1962   191.8  2007   509.3  2017   602.8  1949   316.2  2007  1512.3  2020
   60.4  1967   88.3  1989  135.4  1955  185.6  1990  220.4  1943  221.6  1950  229.6  1935  189.7  2007  151.7  1921  111.7  2007   76.7  2016   55.3  1999   189.8  1989   506.7  2021   599.5  1955   313.4  2010  1505.2  1949
   58.8  1952   88.2  2001  135.1  2007  184.1  2002  218.3  1959  221.0  1925  226.1  1984  187.9  1984  151.7  1987  111.5  1955   75.1  2010   55.1  2005   186.6  1963   505.2  2015   595.6  2013   311.9  1988  1501.9  1975
   58.0  1965   87.0  2018  134.5  1967  178.9  1921  217.7  1982  220.5  1989  217.6  1928  186.8  2016  150.8  2003  110.0  1997   73.1  1977   54.8  2017   184.4  2020   503.6  2019   595.2  1996   311.8  2016  1497.1  2015
   57.7  1999   86.7  1973  132.9  2011  176.0  1968  217.5  1977  218.3  1996  211.2  1971  186.2  1990  150.4  1979  108.3  2010   72.6  1925   54.1  2012   183.6  1999   503.1  2007   592.4  1984   307.4  2018  1495.7  2007
   57.5  1962   86.5  1999  132.5  1931  173.3  1945  217.3  1971  216.8  1921  209.7  1995  185.9  1997  150.3  1971  107.6  1921   71.9  1975   51.3  2019   181.8  1949   498.0  1995   587.3  1940   306.4  1964  1482.2  2011
   57.0  2017   83.7  1943  130.1  2017  170.5  2010  217.1  1921  216.0  2010  208.6  1999  184.8  2005  150.2  2004  107.3  1956   71.3  1986   51.3  2006   179.6  2005   495.7  1956   577.8  1935   306.1  2012  1478.8  2009
   56.7  1963   82.6  2015  128.8  1953  170.0  1995  216.5  1949  215.9  1933  206.8  1997  184.4  2019  149.5  1964  106.7  1919   68.2  1989   50.4  1976   178.2  1952   491.7  2010   574.3  2003   304.3  1979  1478.4  2010
   56.5  1932   81.3  1946  126.9  2014  169.6  1951  216.3  2005  213.5  1967  205.5  1959  182.7  1991  148.9  2020  103.8  1926   67.1  1969   49.8  2000   178.1  2002   489.6  1921   571.7  2014   304.1  1929  1467.0  2021
   56.3  1989   80.5  1957  125.2  2008  168.7  1936  216.2  2009  211.4  1939  204.4  1943  182.3  1926  148.1  1981  102.6  1999   67.1  2021   49.7  2013   175.0  1995   489.3  1943   567.6  1969   300.9  1947  1467.0  1921
   55.4  2011   79.8  1934  123.4  1924  168.6  2006  214.5  1997  211.2  1959  203.6  1996  180.1  1935  147.5  1963  102.6  1998   66.9  1971   48.2  1994   174.4  1967   482.0  1953   564.2  1934   298.5  1955  1452.1  2013
   55.3  2010   79.1  2020  123.3  2019  167.7  2017  212.3  1990  208.1  2003  197.6  1983  179.9  2014  145.6  1940  102.5  2001   66.7  1930   47.5  2016   173.5  1988   481.5  1989   551.2  1983   296.6  1975  1450.5  1990
   54.5  1994   78.9  2013  120.7  2010  167.5  1982  211.5  2017  201.9  1922  197.5  1994  179.1  1955  144.9  1954  102.5  2012   66.5  1952   47.1  1973   172.6  2012   481.2  1955   550.3  1947   296.6  1991  1449.6  2017
   54.4  1931   78.1  1952  119.8  2002  165.3  1969  209.8  2004  201.5  1930  197.3  1933  178.9  2000  144.7  2005  102.0  1930   65.7  1965   47.0  1975   170.5  2013   473.4  2012   548.5  1928   294.6  2005  1447.7  2016
   54.2  1934   77.0  1996  119.5  1990  164.5  1994  209.3  1929  201.3  1973  196.8  2021  175.7  1949  143.9  1997  101.9  1996   65.3  1978   46.6  1965   168.9  2006   473.0  1980   543.7  1970   293.9  1995  1440.7  1929
   54.0  2020   77.0  1995  119.2  1943  162.9  2013  208.0  1919  199.9  1951  195.8  1969  173.3  1996  142.3  1955  101.2  1929   65.1  2007   46.1  1981   168.1  1962   470.2  2016   541.6  1950   293.7  1996  1438.7  2001
   53.0  1984   76.5  2007  118.9  1956  162.8  1980  206.4  2000  199.6  1968  194.3  1921  171.6  1972  142.0  1934  100.9  1961   64.1  1998   45.6  1970   165.3  2010   466.9  2001   540.2  1921   290.0  2011  1434.7  2005
   52.8  1986   75.5  2021  118.5  1965  162.4  1948  204.9  1975  199.5  1962  188.0  1949  171.2  1961  139.7  2012   99.7  1922   63.9  2012   45.3  1988   165.1  2014   466.5  2018   536.6  1960   289.1  1987  1426.1  1999
   52.4  1982   75.3  1997  118.4  1970  160.0  1939  204.5  1966  197.3  1992  180.6  1941  170.8  2017  139.4  2007   99.7  2016   63.7  1979   45.3  1960   164.6  1968   465.9  2002   535.6  1994   286.3  2019  1419.9  1943
   52.3  1992   75.2  1960  117.6  1973  159.4  2009  204.0  1940  196.5  2021  180.2  2011  169.3  1988  139.4  1928   99.5  1964   63.2  1976   44.8  1946   164.1  2011   464.4  1949   532.6  1990   286.1  1997  1415.4  1997
   51.4  2009   74.6  2005  117.6  1997  158.4  2016  203.4  2016  195.6  1942  178.7  2019  168.8  1992  138.9  2011   98.7  1920   63.1  1922   44.7  2018   163.0  2009   462.2  1942   531.8  2015   285.8  1923  1411.6  2014
   51.3  1979   73.8  1963  117.2  1961  156.9  1962  201.1  2008  194.5  1929  177.7  1929  168.7  2015  137.9  1982   97.9  1952   62.9  1999   44.6  1979   162.4  1992   459.6  1935   526.4  1941   282.5  2004  1409.4  1984
   51.3  1990   73.4  1955  115.8  2000  156.3  1946  200.5  2010  193.1  1941  177.2  1991  168.5  1964  137.5  1923   97.5  1951   62.4  1961   44.4  1964   162.3  1997   459.3  1946   525.5  2005   282.1  1961  1408.8  1970
   51.1  2018   73.2  2014  115.7  1986  155.5  1977  200.0  1922  193.0  2006  176.5  1977  168.2  1953  136.5  1942   97.5  1983   62.0  2008   44.1  1926   161.4  2021   458.3  1997   524.9  2021   282.1  2015  1405.6  1976
   50.7  1958   72.7  2002  114.1  1972  154.9  1953  199.8  2012  192.4  2015  176.1  1967  167.6  1970  135.4  2016   96.6  1970   61.7  2009   43.9  1986   161.2  1934   453.5  2008   524.4  1992   281.6  1985  1397.9  1935
   50.1  1987   72.5  1928  113.6  2015  153.5  1954  199.2  1946  191.8  1995  175.7  2001  166.6  1919  135.2  2002   96.1  1980   61.0  2003   43.7  1974   158.5  1987   451.7  1977   524.4  1967   281.4  1928  1397.2  1986
   49.8  1995   72.0  1968  112.9  1962  153.2  1955  198.4  1953  191.2  2011  175.2  1925  166.0  2013  134.3  1988   95.9  1967   60.8  1938   43.6  1984   157.9  2016   451.5  2000   523.9  2019   280.5  2021  1395.7  1933
   49.0  1964   71.9  1998  112.8  1950  151.2  1922  197.0  1942  190.7  1986  174.2  1950  165.7  2001  134.0  2018   95.5  1965   60.5  1923   43.5  1980   157.8  2017   445.2  2006   521.1  1925   280.2  2008  1390.8  2004
   48.8  1945   71.8  1920  112.6  2001  151.1  1965  195.7  1978  190.6  1920  173.8  1975  165.0  1930  133.9  1975   93.8  1936   59.7  1943   43.3  2007   157.7  1932   438.1  2005   520.8  1997   279.3  1973  1388.0  2008
   48.6  1983   70.9  1985  109.1  1985  150.1  1956  194.9  1957  189.1  2009  173.6  2017  164.3  1936  131.5  1919   93.6  1939   59.3  1972   43.1  1966   157.1  1986   437.9  1959   519.6  2009   277.6  1919  1377.5  1973
   48.4  1974   70.8  1967  109.0  1994  149.8  1943  193.0  1974  187.6  1943  172.6  2009  164.2  1973  129.9  2010   93.5  1984   59.0  2018   42.7  1955   156.7  1991   436.0  1984   512.1  1929   277.3  1954  1376.2  1988
   48.4  1956   70.8  1950  108.3  2016  149.6  2005  192.7  1955  187.1  1932  172.0  2008  164.1  1981  129.8  1949   93.3  1985   58.8  1954   42.7  1925   153.9  1958   435.9  1922   511.5  1957   276.7  1933  1375.2  2000
   47.4  1977   70.7  1986  107.5  1989  147.9  1952  192.5  1964  184.6  1919  170.7  2015  164.1  1974  129.4  1947   93.2  1958   58.3  1921   42.6  1957   153.2  1956   435.6  1945   508.8  1999   275.7  2013  1374.0  1994
   47.1  2021   70.3  1933  107.2  1944  146.7  1960  192.2  2019  183.3  1974  170.2  1951  161.3  2010  127.9  1932   93.1  2011   57.9  2011   42.0  1961   153.0  1982   434.7  1962   507.6  1926   275.5  1989  1361.7  1940
   46.6  2005   69.5  2006  107.1  1945  146.2  1929  191.5  2011  181.5  1963  169.6  2016  160.1  1998  127.3  2021   93.1  1994   57.4  1964   42.0  1929   152.4  1985   432.0  1970   507.0  1930   272.0  1926  1358.9  1996
   45.9  1988   69.0  1992  106.8  1966  146.1  1938  189.2  1995  181.1  1994  169.5  1945  157.9  2009  126.8  1953   92.7  1993   57.2  1967   42.0  1996   152.2  1959   430.0  1939   506.8  1943   271.4  1998  1353.5  1977
   45.7  1930   68.5  1962  106.5  1938  145.1  1999  188.7  1988  181.1  2013  169.2  1963  157.1  1994  125.9  1935   92.0  1988   56.6  1995   41.7  1936   151.9  1970   428.9  1974   506.6  2017   271.4  1963  1352.9  1982
   45.7  1923   67.6  1936  106.4  1978  144.6  1973  186.7  1986  180.6  1979  169.1  1942  156.5  1952  123.9  1995   91.9  2019   56.2  1927   41.3  1951   151.7  1974   427.9  1992   506.5  2010   271.0  2002  1348.0  2012
   45.2  1949   66.6  1932  106.1  2021  144.1  1991  185.7  1960  180.5  1988  167.7  2003  156.3  1945  123.4  2009   91.7  1962   55.7  1992   41.1  1991   151.0  1977   427.3  1973   506.4  2011   270.1  2020  1346.1  1992
   45.0  1997   66.1  2012  105.6  1993  143.3  1957  185.3  1984  179.3  1961  167.5  1966  155.8  1937  122.8  1989   91.3  2000   54.7  1948   40.9  1948   151.0  1981   427.1  1994   504.3  1977   268.8  2009  1344.4  1967
   45.0  1940   65.2  1937  105.2  1949  142.7  1949  185.2  1952  178.5  1984  164.2  2007  155.4  2004  122.7  1926   90.8  1975   54.2  2001   40.8  1952   150.0  1994   427.0  2004   503.7  1973   268.6  2017  1342.3  1957
   44.7  1981   65.0  1939  103.8  1946  141.1  1974  185.1  2006  178.4  1934  163.7  1953  155.4  1965  122.2  1937   90.8  1987   53.4  1937   40.7  2011   149.7  1973   423.9  1975   502.5  1951   268.0  1925  1335.7  1952
   44.3  2006   64.6  1987  103.8  2004  140.7  1987  184.6  1987  177.7  1977  163.6  1982  155.2  1931  121.9  1943   90.7  1977   53.2  1957   40.4  1983   148.4  1983   423.0  1987   499.8  1991   267.7  1943  1335.6  1934
   44.2  1980   62.7  1981  102.5  1999  140.5  1959  181.0  2003  177.6  1928  163.6  2005  155.1  1993  120.6  1990   90.6  1969   53.2  1991   40.2  1993   148.3  1933   419.4  1957   498.7  1945   266.6  1930  1327.6  2002
   44.2  1978   62.2  1922  102.0  1958  139.9  1958  180.4  1963  177.1  2005  162.4  1926  154.9  1923  120.2  2013   90.6  1928   52.4  2020   40.1  1935   148.1  1946   417.0  1938   496.7  2001   266.5  1980  1321.6  1971
   43.1  1976   62.1  1956   99.8  1975  139.6  1927  180.0  1998  173.4  1946  161.6  1948  154.8  1940  120.1  1980   90.2  1979   52.3  1956   39.5  1998   146.5  1936   416.9  1965   492.5  2007   262.7  1970  1317.3  1947
   42.4  1920   61.5  1945   97.8  1987  139.1  1925  179.1  1970  172.9  1945  161.5  1946  153.4  1928  119.9  1973   90.2  1950   51.5  1928   38.8  2020   146.4  1945   416.4  1952   492.0  1974   262.1  1951  1311.7  1974
   42.2  2014   61.5  1990   97.6  1963  137.0  1950  179.0  1939  172.8  1938  161.4  1923  153.3  1944  118.9  1961   89.9  1972   51.1  1981   38.7  1982   145.9  1984   414.8  1986   491.7  2016   261.3  1977  1311.2  1953
   41.7  1938   61.4  1979   97.2  1940  135.9  1981  177.2  1961  171.9  2008  160.5  1964  153.1  1934  118.1  1974   89.2  2002   51.1  1974   38.7  1990   145.4  1943   414.7  2013   487.8  1919   261.1  1956  1307.2  1948
   41.7  1998   61.1  1969   96.9  1968  134.6  1970  176.1  1996  171.2  1993  159.7  1958  152.8  2018  117.7  2014   87.8  1923   50.7  1994   38.4  1932   144.6  1964   412.1  1968   484.3  2004   259.2  1940  1306.7  1950
   41.6  2004   61.1  1983   96.7  1976  134.1  1947  175.2  2013  170.9  1965  159.5  1972  152.7  1941  116.3  1970   87.5  1941   50.5  1936   38.3  1949   143.5  1998   410.7  1931   484.1  1979   258.8  1949  1305.7  1928
   41.5  1954   60.9  1971   96.4  1935  132.9  1935  174.7  2015  170.3  1985  158.8  1952  151.9  1982  115.7  1951   87.3  1938   50.3  1980   37.0  1963   142.9  1955   409.3  2014   483.8  1952   258.2  1942  1305.6  1951
   41.4  1928   60.7  1958   95.7  1926  129.9  2014  171.7  1920  170.3  2004  158.7  2004  151.1  1960  115.4  1958   86.8  2006   50.3  1950   36.9  1943   142.6  1961   407.3  1919   483.4  1988   257.9  1952  1304.8  1981
   41.1  1935   59.0  1941   95.4  1941  129.5  1932  171.6  1936  169.9  1927  158.4  1992  150.0  1977  115.1  1996   86.6  1947   49.9  1960   36.7  1921   140.8  1990   405.6  1951   480.7  1939   256.3  1967  1303.0  1945
   40.3  1951   58.7  1964   94.8  1974  129.5  1923  170.5  1926  168.5  1952  157.2  1924  148.9  1979  114.8  1944   86.5  2004   49.7  1970   36.5  1923   140.3  1920   405.3  1940   478.9  1961   256.0  1972  1302.5  1960
   39.7  2008   58.4  1961   94.6  1925  129.2  2000  167.6  1947  168.1  1935  156.3  1987  146.5  2012  114.5  1957   86.2  1943   49.5  1966   36.5  1995   139.2  1971   404.3  1971   475.6  1993   255.4  1934  1295.3  1925
   39.7  2002   58.0  1921   94.2  1927  127.4  1924  165.8  1931  167.7  1999  154.7  1979  145.8  1950  112.7  1960   86.1  2021   49.4  2000   36.4  1940   138.6  1937   404.0  1978   474.2  2000   254.2  1958  1294.4  1962
   39.6  1933   57.5  1925   94.1  1923  127.2  2008  165.1  1973  164.2  1936  153.9  1985  145.3  1938  111.7  1966   85.6  1945   49.4  1990   36.2  1938   138.3  1939   400.4  1966   473.7  1972   253.7  1978  1293.4  1979
   38.9  1961   56.5  1938   93.7  1921  127.1  1944  164.9  2021  162.9  1926  149.6  1981  144.3  2020  111.5  1925   85.6  1924   48.9  1929   36.1  1944   138.2  1957   399.6  1999   467.8  1942   253.2  1994  1291.4  1956
   38.8  1957   56.1  1974   92.8  1920  126.2  1997  164.9  1962  162.3  2017  149.3  1993  140.4  2002  110.9  1924   85.3  1927   48.8  1951   35.6  1941   138.0  1930   397.1  1958   467.5  1981   252.1  2001  1287.1  1991
   38.7  1936   55.4  2009   92.7  1930  125.3  1928  164.9  1937  160.9  2019  148.3  1940  140.3  1962  110.0  1985   85.3  1963   48.7  1940   35.6  1977   136.9  1928   396.7  1960   463.7  1971   251.7  1969  1287.0  1969
   38.1  1993   55.4  1994   91.4  2006  124.4  1989  164.4  1938  160.6  1978  147.6  1986  140.3  1966  109.8  2017   84.9  2015   48.2  2014   35.1  1954   136.7  1976   396.1  1944   463.0  1946   250.0  2014  1286.1  1963
   37.8  1985   54.8  1953   91.0  1939  123.3  1976  164.4  2007  160.3  2014  145.7  2002  139.9  1929  109.7  1978   84.5  1989   47.2  1962   34.9  1928   136.6  1979   395.6  1950   461.0  1953   249.6  1957  1285.4  1961
   37.4  2013   54.6  1982   90.8  1954  122.4  1983  163.0  1934  159.5  1955  145.7  1947  139.1  1968  109.4  1994   84.0  2014   47.0  1982   34.5  1931   136.3  1965   391.7  1936   459.7  1985   249.1  1953  1281.1  1942
   37.1  1939   54.1  1975   90.3  1988  121.7  2018  162.1  1981  159.1  2002  144.7  1974  135.8  1969  106.8  1972   84.0  1925   47.0  1924   34.3  1950   134.3  1950   391.1  1988   459.5  1963   249.0  1990  1279.3  1919
   36.8  1924   53.7  1948   87.7  1919  120.1  2001  162.0  2002  157.0  1948  143.2  1978  135.5  1985  105.9  1992   83.7  2009   46.6  1987   33.7  1985   134.0  1975   387.8  1963   458.7  1922   246.2  1938  1277.6  1939
   36.3  1953   53.7  1951   87.6  1934  119.3  1975  161.8  1944  156.5  1983  141.0  1998  135.1  1932  104.7  1998   83.5  1953   46.6  2002   33.2  2002   133.0  1922   385.1  1961   458.4  1964   244.8  1920  1273.5  1946
   36.3  1975   53.3  2017   87.4  1932  117.7  1998  157.7  1979  155.3  2001  140.9  2000  135.0  2011  103.2  1967   83.3  1949   45.8  2004   32.6  1968   132.0  1960   380.8  1924   457.0  1986   244.4  1931  1264.4  1926
   36.2  1972   53.2  1977   84.6  1980  115.7  1934  155.2  1958  154.4  2000  140.5  1930  134.9  2006  102.6  2000   81.9  1957   45.7  1949   32.5  1992   131.9  1953   380.6  1954   455.2  1936   244.0  1982  1264.3  1964
   36.0  1947   53.1  2010   84.6  1922  115.6  1972  155.2  1945  154.1  1924  140.1  1956  134.8  1967  102.6  1945   81.7  1944   45.6  1958   32.3  1939   128.7  1978   379.5  1927   453.3  1923   243.6  1965  1260.0  1922
   35.8  1968   52.8  1991   83.3  1952  113.9  1992  155.1  1930  153.8  1981  138.2  1973  134.6  1939  102.2  1920   80.4  1942   45.4  1926   32.3  2021   128.5  1996   377.7  1923   451.9  1962   243.5  1924  1250.8  1983
   35.5  1943   52.4  1984   81.7  2018  113.4  2004  154.5  1951  152.5  1947  136.6  1970  132.5  1999  101.9  1983   80.3  1948   44.7  1955   32.2  1945   128.3  1951   375.7  1967   449.7  1968   243.3  1983  1249.6  1980
   35.3  1925   50.5  1927   81.6  1992  112.4  1986  154.1  1923  150.5  2020  136.6  1919  132.4  1951  101.8  1968   79.1  1990   44.4  1944   31.3  2015   126.6  1941   375.2  1933   447.8  1938   243.3  2000  1245.4  1938
   34.6  1946   50.5  1944   81.5  1951  112.4  1931  153.6  1994  148.9  1937  135.6  1960  131.7  2021  101.5  1956   79.0  1932   44.0  1983   29.9  1997   126.5  1927   374.6  1972   446.9  2008   242.8  1922  1242.0  1987
   34.5  1955   50.3  2011   81.2  1957  112.0  1988  153.3  1993  145.5  1944  134.9  2012  130.1  1958  101.2  2008   78.6  1978   43.8  1920   29.7  1972   125.7  1938   374.4  1998   446.1  1966   242.5  1974  1240.0  1985
   34.0  1922   50.3  1930   79.8  1979  111.6  1919  152.5  2014  144.2  1956  134.7  1939  129.1  1921   98.7  1950   78.4  1992   43.6  1993   29.5  1971   122.2  1931   372.5  1926   445.2  2002   241.0  1944  1235.7  1923
   33.5  2016   48.9  1978   79.2  1959  111.2  1933  152.0  1999  142.7  1972  133.6  1988  128.7  1927   98.1  1938   77.1  2017   43.5  1933   29.0  1958   121.4  1969   370.7  1925   441.9  1982   241.0  1937  1231.7  1930
   33.4  1973   48.4  1919   79.0  1971  110.7  1993  147.3  1965  140.0  1991  133.5  2020  128.0  1946   97.9  1930   76.7  1973   43.3  1939   29.0  1987   120.4  1925   369.6  1993   441.8  1932   240.3  1932  1229.4  1936
   33.0  1960   47.2  1993   78.7  1937  110.1  1979  145.7  1950  138.6  2007  132.1  1922  127.4  1980   97.5  1977   76.6  1934   42.4  2019   28.0  1989   119.1  1980   368.1  1947   434.0  1924   240.0  1992  1227.6  1965
   32.8  1971   46.6  1959   78.7  1977  109.8  1963  145.6  1927  138.3  1966  130.6  1980  127.0  1987   96.9  1984   76.0  1933   41.9  1935   27.9  1953   118.4  1944   366.2  1934   428.5  1965   239.1  1950  1224.0  1998
   32.5  1948   46.6  1976   76.7  1998  109.2  1964  145.0  1972  137.0  1923  129.7  1938  124.9  1925   96.1  1946   75.3  1991   41.7  1959   27.6  1924   117.7  1993   362.4  1981   428.4  2020   237.5  1935  1206.3  1972
   32.0  1919   45.8  1931   76.7  2013  109.2  2012  141.1  1941  135.4  2016  129.3  2010  124.9  1971   95.8  1927   74.8  1966   41.6  1984   27.5  1937   116.5  1924   356.3  1985   427.0  1927   237.3  1927  1199.3  1958
   31.9  1927   45.5  1942   75.0  1983  108.8  1967  140.8  1985  134.0  1980  128.4  1927  124.7  1922   95.5  1939   73.6  1954   41.4  1942   27.5  1920   115.9  1947   351.9  1969   425.1  1998   236.0  1966  1198.2  1968
   31.7  1937   44.9  1954   72.2  2005  108.0  1971  139.2  1968  133.1  1931  128.4  1961  122.6  1924   95.4  2001   73.3  1974   40.9  2015   27.2  1933   114.3  1954   350.1  1920   424.4  1937   234.4  1936  1196.4  1993
   31.6  1929   43.1  1924   67.8  1969  107.8  1996  138.9  1928  129.4  1964  126.7  1936  121.0  1956   94.4  1948   73.3  2013   39.4  1919   27.1  1969   113.2  1948   349.1  1976   419.4  1948   232.4  1939  1192.1  1931
   31.2  1941   41.9  1935   66.4  1947  106.4  1985  137.0  1925  129.1  1953  125.0  1954  118.7  1986   94.0  1969   69.7  1935   39.3  1931   26.9  1947   110.8  1926   347.6  1979   412.1  1978   231.9  1984  1186.7  1978
   31.0  1944   39.5  1926   64.4  1960  106.3  1926  136.3  1954  128.1  1997  119.7  1937  115.3  1957   93.5  1952   68.8  2020   38.9  1953   26.5  1922   110.2  1921   347.5  1964   411.8  1920   229.4  1948  1186.4  1966
   29.9  1970   36.8  1923   64.4  1981  104.0  1940  132.4  1967  127.6  1971  119.6  1932  114.9  1943   90.0  1936   66.9  1946   38.6  1963   26.2  1942   108.9  1923   340.1  1930   407.7  1958   226.2  1945  1185.0  1941
   28.7  1926   36.1  1972   62.8  1928  101.9  1978  130.0  1924  126.4  1982  118.9  1957  113.6  1920   89.5  1993   65.4  1976   38.1  1945   26.1  1919   107.4  1966   336.0  1996   405.2  1956   225.8  1993  1165.8  1924
   27.7  1969   35.2  1929   62.4  1942   93.1  1941  129.1  1976  126.0  1954  114.1  1931  108.9  1963   86.7  1962   65.4  1937   37.3  1968   23.9  1978   105.9  1940   331.5  1991   402.4  1931   225.6  1962  1162.9  1932
   26.4  1966   35.1  1947   61.3  1991   92.4  1930  126.0  1991  124.0  1998  112.1  1962  108.3  1978   82.4  1965   64.9  1940   37.0  1941   23.8  1959   102.3  1942   329.6  1941   392.0  1980   215.7  1960  1149.4  1927
   25.2  1950   34.3  1966   52.0  1996   90.8  1961  124.3  1933  118.0  1958  111.0  1968  103.0  1942   82.2  1931   59.1  1982   36.7  1934   23.1  1927   101.8  1929   327.0  1928   391.4  1944   208.1  1976  1148.4  1920
   24.8  1921   34.0  1965   51.4  1936   89.0  1966  118.8  1969  110.8  1990  107.6  1920  103.0  2008   79.9  1922   56.9  1968   33.5  1932   22.0  1930   101.8  1972   324.8  1937   386.3  1987   203.2  1941  1146.1  1944
   21.2  1942   30.3  1980   50.2  1984   85.6  1920  108.7  1983  103.0  1987  102.2  1965  100.9  1948   79.5  1976   55.4  2005   32.1  1997   18.9  1956    98.7  1935   319.2  1932   382.5  2012   196.0  1968  1128.3  1954
   15.0  1996   28.5  1940   45.8  1964   81.2  1937  102.4  1932  101.2  2012   92.6  1944   98.0  1954   78.7  1941   53.1  1960   27.5  1946   15.8  1934     ---  1919   306.2  1983   348.9  1954   190.5  1946  1114.6  1937