Areal values from HadUK-Grid 1km gridded climate data from land surface network
Source: Met Office National Climate Information Centre
Monthly, seasonal and annual number of days in the month with air frost (minimum temperature below zero) for England S
Areal series, starting in 1960
Last updated 01-Jan-2022 10:59
    jan  year    feb  year    mar  year    apr  year    may  year    jun  year    jul  year    aug  year    sep  year    oct  year    nov  year    dec  year     win  year     spr  year     sum  year     aut  year     ann  year
   29.1  1963   26.2  1963   20.5  1962   11.6  2021    4.0  1979    0.7  1962    0.0  1965    0.0  1964    0.5  1969    5.0  1997   13.3  1988   24.0  2010    75.0  1963    25.7  2013     0.7  1962    15.0  1988    82.7  1963
   25.8  1979   24.3  1986   17.1  2013    8.9  1968    2.8  1996    0.1  1991    0.0  1961    0.0  1960    0.2  1986    4.4  1993   12.3  1985   19.9  1981    57.9  1979    23.3  1962     0.1  1991    14.8  1993    80.5  2010
   23.6  1985   20.2  1979   15.4  1970    8.1  2013    1.6  1982    0.0  1989    0.0  1960    0.0  1980    0.2  1975    3.9  2003   12.1  1965   19.7  1962    47.3  1985    23.0  1970     0.0  1989    12.5  1985    76.8  1979
   19.9  1987   19.2  1991   14.8  1987    7.7  1970    1.5  1967    0.0  1975    0.0  1990    0.0  1972    0.1  2003    3.3  1992   11.4  1996   17.9  1976    46.0  2010    19.0  1969     0.0  1975    12.5  1965    72.4  1962
   18.3  2010   19.1  1968   12.7  1969    7.0  1984    1.4  2021    0.0  2001    0.0  1962    0.0  1962    0.0  2018    3.0  1983   11.2  2005   17.9  1961    45.1  1965    17.1  1996     0.0  2001    11.8  2010    71.2  1985
   18.1  1980   18.6  1983   12.5  1985    6.4  1978    1.3  1981    0.0  1961    0.0  2000    0.0  2001    0.0  1974    2.4  2008   10.4  1993   17.1  2001    43.7  1968    16.7  2021     0.0  1961    11.8  1973    68.8  1996
   17.9  1997   18.6  1969   12.1  1995    6.2  1969    1.3  2020    0.0  1969    0.0  2004    0.0  2005    0.0  1987    2.3  2018   10.4  1971   16.6  1963    42.1  1986    16.4  1995     0.0  1969    11.4  1996    66.3  1969
   15.7  2021   18.2  1981   11.8  1976    6.2  1990    1.2  1971    0.0  1977    0.0  2003    0.0  2004    0.0  1972    2.2  1964    9.7  1973   16.1  1964    41.1  2009    16.3  1979     0.0  1977    11.2  2005    63.9  1965
   15.1  2009   18.2  1996   11.4  1965    6.2  1977    1.2  1962    0.0  1967    0.0  2002    0.0  2003    0.0  1979    2.2  2010    9.6  2010   15.0  1995    41.0  1991    16.1  1976     0.0  1964    11.1  1971    63.5  1968
   15.1  1966   15.4  1978   11.3  2006    6.0  1975    1.2  2010    0.0  2011    0.0  2001    0.0  2002    0.0  1988    2.1  1973    8.7  1962   14.3  1996    40.9  1996    15.4  1987     0.0  1967     9.7  1962    63.4  1970
   14.9  1965   15.1  2018   10.8  1973    5.7  1986    1.1  1984    0.0  1973    0.0  1997    0.0  2000    0.0  1964    1.9  1987    8.3  1969   14.3  2009    40.6  1982    15.3  1985     0.0  1965     8.9  1972    61.1  1981
   14.9  2017   14.4  1985    9.7  1964    5.5  2008    1.0  1974    0.0  1986    0.0  1999    0.0  2007    0.0  1962    1.9  1981    7.9  1972   14.0  2008    39.7  1987    15.0  1968     0.0  2011     8.8  1969    60.3  1987
   14.7  1977   14.2  1970    9.6  1971    5.2  1996    0.9  1980    0.0  2012    0.0  1998    0.0  1999    0.0  1990    1.8  1980    7.5  1989   13.2  1970    39.1  2011    15.0  2006     0.0  1973     8.8  1980    59.2  1986
   13.9  1992   14.0  1965    9.5  2010    5.0  1989    0.9  1995    0.0  1965    0.0  2006    0.0  1998    0.0  2020    1.6  1988    7.2  1975   13.1  1969    39.0  1964    14.6  1973     0.0  1986     8.6  1983    59.2  2013
   13.8  2013   13.4  2010    9.2  2018    4.6  2003    0.8  1997    0.0  1987    0.0  1996    0.0  1997    0.0  1996    1.4  2002    7.0  1980   13.1  1968    38.5  1969    14.5  1984     0.0  2012     8.3  1997    59.0  1973
   13.7  1960   13.4  1987    9.0  1996    4.6  1988    0.7  1961    0.0  1974    0.0  1995    0.0  1996    0.0  2005    1.2  2012    6.9  1979   12.4  2005    38.2  1981    14.4  1975     0.0  1987     7.9  1975    58.0  1976
   13.2  1982   13.3  2012    8.5  1986    4.2  1979    0.7  2005    0.0  2006    0.0  2005    0.0  1995    0.0  1985    1.1  1974    6.7  1967   12.3  1967    37.6  1977    14.3  1965     0.0  1974     7.5  1989    57.4  2001
   13.1  2019   13.1  2003    8.3  1993    4.2  2012    0.6  1977    0.0  2005    0.0  2008    0.0  2006    0.0  2010    1.0  1961    6.6  1977   12.2  1992    37.5  1970    14.2  1986     0.0  2006     7.3  1979    56.5  1964
   13.0  2001   12.8  2013    8.2  2005    4.1  1976    0.6  2013    0.0  1985    0.0  2007    0.0  2009    0.0  2007    1.0  1962    6.3  1961   11.9  1978    36.9  1962    13.7  1971     0.0  2005     7.3  1961    56.3  1978
   12.8  1964   12.8  1960    8.0  1979    4.1  2016    0.5  1965    0.0  1966    0.0  1993    0.0  2008    0.0  1973    0.9  1972    6.1  1998   11.7  1982    36.6  1997    13.0  2010     0.0  1960     6.7  1967    55.5  1991
   12.5  1986   12.5  2001    7.9  1975    4.1  1997    0.5  2016    0.0  1972    0.0  2009    0.0  1993    0.0  2004    0.8  1960    5.7  1983   10.8  1991    36.0  2013    12.0  1964     0.0  1985     6.7  1998    53.1  2003
   12.3  1968   12.2  1994    7.5  1980    4.0  2019    0.4  1975    0.0  1978    0.0  2010    0.0  2010    0.0  1991    0.8  1970    5.5  1966   10.7  2007    33.8  2021    11.5  1978     0.0  1966     6.6  1977    51.2  1980
   12.2  2011   12.0  2009    7.4  1963    3.8  1983    0.4  1991    0.0  1971    0.0  2011    0.0  2011    0.0  1960    0.7  1984    5.4  1976   10.5  1960    33.7  1983    11.4  2003     0.0  1972     6.5  2003    50.7  2021
   12.2  1978   11.9  1973    7.4  2001    3.7  1991    0.4  2011    0.0  1981    0.0  2012    0.0  2012    0.0  1994    0.7  1971    5.4  2007   10.4  2003    33.6  1992    11.4  2016     0.0  1978     6.3  2008    48.9  2005
   12.1  1991   11.7  2008    6.9  1974    3.7  1999    0.3  1973    0.0  1983    0.0  2013    0.0  2013    0.0  1995    0.7  1966    5.4  1995   10.3  2017    32.9  2001    11.0  1977     0.0  1971     6.2  1966    48.2  2009
   11.7  2003   10.7  1984    6.8  2016    3.7  2006    0.3  2019    0.0  2013    0.0  2014    0.0  2014    0.0  1971    0.7  1994    5.2  1978   10.2  2014    32.7  2006    10.8  1980     0.0  1980     6.0  1964    47.8  1995
   11.2  1984   10.7  2005    6.8  2011    3.6  1981    0.3  2014    0.0  2009    0.0  2015    0.0  2015    0.0  1963    0.6  1986    5.1  2001   10.2  1975    31.6  2015    10.8  2008     0.0  1990     6.0  2007    47.4  1984
   11.1  1981   10.7  2015    6.7  2003    3.5  1973    0.2  1968    0.0  1999    0.0  2016    0.0  2016    0.0  2015    0.6  2007    5.0  2017   10.1  1973    31.2  2018    10.6  2005     0.0  1981     5.6  1995    47.1  1982
   11.0  1961   10.7  1962    6.4  1984    3.4  2000    0.2  1987    0.0  2003    0.0  2017    0.0  2017    0.0  2012    0.6  1975    4.9  1991    9.6  1990    30.1  1978    10.3  1982     0.0  1983     5.5  1991    46.6  1960
   10.7  2015   10.6  2004    6.2  2009    3.4  1995    0.2  1976    0.0  2004    0.0  2018    0.0  2018    0.0  1978    0.6  1991    4.8  2016    9.4  2012    30.0  2004    10.3  1974     0.0  2013     5.4  2012    46.4  1983
   10.7  1973   10.5  2006    5.9  1968    3.2  1998    0.2  2018    0.0  2008    0.0  2019    0.0  2019    0.0  1993    0.6  1998    4.4  2021    9.3  1984    30.0  1984     9.7  1990     0.0  2009     5.4  1976    45.4  1971
   10.5  2000   10.2  2021    5.8  1982    2.9  1971    0.2  2017    0.0  2007    0.0  2020    0.0  2020    0.0  1967    0.5  2019    4.3  2012    9.0  1998    29.9  1980     9.6  2001     0.0  1999     5.3  1978    44.8  2008
   10.3  1967    9.9  1976    5.8  1961    2.9  1982    0.2  1993    0.0  2014    0.0  1994    0.0  1994    0.0  1984    0.5  1982    4.0  2013    8.8  1980    29.4  1971     9.6  2018     0.0  1979     5.3  2017    44.6  2006
   10.3  1972    9.7  2016    5.8  2004    2.8  1985    0.2  1998    0.0  2010    0.0  1991    0.0  1991    0.0  1976    0.4  1979    4.0  1968    8.6  1999    28.9  2003     9.4  1993     0.0  2008     5.1  2001    44.3  1997
   10.2  1970    9.5  1964    5.7  1972    2.7  1960    0.1  2015    0.0  2015    0.0  1992    0.0  1992    0.0  2019    0.4  1965    3.9  2008    8.5  2004    28.7  1976     9.2  1988     0.0  2010     5.0  1992    43.8  1967
    9.8  2006    9.0  1992    5.4  1966    2.6  1966    0.1  2003    0.0  2016    0.0  1989    0.0  1961    0.0  1982    0.3  2017    3.9  2019    8.3  1965    28.6  1966     9.0  1963     0.0  1982     4.9  2018    43.4  1961
    9.0  2004    9.0  1971    5.2  2008    2.5  1967    0.1  1963    0.0  2017    0.0  1963    0.0  1963    0.0  1965    0.3  2011    3.8  1982    8.1  2016    28.4  2002     8.0  1966     0.0  1963     4.8  2016    43.2  2012
    8.7  1998    8.4  1967    5.1  1978    2.4  1974    0.1  1990    0.0  2018    0.0  1964    0.0  1965    0.0  1961    0.3  1990    3.8  1964    8.0  1983    27.3  1973     7.8  1983     0.0  2014     4.8  1987    43.1  1992
    8.6  1976    7.9  1975    4.7  2020    2.4  1980    0.1  2012    0.0  2019    0.0  1966    0.0  1966    0.0  1966    0.3  1999    3.8  2006    7.9  2020    26.6  2017     7.8  1989     0.0  1968     4.5  1981    42.8  1975
    8.5  1995    7.7  1988    4.5  1988    2.3  2010    0.1  1960    0.0  2020    0.0  1967    0.0  1967    0.0  2009    0.2  1985    3.5  2004    7.4  2000    26.0  2012     7.7  1991     0.0  2015     4.4  2021    40.9  2016
    8.3  1962    7.5  1982    4.2  1977    2.3  1965    0.0  1992    0.0  2002    0.0  1968    0.0  1968    0.0  2011    0.2  1995    3.2  1997    7.4  1994    25.2  1994     7.7  2020     0.0  2016     4.4  2019    40.5  1966
    8.3  2012    7.4  2019    4.2  2000    2.3  1964    0.0  2001    0.0  1960    0.0  1969    0.0  1969    0.0  1983    0.1  2009    3.2  2020    7.2  1979    24.6  1967     7.6  2000     0.0  2017     4.3  1982    40.3  1993
    7.7  1996    7.3  1999    4.0  2014    2.2  2001    0.0  1972    0.0  2000    0.0  1970    0.0  1970    0.0  2013    0.1  1978    3.1  1960    7.0  1997    24.4  2008     7.3  1981     0.0  2018     4.0  2013    39.8  1977
    7.5  2002    6.9  2007    4.0  1983    2.2  2017    0.0  1994    0.0  1998    0.0  1971    0.0  1971    0.0  2014    0.1  1969    2.9  1990    6.8  1987    24.2  2000     7.2  2011     0.0  2019     4.0  1968    38.8  1988
    7.3  1994    6.3  1989    3.9  2002    2.0  2002    0.0  1989    0.0  1963    0.0  1972    0.0  1973    0.0  2016    0.1  1996    2.9  1987    6.4  1986    23.5  2019     6.8  2012     0.0  2020     4.0  1960    38.3  2018
    7.3  1971    5.7  1974    3.9  2015    1.9  1992    0.0  2002    0.0  1964    0.0  1973    0.0  1974    0.0  2017    0.0  2015    2.6  1981    5.9  2019    23.2  2005     6.7  1997     0.0  2007     3.8  2006    38.1  2004
    6.9  2016    5.4  1993    3.7  2021    1.8  2005    0.0  1986    0.0  1968    0.0  1974    0.0  1975    0.0  2008    0.0  1976    2.6  2014    5.9  1966    22.6  1993     6.7  1961     0.0  2004     3.5  2004    36.8  2017
    6.8  1969    5.2  1966    3.5  1991    1.7  1994    0.0  2008    0.0  1970    0.0  1975    0.0  1976    0.0  2002    0.0  1967    2.5  2018    5.7  1989    22.0  1961     6.6  2009     0.0  1970     3.2  2020    36.1  2019
    6.2  1989    5.1  2000    3.4  1990    1.7  2020    0.0  1969    0.0  1976    0.0  1976    0.0  1977    0.0  2006    0.0  1977    2.5  2003    5.7  1993    21.8  1999     6.6  2004     0.0  1984     3.2  1990    35.6  1998
    5.8  2018    5.0  1977    3.0  1998    1.6  1962    0.0  1988    0.0  1979    0.0  1977    0.0  1978    0.0  1968    0.0  2004    2.4  2015    5.6  2006    20.6  1998     6.4  1999     0.0  2003     2.9  1974    34.6  1972
    5.5  1999    4.8  1998    2.9  1960    1.4  1963    0.0  1966    0.0  1980    0.0  1978    0.0  1979    0.0  1970    0.0  2016    2.0  1970    5.3  1985    19.8  1974     6.3  1998     0.0  2002     2.8  1970    33.5  1989
    5.2  1988    4.6  1980    2.8  1989    1.3  2015    0.0  2007    0.0  1982    0.0  1979    0.0  1981    0.0  2001    0.0  2021    1.8  1963    4.7  1972    19.7  1988     6.2  1972     0.0  2000     2.6  2014    32.2  2000
    5.1  1993    4.5  1972    2.7  2007    0.9  1993    0.0  2009    0.0  1984    0.0  1980    0.0  1982    0.0  2000    0.0  2014    1.8  1974    4.4  2011    19.2  1972     6.2  1967     0.0  1998     2.4  2015    31.1  1994
    4.4  2014    4.4  1997    2.7  1999    0.8  2004    0.0  2004    0.0  1988    0.0  1981    0.0  1983    0.0  1999    0.0  2000    1.6  1992    4.3  1971    18.2  1995     6.0  2002     0.0  1997     1.8  1963    31.0  2007
    4.1  2020    3.8  2002    2.5  2012    0.6  2007    0.0  1983    0.0  1990    0.0  1982    0.0  1984    0.0  1998    0.0  2013    1.6  2000    4.1  2002    16.6  2016     5.7  1960     0.0  1996     1.8  1986    29.1  1999
    4.0  2007    3.6  2017    2.4  1981    0.5  2014    0.0  1985    0.0  1992    0.0  1983    0.0  1985    0.0  1997    0.0  1989    1.1  1999    3.6  2021    16.5  2007     5.2  2015     0.0  1995     1.7  1984    29.0  2015
    4.0  2005    2.8  2011    2.2  1967    0.5  1972    0.0  2006    0.0  1993    0.0  1984    0.0  1986    0.0  1992    0.0  1963    1.0  1986    2.9  2018    14.3  1989     5.2  2019     0.0  1994     1.7  2002    27.8  2011
    4.0  1974    2.5  2020    1.8  1997    0.4  2009    0.0  1964    0.0  1994    0.0  1985    0.0  1987    0.0  1977    0.0  2005    1.0  1984    2.8  2013    12.6  2020     4.8  2014     0.0  1993     1.6  2000    25.7  1990
    3.3  1983    2.3  1995    1.4  1994    0.4  1987    0.0  1978    0.0  1995    0.0  1986    0.0  1988    0.0  1989    0.0  2001    0.8  2011    2.5  1977    11.6  1975     3.3  2007     0.0  1992     1.3  1999    25.4  2020
    2.5  1975    0.9  1990    1.1  1992    0.2  1961    0.0  2000    0.0  1996    0.0  1987    0.0  1989    0.0  1980    0.0  1968    0.4  1994    1.8  1988     8.9  1990     3.1  1994     0.0  1976     1.1  2011    24.1  1974
    2.3  1990    0.6  2014    0.9  2019    0.1  2018    0.0  1999    0.0  1997    0.0  1988    0.0  1990    0.0  1981    0.0  2020    0.4  2002    1.2  1974     7.9  2014     3.1  1992     0.0  1988     1.1  1994    23.1  2002
    2.0  2008    0.5  1961    0.4  2017    0.1  2011    0.0  1970    0.0  2021    0.0  2021    0.0  2021    0.0  2021    0.0  2006    0.0  2009    0.0  2015     ---  1960     2.8  2017     0.0  2021     0.2  2009    22.6  2014