Areal values from HadUK-Grid 1km gridded climate data from land surface network
Source: Met Office National Climate Information Centre
Monthly, seasonal and annual total precipitation amount for England S
Areal series, starting in 1862
Last updated 01-Jan-2022 10:59
    jan  year    feb  year    mar  year    apr  year    may  year    jun  year    jul  year    aug  year    sep  year    oct  year    nov  year    dec  year     win  year     spr  year     sum  year     aut  year     ann  year
  167.8  2014  136.5  2020  152.7  1947  137.1  2012  123.0  1878  137.9  2012  142.4  1875  181.2  1912  152.7  1918  177.2  1903  185.7  1940  182.7  1914   413.6  2014   275.4  1979   369.2  1879   418.2  2000  1106.3  1872
  142.3  1939  132.8  1923  126.2  1981  134.8  2000  119.5  2007  130.2  1879  138.6  1888  142.3  1917  144.7  1866  175.7  1865  184.8  1929  175.1  1876   388.6  1915   269.5  1981   364.1  1912   407.5  1960  1047.8  1960
  142.3  1988  126.3  1990  112.9  1914  119.2  1998  119.3  1967  123.6  2007  134.3  1936  136.7  1879  144.0  1896  173.5  1960  163.5  1970  169.6  1934   369.2  1990   255.5  1947   327.7  2012   355.8  1875  1046.5  2012
  142.1  1995  125.9  2014  109.9  1979  103.2  1920  118.0  1932  119.9  1997  132.0  1880  135.7  1878  137.5  1974  170.5  1891  153.9  1951  163.1  1929   360.5  1877   253.3  1983   297.9  2007   354.3  1976  1038.1  2000
  139.5  1943  124.5  1950  109.2  2018  101.6  1983  114.7  1869  110.1  1998  121.1  2007  129.1  1891  136.2  1871  162.9  2000  153.7  1926  162.7  1911   344.0  1995   250.8  1862   285.2  1917   349.3  1935   992.4  1903
  136.2  1948  122.8  1916  107.8  1862   98.7  1882  112.0  1924  107.4  1982  118.3  1915  125.1  1881  135.4  1876  160.3  1882  152.9  2009  160.7  1915   327.7  1869   246.9  2000   284.2  1903   344.6  1882   977.7  1882
  130.7  1877  121.4  1977  106.6  1919   97.9  1966  108.3  2021  105.9  1958  115.3  2009  123.4  1946  132.4  1976  159.8  1987  150.9  2002  158.1  1868   322.3  1916   244.9  1951   276.8  1931   339.7  2019   972.5  1912
  130.2  1872  121.0  1937  106.5  1912   95.0  1935  108.2  1969  105.2  1980  114.9  1920  122.2  2004  129.9  1927  154.3  1949  147.9  2000  150.0  1959   321.5  2020   240.3  1932   276.6  1958   339.1  1974   959.3  2014
  125.7  1984  120.4  1900  104.9  2001   92.1  1871  105.7  1983  104.9  1971  111.9  2012  117.8  1865  127.4  1968  150.9  1880  146.7  1954  147.4  1978   318.5  1912   237.3  1937   272.6  1927   337.4  1885   951.3  1924
  122.3  1937  114.8  1915  101.9  1916   89.8  1961  105.1  1886  104.0  2019  108.5  1872  114.9  1992  124.4  1981  148.5  1875  139.5  1939  142.6  2012   317.2  1937   236.1  2018   272.4  1875   327.4  1880   948.2  1951
  120.7  1928  111.9  1951  100.5  1951   87.2  2001  104.9  1979  104.0  1912  107.2  1939  114.1  1951  122.4  1883  145.9  2020  139.1  1950  142.2  1965   317.0  1960   233.1  2001   271.2  1888   314.9  1872   947.6  2002
  119.6  1906  104.6  1966   95.7  1905   84.8  1931  101.1  1955   99.0  1985  105.9  1988  111.1  1941  117.2  1885  140.8  1932  138.3  1935  138.8  1989   314.5  1994   231.4  1913   264.5  1872   312.2  1929   939.2  1927
  114.2  2021  101.8  1883   95.5  1897   83.9  1907   97.2  2006   98.3  1863  105.4  1871  110.4  1956  115.5  1995  140.3  1967  138.2  1963  137.9  2020   313.8  2021   228.5  2008   259.4  1946   311.3  1903   930.5  1876
  113.4  2016  100.6  1974   94.7  1963   83.8  1913   95.1  1942   96.1  2016  104.9  1922  109.6  2010  114.4  1965  138.9  1907  136.5  1946  135.1  1910   298.8  1977   225.9  1878   257.6  1954   310.9  1940   929.7  1877
  113.1  1999  100.4  2007   94.1  1937   81.9  1877   90.2  2014   95.9  1991  104.9  1918  109.1  1999  112.6  1960  136.9  2013  134.4  1888  134.9  1979   297.0  1966   224.7  1903   256.0  1956   310.3  1944   927.7  1875
  112.6  1971   99.6  2002   93.0  1909   81.4  1989   89.8  1981   94.5  1987  102.3  1879  108.8  1931  112.0  1869  136.5  1976  129.3  1877  134.7  1993   293.3  1930   222.9  1867   252.8  1891   299.0  2002   916.7  1946
  111.1  1913   99.5  1904   91.5  1903   79.4  1993   88.3  2000   90.8  1882  101.9  1894  107.1  1977  111.4  1999  134.7  1998  128.6  1944  130.0  1999   288.3  1979   221.4  1889   252.0  1960   299.0  1998   913.2  2020
  109.9  1936   97.7  1925   91.4  2008   79.0  1922   87.7  1898   89.4  1905   99.9  1931  106.8  1986  110.5  1993  131.6  1909  127.6  1872  129.8  1872   286.2  2001   219.7  1924   251.6  1997   298.5  1883   908.7  1958
  109.2  1919   96.3  1866   89.8  1876   78.4  1876   86.2  1925   89.3  1927   97.9  1950  105.5  1903  107.7  1935  127.3  1923  127.0  1875  125.9  1919   279.5  1935   219.0  1886   251.3  1865   297.7  1984   899.1  1998
  107.0  1956   95.0  1879   88.8  1982   76.3  1924   85.6  2002   87.1  1872   97.6  1965  103.8  2020  107.7  1958  127.2  2019  126.3  1992  124.8  1886   279.0  1910   217.0  1998   248.2  1882   292.4  1949   898.0  1915
  105.6  1986   93.1  1910   88.5  1913   75.6  2018   83.4  1862   87.1  1935   96.9  1960  103.1  1877  107.4  2000  126.6  1928  121.6  1984  123.9  2000   278.6  1923   215.5  1969   246.8  1968   292.1  1954   895.7  1974
  105.5  1930   93.0  1995   88.0  1980   75.0  2004   82.8  1931   86.7  1909   96.7  1924  102.7  1868  105.1  1880  126.3  2004  121.4  1960  123.0  1901   278.1  1900   213.8  1967   245.1  1881   291.3  1982   892.9  2019
  105.5  1974   90.8  1958   87.7  1964   74.3  1932   80.8  1889   85.7  1903   95.3  1867  101.9  2014  104.2  1930  126.1  1885  120.2  1895  122.5  2002   277.4  1883   213.6  1877   243.4  1985   290.9  1939   889.8  1939
  104.1  1990   90.7  1957   86.4  1888   73.3  1879   79.7  2008   84.4  1936   95.1  1968  100.5  1960  104.0  1874  124.2  1872  119.7  1974  119.8  2013   276.5  1873   212.3  1963   240.0  1880   290.5  1924   889.3  1916
  103.8  2004   90.5  1893   86.1  1988   73.3  1963   79.3  1891   83.2  1968   93.5  1882   99.9  1927  103.7  1946  124.2  1906  118.9  1894  114.2  1896   276.3  2007   211.2  1920   239.1  1980   290.3  1876   888.0  1966
  103.8  1994   88.3  1881   84.2  1975   72.8  1926   78.5  1946   83.1  1954   93.0  1903   97.9  1948  101.2  1957  123.8  1939  116.5  1996  113.7  1985   274.8  1939   210.4  2012   237.4  1878   288.7  1891   887.6  2007
  103.4  1975   84.6  2001   83.3  1896   72.7  1951   78.3  1903   79.4  1875   92.8  1957   97.7  1897   99.4  1950  123.3  1966  115.5  1930  113.2  1909   274.0  1919   206.9  1986   236.5  1936   288.4  2012   885.4  1910
  103.2  2008   84.5  1997   82.6  1867   72.3  1889   75.3  1879   79.2  2020   92.4  1893   97.4  1952   99.3  1975  120.8  1924  114.9  2012  112.1  2019   270.0  1936   205.9  1869   234.5  1924   284.2  1992   885.3  1879
  103.2  1875   83.8  1927   81.9  1941   72.2  1908   75.1  1973   79.2  1999   92.2  1877   97.0  1954   97.8  2019  119.4  1982  114.8  2019  111.1  1900   268.3  1980   204.8  1964   234.3  1992   283.1  1930   885.2  1999
  102.6  1970   83.5  1885   79.7  2016   71.1  1937   75.0  1948   77.1  1964   90.6  2008   96.7  2015   97.5  1994  118.7  2001  112.0  2014  110.0  1869   266.8  1925   199.3  1994   233.2  1966   282.0  1967   884.6  2008
  101.6  1867   83.4  2000   77.9  1908   70.4  1986   73.3  1885   76.5  1946   90.4  1890   96.6  1997   96.7  1924  118.3  1870  109.3  1997  108.9  1994   266.7  2016   197.5  1908   232.9  1950   279.2  1993   883.3  1866
  100.9  1886   80.9  1876   75.8  1927   69.5  1959   72.1  1937   76.2  1871   89.6  1895   94.9  1974   95.6  1998  117.7  2021  108.9  1910  105.5  2017   265.9  1943   196.7  2006   232.1  2020   278.3  1946   881.5  1954
  100.4  1866   80.3  1880   74.2  1864   68.7  1867   72.0  1907   75.8  1880   87.6  2017   94.5  1950   95.4  1984  116.0  2002  105.5  1916  104.7  1986   261.9  2013   195.2  1872   231.8  1894   277.0  1987   878.7  1937
  100.1  1960   78.8  1897   73.7  1952   68.4  1899   71.8  1951   75.2  1977   87.1  1865   94.4  2008   89.1  1879  114.6  1886  105.5  1986  103.7  1972   261.2  1928   191.0  1916   230.6  1939   272.7  1874   874.1  1880
   99.5  1998   78.8  1933   73.7  1998   68.1  1878   71.7  1865   74.7  1883   85.6  1940   94.2  1905   86.5  1962  114.2  1892  105.4  1969  102.4  1891   261.0  1961   189.9  2016   229.6  2008   272.2  1894   870.4  1865
   98.8  1912   77.7  1935   72.9  1933   67.8  1970   71.6  1867   74.6  1902   84.4  1956   92.4  1916   86.3  1925  112.8  1916  105.2  1931  102.1  1912   258.0  1974   189.0  1952   227.9  1877   271.3  1927   867.9  1930
   98.4  1959   77.7  1919   72.4  1954   67.0  1999   71.4  1986   74.3  1955   84.1  1932   91.8  1958   86.2  1863  111.8  1917  104.8  1982  102.0  1945   255.7  1978   188.7  1897   227.9  1890   269.8  1932   867.3  1993
   97.8  1900   77.6  2010   71.3  1989   66.5  1939   70.8  1984   71.6  2011   83.4  1930   91.5  1966   83.6  1967  110.4  1929  104.6  1882  101.9  1924   255.6  1984   188.4  1919   226.6  2004   265.9  1952   867.0  1891
   97.7  1961   77.3  1914   71.2  1959   66.4  1918   70.6  1994   70.3  1900   83.4  1927   89.7  1985   83.4  1956  107.8  2012  103.3  1883  101.0  1948   253.4  1866   187.8  1942   225.7  1909   265.4  1918   864.4  1994
   97.4  1869   76.8  1941   70.8  1978   64.4  1901   70.5  1993   69.8  1866   82.8  1953   89.6  1902   83.1  1992  105.6  1889  101.0  1878  100.9  1882   252.9  1951   186.8  1876   225.2  1971   265.4  1981   862.3  1886
   97.4  1926   76.6  1967   69.7  2013   64.3  1992   70.5  1943   69.7  1966   82.6  1914   89.3  1962   82.5  1983  105.4  1980  100.8  1959  100.3  1960   251.9  1970   186.5  2014   224.7  1910   264.9  2006   862.2  1935
   97.3  1922   76.0  1994   68.7  1987   64.3  1930   69.4  1945   69.2  1917   81.6  1992   88.2  1963   82.1  2008  105.2  1862  100.5  1938  100.0  1922   251.2  1872   186.0  1975   224.6  1941   264.6  1865   855.8  1878
   96.9  1868   74.8  1922   68.4  2019   64.2  1991   69.1  1915   69.0  1945   81.3  1886   87.3  1971   82.1  1868  105.2  1944  100.1  1876   97.6  1981   250.8  1897   185.7  1931   223.4  1965   264.4  1950   853.7  1965
   96.8  1978   74.8  1980   68.4  1873   64.1  1953   68.1  1877   68.0  1931   80.4  1883   87.2  1922   80.2  1875  103.2  1935  100.1  1906   97.3  1897   250.6  1904   184.4  1972   222.8  1922   263.1  1896   849.2  1968
   95.6  1865   73.5  1978   68.3  1889   63.4  1872   67.3  1958   67.7  1928   80.0  1978   87.1  1910   80.1  1932  102.9  2006   98.4  2003   96.9  2018   244.0  1920   183.8  1882   221.0  1957   261.9  1916   849.0  1914
   95.6  1962   72.6  1954   68.2  1965   62.8  1964   66.0  2015   67.5  1910   79.0  1912   86.1  1908   79.7  1882  101.7  1993   97.6  1911   96.8  1907   242.8  1926   183.5  2007   220.8  2019   260.5  1926   848.3  1950
   93.5  1899   72.6  1970   68.1  1872   62.1  1919   65.3  1968   67.3  1926   78.9  1958   85.8  1866   79.1  2017  101.5  1913   95.6  2016   95.9  1956   241.8  1957   182.3  1907   215.8  1871   257.6  1951   841.1  1979
   93.4  1920   72.2  1869   67.5  1940   62.0  1934   65.3  1902   66.8  1948   78.3  1909   85.8  1873   79.0  1903   99.6  2005   95.4  2006   95.8  1880   241.8  1948   182.3  1914   215.7  2017   257.2  1968   841.0  1894
   93.1  1873   71.8  1946   67.4  1994   61.9  1968   64.8  1954   66.0  1963   77.5  1954   84.3  1930   78.1  1897   99.3  1898   94.1  1885   95.7  1938   241.8  2000   182.1  1966   214.1  1987   255.9  1866   840.0  1981
   91.1  1915   71.6  1872   66.9  1977   61.3  1994   64.8  2013   65.9  1973   77.4  1925   83.8  1892   77.0  1936   98.8  2014   94.0  1952   94.7  1961   240.7  1946   178.5  1930   213.2  1915   254.5  1906   838.6  2001
   90.8  1993   71.5  1972   66.4  1969   60.5  1979   64.0  1904   65.5  1897   76.7  1884   83.4  1900   76.6  1944   97.1  1894   92.6  1914   93.6  2006   240.5  1913   177.3  1909   212.7  2009   253.5  1970   836.9  1986
   90.4  1938   71.1  1940   65.8  1972   59.8  1923   63.7  1872   65.4  1888   76.6  2002   81.6  1957   76.4  1952   96.5  1981   91.6  2018   92.8  1966   238.8  1999   175.7  2002   212.2  1866   253.3  2013   834.0  1982
   89.3  1972   71.0  1865   65.1  1986   59.7  1987   63.7  1952   65.3  1890   75.6  1904   79.7  1924   75.0  1951   95.6  1961   91.4  1965   92.7  1935   237.5  1899   174.7  1941   211.6  1920   251.4  1994   830.1  1992
   88.5  1904   70.3  1989   64.8  1928   59.7  1862   62.6  1930   64.9  1881   74.7  1889   77.9  2012   73.5  1899   95.6  1952   90.3  1905   92.0  1958   236.4  2010   174.3  1988   211.2  1974   250.8  1923   826.3  1967
   87.7  1863   68.3  1899   63.7  2006   59.4  1897   62.2  1910   64.6  1906   74.3  2001   76.6  1938   71.7  1973   94.1  1863   90.1  1881   91.8  2009   235.8  1988   174.0  1993   210.1  1873   250.6  1863   824.2  1936
   87.4  1895   68.3  1996   63.6  1877   59.3  1950   62.2  2017   64.0  1878   74.2  1993   75.7  1876   71.0  1887   93.8  1874   87.7  1936   91.0  1942   235.5  2003   172.7  1987   209.3  1905   248.7  1886   821.8  1928
   87.3  1977   67.5  1936   62.1  1920   58.8  1925   61.8  1949   64.0  1993   74.0  2021   75.2  1996   71.0  1892   90.3  1940   87.5  1949   90.0  1976   235.0  1958   172.1  1905   208.4  1982   246.0  1892   809.8  1883
   86.5  1942   67.0  1960   62.0  1886   58.2  1910   61.7  1972   63.9  1862   73.7  1917   74.5  1942   69.5  1909   90.3  1910   86.8  1928   89.8  2011   233.1  1986   171.9  1879   208.0  1988   244.7  1877   809.6  1925
   86.0  2015   66.9  1906   61.4  1922   58.2  1885   61.6  1997   63.5  1974   73.5  1969   74.5  1895   68.6  1954   89.9  1878   86.8  2015   89.7  2015   229.3  2018   171.0  1992   207.8  1892   244.6  2008   808.0  1923
   84.9  1991   64.5  1979   61.3  1934   57.9  1975   60.3  1985   62.5  1965   73.1  2015   74.3  1979   68.1  1961   89.4  1925   86.1  2008   89.6  1995   228.8  1879   170.1  1985   207.1  1999   244.4  1963   807.8  1919
   84.9  1969   64.1  1931   61.1  1917   57.4  2008   59.2  1966   62.5  1907   72.8  1891   74.2  1889   67.7  1953   89.3  1994   85.4  1976   88.8  1881   228.4  2004   168.9  1965   206.9  1902   243.9  2020   805.5  2009
   83.7  1941   63.7  2016   61.0  1992   57.4  1947   59.1  1926   61.6  1892   72.3  1941   73.6  2006   67.6  1862   88.7  1895   85.1  1927   88.5  1997   226.0  1967   168.7  1989   206.3  1953   243.7  1938   803.7  1869
   83.6  1924   63.1  1961   60.8  1991   57.1  1973   59.0  1913   61.4  2017   72.0  1966   72.8  1925   67.2  1982   88.2  1896   83.8  1865   87.1  1918   224.9  1875   168.4  1955   202.6  1963   243.3  1878   801.7  2004
   83.1  1890   62.5  1926   60.5  1881   57.0  1905   58.2  1906   61.3  1956   71.6  1991   72.2  1890   66.5  2006   88.1  1938   82.3  1887   86.8  1916   223.3  1885   167.6  1885   202.2  1948   241.9  1928   800.7  1931
   82.4  1951   61.8  2021   60.1  1901   56.9  1972   56.5  1894   60.2  1911   70.2  1910   72.1  1970   65.6  2012   87.8  1945   81.2  1972   86.7  1937   222.7  1867   167.5  2004   202.1  2015   240.9  1913   800.6  1881
   82.3  2007   59.4  1969   59.5  1971   56.2  2005   56.2  1916   59.8  1896   69.4  1973   71.6  2001   64.3  1923   86.2  1912   81.2  1864   85.6  1998   222.7  1881   167.2  1925   201.2  1977   240.3  1925   798.4  1948
   82.2  2018   59.3  2009   57.8  2007   55.7  2014   56.1  2016   59.4  2021   68.3  1908   71.2  1939   64.3  2001   85.8  1942   81.0  1913   85.6  1982   221.7  1922   167.1  1888   195.1  2014   239.9  2009   796.7  1977
   82.2  1965   57.9  2011   57.5  1942   54.9  1903   55.6  1941   59.4  1953   67.8  2003   71.1  1894   64.1  1922   84.1  1867   81.0  1886   85.4  1977   221.2  1969   166.9  1922   194.0  1900   239.3  1958   796.3  1922
   81.8  1918   57.3  1945   57.5  1984   54.9  1962   55.2  1938   58.7  1894   66.8  1873   70.1  1969   64.0  1943   82.9  1893   80.9  1971   85.2  1955   220.0  1996   165.0  1959   193.7  1930   236.1  1869   795.6  1918
   80.5  1955   57.1  1912   57.5  1957   54.4  1940   54.8  1917   58.5  1920   66.4  1980   69.7  1919   63.3  1864   81.9  1974   79.4  1890   84.8  2003   217.7  1941   164.8  2013   192.7  1986   234.8  2001   794.7  1900
   79.9  2009   56.2  1928   57.2  1866   54.1  2016   54.4  1962   58.5  1990   63.9  1938   68.9  1872   63.1  1872   80.7  1984   78.7  1899   84.2  1927   215.5  1865   164.7  1999   191.5  1945   231.0  1871   792.1  1885
   79.6  1958   55.6  1955   56.9  1911   53.6  1981   54.3  1964   58.4  1972   63.0  1987   68.5  1968   62.1  2010   80.4  1911   77.8  1977   83.1  1923   214.2  1911   164.6  1978   190.8  1897   230.3  1999   790.7  1980
   79.4  2002   54.8  1874   56.6  1895   53.5  1985   54.2  2003   58.2  1924   62.8  1945   67.5  1980   61.6  1873   80.0  1990   75.4  1891   82.9  1925   211.5  1906   163.8  1898   189.7  1895   229.9  1995   790.3  1984
   79.4  2011   54.7  1877   56.5  1995   53.3  1894   54.1  1953   57.7  2003   62.7  1919   67.2  1888   61.3  1920   79.8  1986   74.9  1874   82.3  1930   211.1  1962   162.5  1917   189.4  1863   229.0  1895   788.4  1909
   79.2  2003   54.3  1894   56.3  1985   53.0  1868   54.0  1890   57.5  1873   62.4  1892   67.1  1874   61.1  1991   79.0  1915   74.9  1900   82.0  1946   208.8  1887   162.0  1891   188.2  1991   226.3  1907   787.9  1867
   78.5  2013   53.9  1889   55.9  1884   52.1  1880   53.6  1875   56.9  1916   62.3  1862   67.1  1904   60.2  1933   78.1  1989   74.8  1898   81.8  1983   208.7  2002   160.8  1940   188.0  1916   226.1  1909   787.5  1970
   77.7  1983   53.5  1873   55.5  2017   51.9  1886   52.4  1929   56.8  1947   61.9  1944   66.9  1944   59.6  1931   77.7  1937   73.0  1924   81.7  2021   208.2  2008   160.1  1968   187.5  1862   225.6  1980   786.8  2021
   77.7  2001   53.2  2015   54.4  1970   51.5  1952   51.9  1873   55.5  1978   61.4  2004   66.7  2017   59.5  1937   77.1  1988   72.3  1941   80.1  1884   208.1  1870   159.2  1912   187.0  2011   225.1  1966   785.5  1868
   77.1  1884   52.7  1867   53.3  1936   50.4  1936   51.7  1950   54.7  1960   60.7  1901   66.5  1863   59.1  1970   77.0  1933   72.2  1995   80.1  1928   207.8  1956   158.4  1946   186.4  1867   225.0  1965   779.9  1932
   76.7  1879   51.8  1988   52.7  1869   50.2  1895   51.6  1899   53.5  1944   60.1  2005   66.2  1934   59.0  1884   76.7  1954   71.4  1880   79.0  1874   204.8  1955   158.2  1923   186.2  1998   224.2  2014   779.6  2013
   76.3  1979   51.8  2017   52.3  1868   49.8  1866   51.6  1988   52.9  2005   59.5  1946   65.7  1982   59.0  2016   76.5  1868   71.3  2010   76.8  1968   204.2  1931   155.2  2021   186.2  1908   221.7  1911   779.4  1952
   76.1  1927   51.7  1882   52.0  1999   49.3  1965   51.4  1965   52.7  1933   59.3  1923   64.8  2011   58.5  1948   76.3  2008   71.3  1991   76.8  1920   201.1  1894   154.4  1864   185.8  1883   221.3  1899   776.2  1940
   74.7  1883   51.4  1884   51.6  1930   49.1  1978   51.2  2018   52.2  1939   59.1  1942   64.7  2019   58.4  1913   74.7  1992   71.0  1987   76.7  1969   200.9  1991   154.1  1871   185.6  2010   220.8  1881   775.0  1920
   74.3  1921   50.1  1870   51.5  2010   49.0  1949   51.2  1923   52.0  2009   57.9  2000   64.1  1953   57.9  1980   73.9  1873   70.3  1863   76.5  1870   200.5  1938   153.2  1933   185.0  1951   219.3  2005   774.6  1987
   73.2  1903   49.2  2006   49.9  1891   48.7  1909   48.6  1933   51.4  1914   57.5  1947   63.9  1882   57.7  1881   73.6  1926   69.9  1915   75.6  1898   199.8  1998   153.2  1901   185.0  1914   216.8  1870   771.2  1862
   72.8  2020   48.6  1987   49.6  1967   48.7  1927   48.2  1883   51.1  1884   57.5  1970   63.7  1923   57.1  1867   73.6  1958   69.1  1902   75.5  1893   198.9  2015   153.1  1977   182.9  1969   215.7  1961   767.2  1929
   72.6  1910   48.2  1892   47.9  1932   47.8  1888   48.0  1977   50.8  1891   57.2  1907   63.5  1988   57.0  1963   73.2  1968   68.7  1998   74.5  2007   197.8  1950   152.3  1982   182.7  1978   215.6  1910   766.0  2006
   71.3  1894   48.1  1984   47.6  2005   47.5  1946   47.9  1912   50.5  1885   56.9  1937   63.5  2018   56.3  1894   73.0  1881   68.3  1907   74.1  1952   196.3  1972   151.2  1927   182.3  1944   214.2  1887   764.1  1888
   68.1  1952   47.6  1871   47.5  1960   47.2  1944   47.4  1908   47.3  1943   56.6  1866   63.3  1994   55.2  1934   72.8  1883   67.0  2007   73.9  1936   196.0  1983   150.9  1934   180.4  1928   213.8  1957   761.9  1988
   67.6  2017   45.6  2019   47.3  2020   46.6  1917   47.4  1918   47.2  1901   55.4  1962   63.2  1965   55.1  1877   72.5  1953   67.0  1993   72.7  1895   195.8  1868   150.2  1902   179.6  1973   213.3  1986   761.4  1969
   67.3  1932   45.3  1911   47.2  1923   46.4  1971   46.9  1882   46.6  1957   55.3  1959   63.1  1915   55.0  2015   72.4  1959   66.6  1975   71.9  1990   195.7  1959   150.1  1973   178.8  2001   212.1  2004   760.8  1897
   67.2  1925   44.0  1991   46.4  1890   46.1  1890   46.9  1887   46.4  2014   55.1  1881   62.2  1928   55.0  1938   72.0  1948   66.5  1873   71.9  1984   194.0  1982   150.1  1866   177.7  1889   211.3  1936   756.2  1871
   66.9  2010   43.6  1878   46.4  2004   46.0  1948   46.5  2012   46.4  1865   54.8  1985   61.3  1862   54.5  1945   71.3  1955   66.5  1966   70.9  1964   189.2  1947   150.0  1962   177.5  1918   211.0  1868   755.9  1906
   66.9  1946   42.9  1947   46.2  1870   44.9  1967   46.4  1996   45.8  2002   54.0  1926   60.7  1909   54.4  2005   71.3  1943   66.3  1962   70.9  1947   189.0  1902   149.0  1935   176.3  1993   207.4  1996   752.0  2018
   65.9  1968   42.9  1868   45.9  1983   44.6  1874   46.1  2004   45.7  1876   52.8  1974   60.6  1921   54.4  1908   70.2  1900   66.1  2013   68.7  1954   189.0  1882   148.7  1971   176.3  2021   202.3  2010   750.9  1926
   65.5  1940   42.7  1875   45.8  1902   44.3  2002   46.0  1864   45.6  1898   52.0  2019   59.7  1945   54.3  2021   69.6  1999   65.8  1869   68.4  1866   188.5  1901   148.5  1894   175.7  1907   202.0  1873   750.3  1913
   65.4  1887   42.3  1968   45.8  2002   43.5  1898   46.0  1920   44.5  1989   50.8  1929   58.8  1961   53.2  1886   69.1  1899   65.3  2005   67.9  1908   188.0  1924   148.4  1948   171.6  1884   201.2  1862   750.0  1917
   65.1  1985   42.2  1953   45.4  1955   41.5  1884   45.7  1999   44.5  2008   50.5  2011   58.0  1898   52.4  1889   69.0  2010   64.5  1925   67.7  1967   187.4  2009   147.6  1970   171.5  2002   200.9  1888   749.9  2015
   64.2  1947   41.6  2018   42.8  1939   40.8  1969   45.6  1992   43.0  2004   50.4  1928   57.7  1896   52.4  1878   67.1  1997   64.5  1994   67.1  1992   186.7  1893   147.6  1954   171.4  1938   199.2  1917   749.9  1957
   63.5  1874   41.3  1981   42.7  1904   40.4  2009   45.4  1947   42.0  1952   50.2  1933   56.5  1987   51.0  1942   66.0  1996   62.5  1918   66.3  1951   186.5  1940   146.6  1890   167.9  1926   197.7  2021   749.6  1907
   62.9  1934   41.2  1982   42.5  1887   40.2  1928   44.7  1978   41.2  1941   49.7  1961   56.1  1907   50.5  1949   64.2  1871   62.4  1980   65.0  1904   185.6  1892   146.3  1926   167.5  1970   197.3  2015   747.8  1941
   62.1  1996   40.7  2013   42.1  1906   39.0  1902   44.3  1963   40.5  1929   49.5  1986   56.1  1935   50.4  1904   63.9  1971   61.5  1893   64.6  1957   184.5  1975   146.1  1949   167.5  1904   196.4  1997   746.8  2016
   61.2  1862   40.2  1864   41.5  1996   38.7  1911   44.3  1987   40.5  1950   49.1  1975   55.4  1943   50.4  2013   63.8  1979   60.9  1892   62.9  1894   182.3  1871   144.8  1918   166.9  2016   195.0  1898   744.6  1985
   59.7  1885   40.1  1999   40.7  1962   38.5  1996   43.8  1975   39.3  1969   49.0  2020   54.5  2000   48.5  1917   63.4  1930   60.8  1985   62.7  1962   180.0  1971   144.6  1873   166.5  1893   194.9  2018   741.8  2017
   59.4  1944   39.9  2004   40.7  1865   38.5  1869   43.3  2009   39.3  1874   48.4  1963   54.2  1867   47.6  1905   63.1  2009   60.7  1979   62.7  2005   178.7  2019   144.2  1910   164.1  2005   193.0  1889   739.1  1978
   59.1  1891   39.5  1908   40.7  2014   38.1  1977   43.0  1866   38.7  1899   47.8  1981   53.9  1870   47.0  1901   62.5  1914   59.7  1957   62.5  1903   176.3  1927   144.0  2005   162.7  1932   192.3  1975   737.4  1963
   58.6  1980   39.0  1918   40.5  1921   38.0  1875   42.8  1971   38.7  1981   46.8  2014   53.6  1967   46.2  1987   60.9  1887   59.2  1923   62.5  1906   175.9  1968   143.2  1899   161.6  1952   192.1  1915   736.5  1997
   58.3  1871   38.1  1898   38.7  1894   37.6  2003   42.5  1900   38.7  1988   46.1  1943   53.1  2007   45.8  1912   60.3  1920   59.2  1866   61.1  1888   173.8  1987   142.7  1950   161.3  1935   191.8  1914   736.1  1972
   58.1  1945   36.8  1939   38.6  1958   37.5  1990   42.3  1982   38.0  1970   45.8  1972   51.1  2005   45.7  1988   60.2  1877   59.2  1912   59.9  1899   172.6  1973   142.4  1928   160.6  1919   191.2  1912   733.7  1961
   57.8  1931   36.8  1907   38.2  2009   37.2  1941   41.0  2001   37.8  1992   44.0  1949   51.0  1914   44.5  1955   59.8  1902   58.1  1919   59.7  2014   172.4  1945   139.3  1939   158.0  1901   188.5  1943   731.1  1995
   57.8  1897   36.5  1903   38.2  1882   37.1  2020   40.6  1921   36.9  1867   42.9  2006   50.5  1875   44.5  2018   59.6  1983   58.1  1958   58.7  1950   171.1  1908   139.1  1953   154.9  1896   188.4  1983   725.1  1959
   56.5  1967   36.2  2005   37.8  1871   36.8  1883   40.4  1957   36.5  1984   42.8  2013   50.2  2013   44.4  1989   58.8  2018   58.0  1967   58.0  1877   170.5  2011   138.9  1904   154.4  1876   187.8  1864   722.0  1889
   55.4  1893   35.6  1901   36.9  1880   36.6  1988   40.2  2005   36.4  1864   42.7  1967   50.2  1929   43.8  1911   58.3  1869   58.0  1955   57.2  1940   170.1  1993   138.4  2019   154.3  1925   187.6  1991   721.6  1873
   55.2  1982   35.4  1943   36.8  2021   35.8  2006   39.2  1995   36.3  1986   42.6  1902   50.1  1901   43.6  1916   56.6  1901   57.6  1921   57.1  1878   168.9  1985   137.9  1868   153.4  1962   186.9  1905   718.0  1983
   55.1  1957   35.3  1902   36.5  1976   35.3  1960   38.9  1940   36.0  1937   42.5  1998   49.1  2002   43.4  1919   56.3  1927   57.5  1990   57.0  1944   167.2  2012   137.3  1991   150.0  1886   186.8  1893   717.4  1944
   54.4  2012   35.3  1888   36.4  1974   35.1  1942   38.2  1960   35.5  1934   42.0  2010   48.8  1984   43.2  2004   55.5  2015   57.2  2020   56.7  1865   165.2  1965   136.4  1980   148.8  1943   186.7  2016   715.3  1942
   53.1  1933   34.7  1948   36.1  1885   35.0  1956   37.9  1976   35.4  1979   40.7  1951   48.4  1887   43.1  1915   55.2  1991   56.6  1968   56.1  1980   164.8  1933   136.0  1984   148.2  1964   185.8  1962   715.0  1989
   50.3  1966   34.2  1976   35.5  2015   34.5  1887   37.9  1914   34.0  2010   40.4  1900   47.2  1978   42.8  1891   54.8  1876   56.3  1870   55.9  1867   163.9  1863   133.7  2017   147.0  1942   185.7  1953   710.2  1971
   48.4  1878   33.9  2003   35.4  1949   34.2  1864   37.3  1928   33.3  1967   38.8  1916   47.0  2016   42.4  1893   53.6  2003   55.1  1903   55.2  1862   163.7  1949   131.2  1865   141.5  1929   185.0  1937   707.9  1874
   48.4  1882   32.7  1983   34.8  1878   33.8  2019   36.9  1863   32.9  2001   38.1  1989   46.6  1918   42.2  1870   53.2  1964   54.3  2017   53.8  1974   161.4  1876   130.3  1958   140.9  1874   184.7  1931   707.4  1956
   48.0  1870   32.4  1973   32.9  1968   33.0  1900   36.7  1892   32.5  1877   37.7  1878   46.6  1926   42.1  2011   52.9  1957   54.2  1934   53.1  1887   161.1  1884   130.1  1911   140.2  2003   183.5  1942   706.6  1895
   45.8  1923   31.9  1985   32.6  1898   32.9  1916   36.6  1974   32.4  1932   37.5  1948   46.4  1885   41.9  1990   52.1  1866   53.2  1943   51.9  1973   160.4  1903   127.0  1945   139.3  1979   179.4  1990   703.1  1911
   44.0  1917   31.5  1992   32.3  1946   32.8  1891   36.3  2019   32.3  2015   37.5  1896   46.1  1932   40.8  1902   52.1  1941   52.4  1868   51.9  2004   160.1  1921   126.3  1996   138.9  2006   177.1  1959   697.1  1863
   43.5  1981   31.5  1949   32.0  1863   32.2  1904   36.0  1893   31.9  1915   36.9  1899   45.5  1893   40.7  2020   52.1  1934   51.9  1961   50.8  1902   157.9  1898   126.0  1915   138.7  1961   175.8  1948   695.2  1945
   43.2  1876   30.5  1964   31.6  1950   31.7  1933   35.6  1909   31.8  1908   36.0  1934   45.4  2009   40.0  1972   50.2  1918   51.8  2001   49.9  1939   157.8  1917   125.2  1936   138.6  1868   173.9  1989   694.9  1899
   43.0  1954   30.5  2008   31.4  1924   31.5  1914   34.5  1911   31.1  1959   36.0  1964   44.2  1973   37.0  1947   49.2  1963   51.4  1989   49.7  1863   156.3  1895   124.9  1906   137.8  1934   173.9  1955   694.5  1938
   42.2  2005   29.7  1963   31.3  1883   30.3  2013   34.4  1935   31.0  1869   35.7  1870   43.8  1884   36.7  1914   48.9  1905   50.6  1964   49.6  1921   155.7  1890   123.9  1887   137.3  1923   171.8  2003   692.1  1904
   41.9  1992   29.0  1944   30.9  1918   30.1  1945   33.8  2011   30.9  1938   35.3  1994   43.5  1886   35.4  1966   47.5  1956   49.3  1947   49.4  1871   155.1  1952   123.8  1961   137.3  2000   170.3  1933   691.1  1934
   41.8  1901   27.3  1913   28.6  1900   29.9  1863   33.8  1897   30.7  1922   35.3  1982   42.9  1959   34.9  2007   47.1  2007   49.3  1999   49.2  1889   154.2  1942   123.7  1884   134.0  1972   169.7  1902   686.0  1896
   40.6  1929   27.3  1975   27.8  1915   29.9  1892   32.9  1888   30.2  1951   35.1  1997   42.8  2021   34.8  1940   47.0  1908   49.0  1932   48.9  1864   153.0  1886   121.9  2009   132.3  1996   168.4  1867   684.5  1955
   38.9  1916   27.0  1917   27.5  1945   29.1  1915   32.7  1881   30.1  1961   34.8  1996   42.8  1989   34.4  1921   46.7  2011   47.7  1937   48.3  2008   152.9  1918   121.8  1895   129.6  1967   167.5  2017   678.2  1943
   38.6  1881   25.4  1929   27.4  1948   29.0  1921   32.5  1868   29.4  2013   34.7  1913   41.2  1949   33.2  1926   46.5  1936   46.7  1942   48.1  1941   150.1  1878   121.7  2015   129.4  1959   167.2  1900   673.3  2010
   37.7  1989   24.7  1920   27.3  2003   27.2  1929   32.3  2010   28.8  1889   34.5  1874   40.5  1975   32.1  2002   46.0  1977   46.3  1983   48.1  1949   149.0  1914   120.9  1960   128.6  1933   164.5  1971   672.3  1976
   37.3  1864   24.7  1930   26.8  2012   26.9  1943   30.9  1870   28.8  1983   34.1  1983   39.2  1906   31.6  1888   44.6  1919   45.5  1953   47.8  1943   146.1  1929   119.2  2003   127.9  1947   161.4  1934   670.5  1990
   36.5  1973   24.6  1905   26.4  1907   25.8  1881   30.0  1939   28.6  1893   33.0  1971   38.7  1911   30.8  1978   44.0  1973   45.4  2011   43.7  1970   145.6  2017   119.1  1995   127.6  1906   159.4  1945   670.2  1892
   36.3  2019   23.7  1971   25.7  1892   24.6  1906   28.6  1901   28.1  1919   33.0  1876   38.2  1920   30.2  1906   43.3  1864   45.3  1948   41.8  1987   141.8  1889   119.0  1881   126.5  1937   159.0  1988   669.2  1991
   35.0  1892   23.4  1938   25.0  1966   24.4  1958   27.9  1961   26.5  1994   31.5  1995   38.2  1993   29.2  1890   42.1  1995   45.2  1884   41.7  1913   141.7  1953   118.3  1943   125.8  1898   157.9  1973   668.5  2005
   34.8  1908   23.4  1890   24.8  1874   24.3  1873   27.7  1880   26.3  1913   30.0  2018   37.0  1990   28.5  1928   39.7  1890   44.6  1904   40.8  1892   141.0  1981   116.7  1880   125.5  1989   157.2  1920   668.3  1962
   33.8  1911   23.0  2012   24.7  1875   23.9  2010   27.7  1980   26.0  1918   29.5  1979   36.9  1913   28.1  1986   38.9  1884   44.5  1981   37.4  1875   140.1  1954   116.3  1883   125.1  1994   156.6  1956   663.6  1947
   33.2  1976   21.3  1924   24.6  1956   23.3  1995   27.7  1934   25.9  1930   28.8  1887   36.0  1981   27.6  1939   38.0  1946   42.6  2004   37.0  1996   136.5  1874   116.2  1875   122.5  1981   153.2  1972   661.4  1890
   32.2  1935   21.1  1863   24.1  1993   22.0  1955   27.6  1874   25.7  1895   27.6  1897   35.2  1964   27.0  1969   37.7  1904   42.2  1973   36.7  1975   136.3  1997   113.0  1896   122.4  2013   150.6  1979   661.1  1908
   31.6  1907   20.7  1952   23.9  2000   21.6  1896   26.7  1927   25.1  1886   26.7  1976   34.2  1871   26.1  1979   36.3  1985   41.5  1922   35.5  1971   136.2  1944   110.2  1921   122.0  1990   149.1  2007   650.8  1949
   31.2  1949   20.7  1962   23.8  1910   21.2  1982   26.5  1922   25.0  2000   26.6  1990   33.7  1869   24.9  1996   36.2  1921   40.0  1897   33.2  1885   134.6  2006   107.7  2010   120.9  1955   148.3  1977   650.4  1975
   31.0  1909   19.5  1942   23.3  1879   20.8  1980   26.3  1884   24.8  1904   25.7  1984   33.6  1998   24.5  1977   34.9  1888   39.0  1917   33.1  2010   134.5  1989   104.7  1957   111.0  1984   148.3  1890   647.0  1884
   30.7  1902   18.9  1886   23.2  1899   20.3  2015   25.5  1970   22.8  1887   25.7  1905   33.5  1937   24.0  2009   34.1  2017   36.1  1988   32.9  1932   130.8  1907   104.1  1900   110.8  1940   147.4  1897   646.2  1905
   30.0  1914   18.6  1887   22.2  1925   19.7  1997   24.4  1959   22.4  2006   24.5  1863   33.0  1899   23.7  1964   33.0  1962   35.6  1920   32.6  1883   130.2  2005   100.6  1997   110.6  1885   146.1  1919   643.8  1901
   28.5  1888   15.6  1956   20.9  1953   18.8  1865   24.2  1871   22.3  1996   23.8  1906   32.1  1880   23.4  1985   32.1  2016   35.0  1889   32.2  1890   127.2  1864    98.7  1863   109.6  1911   144.8  1879   643.5  1902
   28.3  1905   15.2  1862   20.9  1943   16.0  2017   24.1  1998   18.9  1870   23.8  2016   31.8  1976   22.1  1900   32.0  1972   34.9  1978   32.1  1917   121.9  1880    97.0  1874   108.7  1899   143.1  1884   633.3  1996
   28.3  2000   15.0  1909   19.5  1935   15.2  1870   24.0  1944   18.9  1940   23.2  1955   30.8  1883   21.0  1898   31.2  1879   33.9  1908   31.6  1931   117.9  1905    92.3  1870   108.6  1870   142.1  1969   628.9  2003
   26.8  1889   14.7  1896   19.3  1997   12.5  1974   21.5  1936   17.7  1995   22.2  1898   29.8  1972   20.1  1895   30.9  1970   33.1  1933   29.7  2001   116.9  1888    92.3  1892   104.8  1975   139.9  1941   625.5  1893
   26.1  1896   13.8  1986   18.1  1931   11.9  1976   19.7  1919   16.3  1949   22.2  1952   25.7  1864   20.0  1997   29.3  1897   30.9  1896   27.7  1879   116.4  1963    90.0  2020   101.5  1949   135.3  1908   623.2  1953
   25.4  1953   12.2  1993   18.0  1973   10.4  1954   19.4  1905   15.8  1976   20.3  1868   25.6  1933   19.7  1971   28.8  1951   30.6  1871   27.2  1991   113.9  1909    86.3  1976   100.3  2018   134.3  1922   620.9  1898
   25.2  1950   12.1  1965   15.0  1990   10.2  2021   18.6  1876   15.7  1868   18.9  1977   23.4  1955   19.7  2003   28.7  1922   28.6  1901   26.6  1988   113.5  1896    85.5  1974   100.0  1887   134.2  2011   608.3  1973
   24.0  1963   11.8  1998   14.4  1926    7.6  1984   16.6  1956   15.3  1975   18.8  1999   21.2  1983   19.0  1907   26.4  1975   28.5  1862   26.2  2016   105.8  1932    84.5  1929    97.9  1913   132.7  1904   604.5  1933
   22.7  2006    9.0  1921   13.9  2011    6.8  1957   16.1  1989   14.3  1923   18.2  1935   20.6  1991   16.9  1929   25.9  1950   27.2  1867   25.1  1905   104.0  1976    79.3  1944    84.6  1921   132.2  1901   602.6  2011
   22.5  1898    8.5  1934    9.6  1893    6.5  2011   15.1  1895   13.4  1942   17.7  1864   17.8  1936   16.4  1910   19.9  1931   25.8  1956   24.5  1953   100.7  1992    76.2  1956    84.1  1983   128.2  1921   602.5  1964
   20.6  1964    7.0  1932    9.3  1938    6.1  2007   14.2  1990    9.4  1921   17.3  1869   14.8  2003   15.6  1941   19.1  1965   25.7  2021   24.4  1963    93.3  1891    69.9  1938    82.0  1869   127.5  1964   592.3  1870
   20.6  1987    6.0  1895    8.1  1944    5.4  1938   12.3  1991    8.7  1962   14.5  1921   13.5  1947   13.4  2014   15.9  1947   25.1  1909   20.5  1933    91.8  1934    66.8  1990    79.8  1864   120.5  1985   575.1  1887
   14.8  1997    5.2  1959    6.2  1961    5.2  1893    8.0  1896    6.8  2018   13.8  1885    8.2  1995    5.1  1865    9.6  1969   24.5  1879   18.2  1873    75.5  1964    54.2  2011    74.3  1976   102.2  1947   548.3  1864
   14.0  1880    2.0  1891    4.9  1929    4.8  1912    5.5  2020    4.1  1925   10.7  1911    6.3  1940    3.9  1959    8.5  1978   17.1  1945   16.3  1926     ---  1862    50.8  1893    57.4  1995    74.2  1978   455.7  1921