Areal values from HadUK-Grid 1km gridded climate data from land surface network
Source: Met Office National Climate Information Centre
Monthly, seasonal and annual total duration of bright sunshine for England
Areal series, starting in 1919
Last updated 01-Jan-2022 10:59
    jan  year    feb  year    mar  year    apr  year    may  year    jun  year    jul  year    aug  year    sep  year    oct  year    nov  year    dec  year     win  year     spr  year     sum  year     aut  year     ann  year
   77.5  1959  120.1  2019  171.7  1929  236.7  2020  299.4  2020  284.9  1957  288.3  2006  269.4  1995  191.7  1959  137.7  1959   93.5  2006   75.4  2001   225.5  2000   692.6  2020   758.8  1976   381.9  1959  1746.7  2003
   75.0  2001  118.1  2008  167.5  2012  229.8  2021  269.7  1989  277.4  1940  270.6  2013  268.0  1947  179.8  1929  133.7  1921   92.7  2005   72.5  2014   224.7  2015   594.4  1948   731.6  1989   380.2  1971  1726.2  1995
   73.7  1952  109.2  1988  165.4  2003  220.6  2015  254.1  2018  268.9  1975  269.3  2018  250.8  1976  179.7  1964  133.6  2003   86.7  1988   67.9  2008   220.8  2019   591.6  1990   696.5  1995   374.0  2003  1719.0  1989
   71.0  2003  108.4  1949  163.5  1933  218.6  1984  249.7  1992  259.2  1925  261.9  1989  235.3  1989  176.1  1928  130.4  2018   85.3  1996   66.6  1962   216.3  2008   557.6  2011   696.5  1975   357.5  1921  1696.2  1959
   69.8  2012  101.6  2018  160.8  1995  218.2  2011  245.4  1990  256.6  1960  261.3  1990  222.9  1975  173.7  1991  130.1  1997   84.8  1973   62.9  2009   215.3  1949   549.7  1929   680.8  2018   353.1  1999  1692.5  1949
   69.4  2000   98.8  1970  158.3  2009  215.9  2007  244.2  1948  250.5  1969  260.9  1955  221.2  1933  171.8  2003  129.7  1919   84.7  1971   60.4  1999   212.4  2018   549.1  2009   679.9  1959   352.6  2018  1691.8  2018
   69.3  2015   96.5  2003  157.3  1948  209.7  1942  240.3  1922  249.3  1976  258.7  1976  217.1  1990  168.8  2015  129.4  1971   84.3  1989   59.2  2005   209.1  2001   548.7  2003   671.1  1949   351.6  1986  1675.4  2020
   67.8  1984   95.7  2000  156.5  2020  207.6  1990  237.6  1956  245.5  1949  255.9  1934  215.2  1983  168.1  1933  125.1  1999   84.2  1977   58.9  1946   205.7  1952   545.7  1995   667.3  2006   349.7  1964  1672.5  1990
   67.6  1991   93.4  2016  155.2  2007  200.3  2010  235.7  1997  243.5  1970  252.8  1935  212.2  1991  166.9  1986  125.0  2008   83.3  2017   57.6  2019   203.1  1963   539.0  1921   665.6  1933   348.6  1929  1648.6  1921
   66.0  1965   91.8  1989  155.1  1967  198.4  1921  235.3  1943  242.1  2018  245.8  1928  211.4  2003  166.1  1971  122.2  1995   82.7  1925   57.2  1967   200.9  2003   537.9  1982   656.9  1996   345.2  2006  1627.1  1929
   64.7  1994   91.7  1998  149.8  1955  192.9  1948  229.7  2001  241.6  1996  245.0  2014  209.9  2016  165.5  2020  119.1  1955   81.8  1923   56.8  1929   196.6  2014   535.2  2007   639.9  2013   339.5  1928  1615.5  2019
   62.7  1963   91.1  1934  147.2  1924  192.7  2002  227.4  1919  241.3  1950  241.7  1959  209.8  2005  164.3  2019  118.8  1931   81.1  2016   56.1  1961   195.4  1989   532.7  1956   638.0  1984   336.4  1997  1608.8  1933
   62.3  1989   87.2  2014  145.2  1982  191.5  2003  227.4  1921  238.6  1962  235.4  1984  208.7  1959  164.0  1940  117.2  1922   80.9  1985   56.0  2012   195.3  2002   530.9  2015   636.2  2014   331.9  1996  1608.0  1955
   62.1  1940   86.8  2001  143.0  1961  188.4  1945  226.7  1929  238.4  2010  235.1  1921  206.5  1998  162.9  1921  116.8  2011   78.4  2013   55.1  2017   194.3  2012   530.1  1997   635.8  1940   329.7  1923  1607.7  2006
   62.0  2007   86.8  2004  141.5  1938  186.1  1969  223.8  1980  234.4  1989  234.2  1999  205.1  2019  161.1  1979  115.0  1994   77.3  1947   54.5  2013   193.0  2020   527.8  2010   634.3  1935   329.5  2007  1589.6  2014
   61.8  2017   86.4  1996  140.8  2014  185.2  1946  223.8  1959  229.5  1959  232.6  1971  202.7  1923  159.6  2004  115.0  2010   74.8  1975   54.3  1976   192.2  1988   527.0  1943   624.8  1934   329.3  1947  1589.4  2009
   61.1  1962   85.0  1943  138.7  1931  183.9  1951  223.3  1971  227.6  1921  231.0  1983  201.7  1919  158.6  1997  114.5  1920   74.1  1965   54.0  1994   191.9  2004   515.0  1955   618.6  1947   329.2  1979  1580.0  2007
   61.0  1999   84.6  1928  138.5  1990  181.6  2017  222.4  1949  227.3  2006  229.9  1995  201.3  1949  158.6  2012  114.0  1961   73.8  1986   53.9  2003   189.0  1962   510.7  2019   617.4  1928   327.7  2016  1579.4  2015
   60.1  1980   84.2  1939  134.7  1956  180.4  2019  222.0  1977  227.3  1951  224.3  1949  200.5  2007  157.4  1923  112.8  1981   73.7  1998   53.8  1965   185.3  1933   509.4  1953   616.2  1983   325.4  2011  1569.1  1976
   60.0  1967   83.4  1999  134.6  1972  178.9  1954  218.8  1940  225.8  1942  223.2  1994  199.9  1953  157.1  1954  112.7  1930   73.6  1969   53.8  1984   185.2  1934   506.1  2021   613.7  1921   325.1  2005  1565.1  1999
   59.9  1931   82.8  2015  134.5  2011  174.5  1968  218.5  1982  225.7  1973  222.8  1996  194.0  2000  156.9  2006  112.7  1996   72.3  1999   53.7  2004   184.7  1999   505.1  1989   611.2  1955   324.2  1955  1564.9  1975
   59.8  2010   81.0  1933  132.4  1973  174.4  1995  218.2  2009  222.6  1933  222.7  1997  193.3  1935  156.5  1934  112.3  1964   72.0  2007   53.5  1980   184.5  1998   503.3  1949   609.6  1969   324.1  1988  1563.7  1997
   58.7  1986   80.4  1952  131.6  1953  174.2  1982  216.5  1966  221.4  2015  221.8  1933  192.9  1984  155.8  1999  111.1  2016   71.2  1978   53.0  1952   184.2  2009   503.2  2017   608.9  1994   323.7  1975  1556.7  2010
   58.6  1979   79.8  1922  129.7  1943  172.6  2009  215.7  2005  217.9  1930  213.3  1929  192.5  1996  154.1  2002  110.9  1986   71.2  2021   52.6  1948   183.9  2005   500.2  2016   602.5  2003   322.1  2012  1554.9  1943
   57.8  1933   79.6  1973  128.7  1945  169.9  1949  210.8  1935  216.3  1961  212.2  1969  191.5  1926  154.0  2018  110.4  1956   71.1  1972   52.5  1986   180.1  2010   491.4  1922   599.6  1990   321.6  1919  1551.1  2016
   57.7  2005   79.3  2020  128.2  2019  169.6  1939  210.4  1995  215.6  1939  212.1  1941  191.4  1930  153.9  1981  109.5  1951   69.2  2001   52.3  2016   179.6  1984   490.2  2012   592.8  1950   319.3  1995  1549.2  2011
   57.4  2009   79.1  1957  127.9  2015  168.7  2016  210.4  1953  214.9  1994  204.6  1975  191.3  1955  152.0  2005  109.4  1980   68.6  2003   52.3  1973   179.3  1995   488.5  1945   584.0  1929   318.1  1973  1544.4  2001
   56.8  2019   79.1  1955  127.9  1997  168.0  1980  208.3  2016  214.1  1967  204.1  1943  189.0  1964  151.9  1955  109.1  1965   68.5  1930   52.3  1936   178.9  1967   485.7  2002   582.9  1941   316.9  1981  1531.9  2013
   56.0  2020   79.0  1967  127.3  1965  168.0  2013  206.8  1944  214.0  1922  203.2  1967  188.2  2014  149.7  2007  108.8  1983   68.1  2018   52.1  1925   178.9  2007   485.1  1942   582.3  1925   316.5  2010  1531.9  2005
   55.7  2018   78.1  1960  124.7  1944  167.4  1953  205.0  1961  211.9  2003  201.1  2019  187.2  1993  149.5  2011  107.8  2007   68.1  2010   52.0  1983   178.3  1985   480.0  1946   579.8  1951   311.4  1940  1525.5  1940
   55.7  1934   77.7  2002  124.2  2010  167.3  1994  204.9  1957  209.6  1984  200.7  2021  187.0  1981  147.2  1947  107.2  1929   68.0  2009   51.8  1979   178.2  2006   474.6  1944   578.7  1970   310.6  1985  1519.3  1935
   55.3  1954   77.3  1990  123.4  2017  166.5  1997  204.9  2011  209.4  1992  198.8  1951  186.7  2013  146.9  1953  106.7  1993   67.9  2012   51.6  1951   175.7  2016   474.1  1980   578.7  1999   309.3  1933  1517.5  1996
   55.1  1956   76.7  1985  123.1  2016  166.2  1938  203.8  2004  207.3  1919  198.6  1924  186.0  1944  146.1  1987  106.1  1962   66.8  1952   50.8  1957   173.2  1994   469.2  1977   576.0  2005   308.0  1991  1510.8  1984
   54.9  1928   75.9  1920  122.7  1950  164.0  1955  203.3  2010  205.5  1941  194.3  1946  185.9  1997  145.4  1919  105.9  1975   66.2  1995   50.6  2011   171.3  2013   468.3  1938   575.2  1930   307.4  2021  1508.7  2017
   54.8  2014   74.8  1936  119.6  1968  162.0  1943  202.2  1998  205.0  1929  193.4  2001  184.1  1974  145.0  1990  105.2  1928   66.1  1943   50.3  2007   170.4  1991   466.9  1959   573.4  1967   306.6  1949  1506.4  1928
   54.5  1990   74.2  2021  118.9  2008  161.6  1952  202.1  2019  203.2  1986  191.8  1977  183.3  1940  144.5  2009  105.1  1938   65.0  1948   50.3  1960   170.0  1939   465.0  2008   570.6  2019   304.6  2004  1501.4  1948
   54.3  1949   73.9  1963  118.8  2000  160.3  1956  201.5  1952  203.1  2014  191.6  1985  183.1  1937  144.3  1978  104.8  1947   64.9  1979   48.8  1944   169.8  1956   459.9  2014   568.7  1957   304.5  1961  1499.3  2008
   53.0  1923   73.8  2012  118.3  1966  159.3  1977  201.2  1955  201.4  2009  190.4  2016  182.1  1972  143.6  1982  104.6  2001   64.7  1967   48.8  1949   168.8  1981   459.4  1935   567.6  2001   304.2  1990  1497.8  1973
   52.9  1982   73.8  1995  117.7  1932  158.9  2006  201.0  1942  201.3  1932  189.9  1991  180.2  2001  143.4  1973  103.9  1987   64.5  1938   48.8  1996   168.6  1987   457.1  2018   564.1  2015   303.4  1978  1493.0  1994
   52.3  1932   73.7  1946  117.1  1962  158.0  1960  198.7  1974  199.9  2008  188.8  2008  179.3  1973  143.2  1949  103.3  1952   64.2  1940   48.7  2010   168.4  2017   456.7  1933   563.1  1960   302.8  2002  1492.3  1952
   52.1  1988   72.4  2005  116.9  1986  156.1  1927  198.4  1978  199.6  2004  186.9  1953  178.6  1936  143.0  1975  103.2  1979   63.4  1961   47.7  1926   167.0  1959   454.7  1957   560.6  1973   302.5  2009  1491.0  1934
   51.5  1987   71.8  1983  116.1  1920  155.7  1957  198.3  2017  198.6  1920  186.7  1923  177.9  1988  141.4  1937  102.5  1936   62.9  1976   47.3  2000   166.6  1928   453.2  1973   559.4  1961   302.2  1925  1486.7  2021
   51.5  2011   71.8  1962  115.6  1993  155.7  1999  195.1  1970  198.0  1943  186.5  1964  177.9  2017  141.3  2021  102.4  1949   62.9  1960   47.3  1964   164.4  1943   452.2  1939   558.5  2009   302.1  1989  1484.1  2004
   51.5  1998   71.6  2013  115.3  1978  155.6  1922  194.2  2012  197.2  1995  186.2  2015  176.6  1961  140.1  1966  102.2  1926   61.8  1957   46.9  1970   164.3  1977   451.8  2001   555.2  1943   301.6  1943  1483.7  1970
   51.5  1995   71.3  1956  115.0  1994  155.6  1950  194.0  1934  195.9  2011  184.4  1950  176.3  1928  138.9  1935  102.1  1977   61.6  1929   46.6  1954   164.2  1986   451.2  1927   552.0  1926   301.1  1980  1482.3  1967
   51.5  1947   70.4  2007  114.0  1940  155.1  1987  193.9  1920  195.3  1928  184.0  1925  175.6  2009  138.2  1988  102.1  1941   61.1  1990   46.6  1932   163.5  1930   451.2  1952   551.9  1993   299.6  2019  1472.2  1986
   51.1  2004   69.6  1986  113.5  2002  154.9  1936  193.5  2008  195.1  1934  183.6  1963  174.8  2004  137.5  1943  101.2  1969   61.0  1949   46.6  1974   163.4  1983   449.7  2000   547.9  2017   298.6  1987  1467.0  1961
   50.7  1958   68.5  2006  113.2  1921  153.7  1976  193.2  2000  195.0  2021  181.7  2017  173.7  1934  137.3  1970  101.1  1985   60.9  1937   46.4  2006   163.2  1945   449.3  1992   547.7  1919   298.2  1977  1461.2  1957
   50.6  2006   68.3  1948  111.5  1935  152.7  1962  193.1  1964  193.9  2001  181.5  2009  172.4  1952  136.9  1963   99.6  1945   60.9  1921   45.3  2020   162.8  1974   448.7  1940   546.5  2010   297.7  1954  1460.8  1925
   50.1  1976   68.0  1921  111.5  1970  152.6  2008  192.9  1988  193.8  1993  181.3  2007  171.9  1970  136.5  1942   99.3  1988   60.6  2020   45.2  1990   162.0  2021   448.2  1974   544.6  1952   297.3  2015  1457.6  1947
   50.0  1992   67.8  1971  111.0  1949  151.4  1929  192.2  1939  193.3  1974  179.1  2003  171.6  1965  135.4  2016   98.8  1998   60.5  2000   44.9  1938   161.3  1968   446.9  1919   543.4  1997   296.9  1930  1454.9  1953
   49.8  1978   67.6  1925  110.9  1927  151.4  1973  191.9  2003  193.0  1952  179.1  1952  170.8  1994  135.0  1944   98.6  1970   59.9  1922   44.6  1993   161.3  1997   446.4  1968   542.1  2004   296.4  2008  1453.1  1971
   49.7  1924   66.9  1981  110.6  2021  150.8  1974  191.6  1946  192.4  1963  179.0  1945  169.5  1966  135.0  1974   98.1  1990   59.2  1920   44.4  1963   160.7  1955   445.8  2004   540.7  1974   294.1  2020  1452.4  2012
   49.6  1945   66.6  1950  108.1  1999  150.3  1947  189.4  1975  190.8  1938  178.7  1979  169.4  2018  134.0  1996   98.1  1943   59.1  2011   44.2  1981   160.6  1946   445.7  1950   537.7  1991   292.7  1998  1448.4  1951
   49.6  1930   66.6  1997  108.0  1930  149.5  1991  188.5  2013  190.2  2005  176.7  2011  167.2  1950  133.5  2010   97.8  1950   58.5  1951   43.9  2018   159.2  1992   445.1  1961   532.6  2007   291.4  1970  1444.4  2000
   49.1  1974   65.8  1968  108.0  1985  148.2  1959  188.3  1986  190.1  1999  176.0  2005  165.7  1929  133.2  1980   96.7  1939   58.5  1980   43.6  1991   158.9  1922   442.3  1987   531.4  1992   290.1  1965  1443.7  1950
   49.1  1983   65.7  1969  107.6  1958  146.8  1958  187.6  1987  189.0  1968  175.0  1940  165.3  1941  131.9  2014   95.9  1984   58.2  1928   43.4  1955   158.9  1970   442.3  1924   531.2  1953   289.7  2013  1442.2  1919
   48.7  1920   65.6  1932  106.8  1976  146.6  2005  187.2  1963  188.3  2017  174.9  1948  164.1  1932  131.4  1939   95.6  1967   58.1  1956   43.2  1935   157.9  1990   441.5  2005   530.6  1942   289.5  1952  1433.8  1982
   48.5  1946   65.5  1992  106.3  2004  146.1  2014  184.2  1927  188.3  1935  174.0  1958  163.6  1979  130.9  1995   95.6  2012   57.9  1992   42.9  1975   157.2  1936   438.5  1984   530.3  2016   287.9  2001  1432.6  2002
   48.4  1935   64.8  1945  105.7  1934  145.8  1965  184.0  1960  187.5  1926  173.4  1942  162.1  1992  128.6  1985   95.2  2004   57.7  1964   42.5  1982   157.1  1920   437.8  1967   525.9  2021   286.4  2017  1432.0  1988
   48.3  1981   64.5  1987  104.8  1941  145.0  1925  182.4  2015  185.7  1945  173.0  1926  161.5  2012  128.2  1989   95.0  2021   57.6  1982   42.3  1943   156.8  1958   436.8  1970   525.2  1962   284.4  1948  1424.9  1962
   47.9  2008   63.9  1994  103.2  1946  143.1  1944  180.7  1979  183.3  1947  170.9  1993  160.5  2020  127.1  1961   94.9  1925   57.2  2008   41.5  1923   156.1  1980   436.5  1965   524.6  1923   283.4  1938  1420.5  1922
   47.8  1985   63.9  1938  102.8  1989  141.9  1933  179.9  1936  182.6  2013  169.2  1987  160.4  1982  126.8  1948   94.8  2006   56.5  1954   41.4  1997   156.0  1932   434.9  1962   522.8  1945   282.5  1972  1419.0  1974
   47.7  1957   63.8  1941  102.2  1926  138.4  1924  179.4  2002  181.9  2020  169.1  1986  159.4  1985  124.9  1958   94.6  1958   56.4  1927   41.3  1988   155.1  1937   433.6  1986   522.0  1964   282.0  1935  1411.0  1977
   47.3  2016   63.1  1953  101.9  1963  137.7  2000  178.4  1958  176.4  1965  168.1  1982  158.7  2002  124.8  2013   94.2  2002   55.5  1993   40.9  1924   154.3  1973   433.1  1971   517.9  1985   281.8  1922  1410.7  1969
   46.9  1977   63.1  1977   99.6  1987  137.1  1935  178.2  1996  174.4  1927  167.6  2004  158.1  1945  124.8  1926   94.1  1927   55.5  1970   40.9  1928   154.1  1953   433.1  1994   517.8  1939   281.3  1953  1408.5  1942
   45.9  1997   62.6  1937   98.8  1974  136.9  1983  176.1  1947  173.2  1937  167.3  1947  157.4  1960  124.5  1925   93.3  1992   55.1  1950   40.6  1972   152.1  1961   432.8  1958   517.0  2011   280.6  1937  1404.4  1956
   45.7  1927   62.3  1951   98.6  2006  135.7  2004  175.8  1937  171.7  1924  166.6  1961  156.7  1939  123.0  1960   92.9  1944   54.5  2002   40.6  1992   151.5  1971   432.5  2013   513.8  2000   280.1  1920  1403.9  1939
   44.2  1951   61.5  1975   98.1  1937  133.1  2001  174.9  1993  170.9  1936  165.8  1930  156.5  2015  120.2  1998   92.8  2014   54.3  1935   40.3  1998   151.0  1925   432.3  1951   511.5  1924   279.0  2014  1402.8  1992
   43.9  1943   61.3  1974   97.4  1925  132.7  1996  173.0  2014  170.4  1946  165.8  2002  156.1  1967  119.3  1952   92.6  1948   54.3  2014   40.2  1950   150.2  1950   429.7  2006   510.8  1979   278.2  1951  1399.4  1979
   43.8  2013   61.0  1961   97.4  1954  132.6  1989  172.2  2006  169.9  1983  165.6  2020  155.0  1962  119.0  1972   92.3  1972   53.8  1931   39.9  1977   150.1  1965   428.5  1999   508.0  2020   277.3  1969  1395.0  1945
   43.4  1938   59.9  1984   95.6  1922  132.5  1972  171.9  1925  168.7  1966  164.0  1972  154.4  1999  118.5  1932   91.9  2000   53.3  1966   39.8  1966   148.3  1979   428.5  1976   506.3  1986   276.4  1966  1392.4  1964
   43.3  1964   59.5  1944   95.0  1959  131.9  1928  171.4  1945  168.5  1979  163.4  1966  153.8  1931  118.5  2017   91.6  2015   53.2  1955   39.6  1940   148.1  1931   425.9  1966   506.1  1946   274.8  1967  1391.4  1960
   42.5  2021   59.1  1931   94.4  1919  130.2  1970  169.4  1973  168.0  1978  163.3  1970  153.8  1951  117.0  1962   90.6  1932   52.7  1933   39.4  1995   148.0  1982   425.2  1978   504.9  1971   274.7  1926  1390.1  1983
   42.5  1925   58.9  2009   94.3  1923  130.1  1988  168.7  1926  166.9  1985  163.3  1974  153.8  1927  116.5  1968   90.4  1923   52.5  1991   39.1  1941   147.2  2011   425.1  1954   504.1  2008   274.6  1942  1388.6  1938
   42.2  2002   58.9  1964   94.0  1957  129.8  1923  168.0  1976  166.3  2002  160.9  2012  153.1  1943  115.9  2000   90.0  2009   52.5  1959   38.7  1939   146.8  1957   422.3  1972   502.5  1963   274.4  1944  1388.4  1946
   40.9  1919   58.0  1959   93.2  1971  129.5  1981  167.4  1950  166.2  1988  159.9  1992  151.6  2006  115.7  1930   89.9  1973   52.3  1942   38.6  1921   146.8  1951   421.8  1934   501.5  1966   273.8  1934  1386.2  1991
   40.9  1961   58.0  1954   92.2  1988  128.5  2012  165.8  2021  165.3  2000  159.5  1956  151.1  1938  114.7  1992   89.6  1989   52.0  1974   38.5  1933   146.6  1964   415.2  1988   499.6  1998   273.1  1974  1385.4  1985
   40.8  1939   57.9  1979   90.4  1939  128.5  1985  165.1  1962  164.4  2019  158.3  2010  151.0  1921  114.5  1967   88.7  1935   52.0  1963   38.4  1945   146.0  1996   414.2  1925   496.1  1972   272.2  1931  1384.4  1923
   40.6  1922   57.5  1991   89.1  2001  128.4  1986  164.8  1931  162.8  1931  155.6  1973  151.0  1987  114.3  1924   88.5  1933   50.2  1981   38.0  1931   146.0  1960   413.7  1931   495.3  1932   270.2  1939  1383.2  1980
   40.2  1937   57.4  2010   88.1  1952  127.4  1975  164.7  1999  162.2  1944  154.5  2000  149.8  2010  114.2  2001   87.9  1978   49.8  2004   37.8  1922   145.8  1975   412.1  1960   493.7  1977   270.1  1963  1379.2  1930
   40.1  1926   57.1  1930   88.1  1951  126.2  1932  164.1  2007  160.9  1948  154.0  1998  148.9  1977  114.1  2008   87.4  1953   49.7  1984   35.9  1985   145.5  1927   407.3  1963   493.0  1981   268.7  1956  1376.3  1998
   39.4  1972   55.3  1958   87.9  1977  125.1  1919  163.4  1965  159.1  1955  152.3  1981  147.8  1956  113.8  1938   86.6  2019   49.2  1936   35.5  1942   145.3  1954   404.7  1993   490.8  2002   268.6  1982  1360.9  1963
   39.3  1944   54.3  2017   87.5  1979  124.9  1992  162.5  1984  159.1  1980  149.1  1960  146.8  1969  112.2  1957   86.5  2013   48.7  2019   35.0  2015   141.9  1924   403.9  1936   490.1  1988   268.5  1994  1357.7  1944
   39.2  1936   52.7  1919   85.9  1975  123.5  2018  161.0  1923  153.7  1981  146.8  1980  144.4  2011  111.9  1977   86.1  1957   48.6  1987   33.4  1920   141.6  1978   402.6  1975   489.1  1922   268.4  2000  1348.8  1993
   38.6  1948   52.2  1927   83.4  1991  123.3  1967  160.7  1938  153.1  1977  146.4  1922  144.4  1980  110.7  1950   86.1  1974   48.3  1924   33.3  2002   141.3  1923   400.5  1998   485.2  1936   266.0  1992  1345.6  1965
   38.3  1968   52.1  1935   82.3  1980  123.0  1979  160.2  1951  152.6  1982  146.0  1988  143.5  1978  110.2  1951   85.8  1942   47.7  1997   33.3  1968   141.1  1944   396.9  1920   484.7  1938   265.8  1958  1343.2  1926
   38.0  1953   51.9  1978   81.8  1928  122.2  1934  160.2  1985  150.8  2007  145.5  1939  142.4  1957  110.2  1994   84.6  2017   47.7  1926   32.4  1947   140.1  1976   396.7  1947   482.2  1937   265.3  1962  1341.8  1924
   37.9  1929   50.8  1982   81.4  1983  120.7  1998  159.4  1967  150.1  1972  142.9  1938  141.4  1946  107.5  1983   84.2  1924   47.0  1953   32.4  1919   139.5  1947   396.6  1985   481.2  1982   263.6  1950  1328.6  1941
   37.7  1975   50.7  1924   79.6  2018  119.5  1964  156.7  1924  149.4  1956  141.5  1968  141.2  1924  107.3  1984   84.2  1954   46.5  1919   32.0  1937   139.4  1948   396.0  1969   463.9  1968   262.1  1993  1325.3  1987
   37.6  1993   50.5  1923   79.2  2005  118.2  1963  155.5  1928  146.5  1964  141.4  1957  139.1  1925  106.9  1965   83.1  1940   46.5  1944   32.0  1959   139.3  1938   391.1  1979   463.2  1948   260.2  1957  1320.8  1972
   36.8  1971   50.0  1929   77.6  1998  116.6  1971  155.2  1972  144.4  1953  141.1  1978  135.5  1920  106.4  1920   83.0  1966   46.2  1958   31.9  1953   139.0  1941   386.6  1926   462.3  1965   259.3  1983  1314.8  1978
   35.9  1960   47.9  1993   76.0  2013  115.9  1940  152.4  1968  140.2  1954  138.7  1919  134.0  1986  106.0  1946   81.7  1991   43.3  1994   31.8  1978   134.4  1926   385.0  1923   461.1  1944   252.9  1984  1311.9  1966
   35.7  1941   47.7  1942   74.7  1992  115.7  1926  151.6  1930  139.1  1971  135.8  1936  133.4  1968  104.7  1922   81.2  1963   43.0  1983   31.5  1958   133.2  1921   373.2  1996   459.9  1920   252.5  1927  1306.4  1936
   35.0  1942   47.1  1976   74.4  1942  114.2  1993  151.2  1933  139.1  1998  135.8  1931  133.2  1971  103.7  1976   80.4  2005   42.2  1962   31.0  1987   132.1  1969   371.8  1991   456.8  1927   251.8  1960  1301.0  1981
   34.9  1955   47.0  2011   70.3  1947  111.7  1930  150.8  1994  137.8  1958  133.2  1954  131.4  1942  102.6  1969   80.3  1934   42.0  1939   30.6  2021   128.9  1940   371.3  1930   456.7  1956   251.0  1936  1295.4  1931
   34.7  1950   44.2  1980   70.2  1960  111.5  1978  150.8  1941  135.6  1991  131.7  1962  130.3  2021  102.0  1927   78.2  1937   41.7  1945   30.3  1971   128.7  1929   371.2  1964   452.6  1978   250.3  1932  1295.0  1920
   34.1  1973   42.3  1926   69.1  1936  110.2  1931  148.9  1954  135.2  1923  129.9  1932  128.7  1922  101.8  1941   76.0  1946   41.6  1968   29.1  1930   126.1  1993   370.4  1937   452.4  1931   246.8  1924  1285.5  1927
   33.1  1969   39.8  1972   68.9  1969  106.5  1941  141.0  1969  134.8  1997  128.6  1927  128.6  1958  100.2  1956   68.0  2020   41.2  1941   29.0  1969   124.4  1935   369.2  1928   450.2  1980   245.0  1941  1278.4  1954
   31.7  1921   37.0  1966   63.0  1981   97.1  1961  139.1  1981  129.9  2016  125.9  1937  127.4  1948   99.9  1993   67.4  1982   41.1  1932   27.1  1927   122.2  1966   362.1  1941   440.4  2012   231.0  1945  1276.5  1958
   31.3  1966   36.8  1965   62.3  1996   96.4  1937  138.8  1991  121.3  1990  125.8  1920  126.6  1963   99.7  1931   65.9  1960   39.1  1946   26.1  1989   121.9  1942   352.1  1932   440.4  1958   230.3  1976  1267.9  1937
   31.1  1970   29.1  1947   58.6  1964   91.1  1966  123.4  1983  117.9  2012  114.3  1965  122.2  1954   99.3  1936   63.7  1976   37.0  1934   23.9  1934   109.4  1972   341.7  1983   437.3  1987   221.1  1946  1266.6  1968
   20.3  1996   28.1  1940   57.3  1984   86.9  1920  108.1  1932  117.2  1987  112.9  1944  115.4  2008   89.7  1945   60.8  1968   36.8  2015   19.9  1956     ---  1919   331.7  1981   395.6  1954   218.9  1968  1262.1  1932