Areal values from HadUK-Grid 1km gridded climate data from land surface network
Source: Met Office National Climate Information Centre
Monthly, seasonal and annual total duration of bright sunshine for England S
Areal series, starting in 1919
Last updated 01-Jan-2022 10:59
    jan  year    feb  year    mar  year    apr  year    may  year    jun  year    jul  year    aug  year    sep  year    oct  year    nov  year    dec  year     win  year     spr  year     sum  year     aut  year     ann  year
   81.6  1952  123.3  2019  177.7  1929  242.9  2020  313.7  2020  289.0  1957  289.9  2006  278.8  1995  205.4  1959  147.6  1921   98.4  2006   80.5  2001   233.0  1949   719.4  2020   785.5  1976   409.3  1959  1791.7  1949
   78.1  2001  121.6  2008  176.1  1933  228.3  1984  280.4  1989  279.4  1925  282.3  2013  276.4  1947  195.7  1964  145.7  1959   94.1  1971   76.3  2014   232.9  2000   630.8  1990   763.9  1989   406.6  1971  1789.9  1990
   78.0  1959  115.2  1949  172.5  1995  226.7  2021  262.9  1990  279.3  1975  281.9  2018  262.2  1976  195.5  1928  141.9  1919   93.1  1923   74.0  2008   231.4  2015   627.8  1948   724.2  1975   393.5  2003  1788.6  1959
   76.2  2003  114.7  1988  169.1  2012  222.5  2015  261.6  1922  273.8  1940  274.9  1990  251.9  1989  193.5  1929  140.6  1997   92.9  1989   72.1  1962   227.9  2008   570.9  1995   719.4  1995   378.6  1921  1788.5  1995
   75.6  1984  109.2  2018  166.3  1948  222.4  2007  258.8  1992  260.1  1960  270.3  1989  235.8  1933  183.0  2003  138.9  2018   91.7  2005   66.4  1946   222.7  2018   568.0  1997   718.7  1959   376.5  2018  1788.1  2003
   72.1  2015  102.1  1998  166.0  1967  219.8  2011  252.5  1948  260.1  1976  268.2  1934  233.4  1990  176.7  1991  138.0  1971   90.0  1977   66.1  2009   221.7  2019   567.7  1929   708.4  2018   372.7  1964  1782.0  1989
   71.9  2012  100.9  1970  165.8  2007  219.3  1990  249.3  2018  259.3  1962  265.0  1935  231.0  1998  175.5  2015  138.0  2003   89.8  1996   64.7  1929   220.3  1952   567.1  2011   707.2  1949   372.2  1929  1761.6  2020
   71.1  1940   99.4  2000  164.7  2003  216.0  2010  246.9  1997  258.3  1969  263.2  1976  228.0  1923  174.5  1971  136.9  1999   88.1  1925   63.5  1961   213.2  2014   565.2  1921   696.7  1933   371.5  1999  1748.0  2018
   70.3  2000   97.1  1934  162.8  2020  213.4  1942  243.4  1956  254.0  1996  260.9  1955  227.9  1991  174.3  2020  129.3  2008   87.2  1988   63.1  1999   211.9  1963   561.0  2009   695.9  2006   370.2  1928  1744.7  1921
   70.2  1965   95.6  2003  162.1  2009  209.0  1948  243.2  1943  251.7  1950  260.8  1959  224.8  1983  173.9  1933  129.3  2011   85.9  1973   61.3  2005   210.3  2001   553.1  2003   689.6  1996   363.0  1997  1725.7  1929
   70.1  1994   94.7  2014  160.0  1938  208.8  1921  237.7  1919  250.2  2010  260.8  1928  223.9  1975  173.8  1940  126.9  1995   84.1  2017   61.0  2019   206.3  1998   552.3  1956   670.3  2014   355.5  2006  1721.6  1933
   68.9  1991   94.3  1939  159.8  1924  200.5  1946  235.9  1929  248.8  1949  256.6  1921  223.0  2005  170.8  2019  126.6  1994   83.5  2016   59.4  1952   205.8  2012   552.1  2007   664.2  1935   353.0  1923  1683.8  2014
   68.5  1980   93.7  1989  157.5  1955  197.2  2002  232.9  1921  248.2  2018  252.1  2014  222.2  2016  168.8  1921  126.4  1922   82.3  1985   59.2  1984   205.2  2003   546.9  1943   663.3  2013   352.1  1996  1655.7  2019
   67.4  1933   93.6  2016  156.6  1961  197.2  1969  230.7  1944  245.7  1970  248.7  1983  220.2  1919  168.6  2012  123.1  1955   78.8  1998   58.8  1980   204.9  1933   546.9  2010   662.1  1984   348.1  1986  1655.6  1976
   65.8  1963   91.3  1996  150.1  1982  196.3  1945  227.3  2001  245.5  2006  247.7  1999  218.6  1959  168.0  1923  122.8  1920   78.5  1965   58.7  1948   204.5  2002   546.7  1982   661.4  1940   344.9  1919  1649.3  1955
   65.5  1989   91.0  1928  148.6  1990  192.3  1954  226.7  1959  241.8  1942  243.9  1971  218.3  2003  166.8  1979  120.9  1961   77.4  1972   58.1  1983   202.1  1988   544.5  2015   656.8  1934   344.3  1947  1647.9  2009
   64.3  2017   89.1  1922  148.2  2014  191.5  1951  226.6  1940  241.8  1989  243.5  1949  216.6  1953  166.4  1997  119.1  1964   77.3  1999   57.9  1936   200.0  1962   532.9  1955   654.8  1947   344.2  2011  1642.2  1997
   63.6  2005   86.6  1933  145.4  1972  190.7  2003  226.5  1971  241.7  1951  240.5  1995  216.0  2019  164.7  2018  118.5  2010   77.1  2001   57.7  1965   198.4  1989   523.9  1953   653.8  1928   342.4  1979  1638.6  2006
   63.0  1962   86.1  2001  143.1  1956  188.9  2017  225.4  1949  239.2  1959  240.4  1984  214.9  1949  164.5  2004  118.4  1930   77.0  1969   57.5  1967   197.9  1934   523.9  1949   652.6  1921   341.3  2005  1638.6  1999
   62.8  1931   85.7  1943  142.0  1931  187.8  1997  224.4  1977  238.5  1973  236.8  1994  206.2  2007  164.2  1934  118.4  1996   76.3  1975   57.1  1986   197.5  2020   520.8  1922   650.5  1983   338.9  1940  1626.3  1943
   62.7  1999   85.7  1990  140.2  1973  184.3  1949  222.9  1966  236.7  2015  234.7  1933  205.4  1930  164.1  2002  117.2  2016   76.3  2013   57.0  1994   197.5  1984   517.6  1989   647.7  1994   338.6  1973  1624.7  2007
   62.7  1954   83.4  1967  140.1  1945  179.6  2009  222.9  1980  235.9  1961  232.9  1996  204.1  1993  163.5  1954  116.6  1931   75.6  2007   57.0  1925   195.4  2009   516.5  1945   635.1  1990   338.0  1975  1622.9  2015
   62.4  1979   83.0  2015  135.5  2015  177.7  1982  221.7  1995  233.3  1921  232.2  1929  203.3  1944  163.0  1986  116.4  1980   75.1  1986   57.0  2013   192.0  1985   516.1  1944   631.8  1969   337.8  1955  1612.6  1928
   62.2  2010   82.2  1955  135.3  2011  176.8  1938  219.8  1961  232.8  1994  231.1  1997  202.7  1996  162.6  1978  116.3  1965   74.3  1978   57.0  1951   189.9  2004   516.0  2016   622.1  1929   336.5  2007  1612.2  1940
   62.1  1928   81.8  1999  135.3  1943  176.8  1995  219.2  2009  226.5  1930  228.7  1941  202.0  2000  158.1  2006  115.9  1951   73.3  2021   56.9  2012   188.0  2010   514.5  2019   620.7  1951   336.1  2016  1605.8  2016
   61.8  1986   81.6  1952  133.9  1944  176.4  2019  218.9  1982  226.1  1933  220.9  1975  200.3  1935  157.8  1990  114.8  1983   73.2  1947   56.4  1976   186.7  1939   505.9  2021   619.9  1950   333.3  1990  1604.2  1948
   61.6  2014   81.5  2004  133.7  1932  174.7  1939  216.8  1953  226.1  1984  220.9  1969  199.8  1964  157.6  1953  114.5  1947   73.0  2018   55.9  2011   186.2  2005   500.0  2017   617.5  1955   332.8  1995  1601.3  1996
   61.0  2007   80.4  2002  133.3  1997  174.2  2016  215.3  2005  225.7  2014  220.5  1924  199.2  1981  157.4  1999  114.5  1938   72.5  2003   55.6  1979   185.4  1994   499.8  1933   617.4  2003   332.0  1949  1600.4  2001
   60.6  2009   79.8  1985  133.1  1953  174.1  1953  214.0  1998  220.4  1922  217.6  1967  198.5  1940  157.0  1955  114.1  1993   72.4  1940   55.6  1944   185.3  1999   499.1  2012   615.7  1999   330.5  2012  1598.3  1975
   59.9  1967   79.7  1960  131.9  1965  173.6  1968  212.0  2011  219.4  1919  213.9  1951  197.7  1955  157.0  1981  113.9  1975   71.3  2009   55.3  2017   185.1  2016   497.2  1942   614.7  1925   330.5  1988  1598.1  2010
   59.6  1947   79.5  2020  131.6  1968  170.7  1980  210.9  2016  217.9  1939  213.0  2019  197.6  2013  156.6  1947  113.8  1962   71.3  1995   55.2  1957   183.1  2006   496.1  2002   612.8  1941   329.8  1978  1584.7  2011
   59.1  1949   78.5  1936  130.9  2016  170.7  2013  210.4  1934  215.8  1992  211.6  1946  197.5  1937  155.9  2005  113.0  1928   70.4  1948   55.1  1973   182.3  1928   495.5  1938   611.2  1930   326.6  1933  1583.6  1935
   58.6  1956   78.4  1957  130.8  2019  169.8  1976  210.2  1957  215.1  2004  211.5  1985  196.4  1926  155.8  1973  112.5  1949   70.0  2012   54.9  2016   181.6  1995   491.0  1946   605.0  2001   325.9  1985  1583.4  2005
   58.1  2018   78.2  1920  128.5  1920  169.7  1955  210.1  1952  214.7  2008  203.9  1943  195.6  1984  155.6  2009  112.1  1956   69.8  1960   54.4  1949   181.3  1967   489.1  1927   602.7  2005   321.6  2021  1575.1  1952
   57.1  2020   78.0  2012  128.0  1950  168.8  1952  207.3  2019  214.5  1967  202.8  2001  194.6  1974  155.2  2011  110.9  1987   69.5  1930   54.1  2007   178.6  1956   486.6  2014   602.1  1961   320.3  2009  1574.2  2013
   56.8  1923   77.5  1983  126.1  2010  168.8  1994  205.8  1955  214.3  2001  202.7  2021  192.5  2014  155.1  2007  110.3  1929   69.4  1943   52.9  1960   178.2  1981   482.3  1959   599.4  1967   320.2  1925  1573.3  1934
   56.7  1998   76.2  1956  124.4  1966  168.4  1943  205.7  1920  214.0  2003  201.5  2016  188.4  1928  155.1  1966  110.0  1979   69.1  1949   52.7  1954   177.6  1991   478.4  1977   598.9  1957   319.6  2002  1564.5  1984
   56.5  1924   76.0  1948  123.5  1921  166.0  2008  204.8  2010  212.1  1941  200.2  1964  187.9  2001  152.7  1919  110.0  1986   68.6  1967   52.4  2003   177.0  1930   476.9  1961   597.2  1970   319.5  1943  1563.0  1961
   56.4  1934   75.8  1973  122.8  1940  165.8  1956  204.6  1927  210.6  1929  200.0  1923  187.7  1972  151.6  1937  109.8  1941   68.3  1929   52.4  1996   175.6  1980   474.8  1924   595.3  2019   319.3  1980  1561.5  1973
   56.2  1990   73.9  1963  120.9  1993  165.4  1950  203.5  1970  209.9  1986  199.8  1977  187.3  1973  150.5  1939  108.2  1990   67.3  1990   51.3  2004   174.9  1959   474.7  1980   592.3  1993   318.2  2010  1558.2  2008
   56.1  2004   73.6  1962  120.4  2000  164.8  1927  203.1  1942  208.8  1932  199.2  1953  186.1  1936  150.4  1949  108.2  1977   67.3  1920   50.9  1932   174.4  1943   473.3  1957   590.7  1973   317.7  1977  1556.0  1994
   55.9  1946   73.4  2021  120.1  1978  163.9  1960  201.6  1974  207.9  2009  197.8  2008  186.0  1997  148.6  2021  107.8  1981   67.0  1952   49.6  1926   174.0  2017   472.2  1950   581.1  2015   316.3  1961  1555.3  1967
   55.4  1988   73.4  1921  119.8  2017  162.7  1987  200.6  2004  206.0  1952  196.7  1991  185.1  2004  148.4  1970  107.0  1936   66.5  1938   49.6  1938   173.9  1987   471.6  1940   580.7  1943   316.3  2004  1548.3  1925
   54.8  2019   72.9  1925  119.7  1927  162.3  1957  200.6  1935  205.7  1993  194.4  2015  185.0  2009  147.8  1975  107.0  1945   66.4  2000   48.9  1964   172.7  1922   471.0  2008   579.4  1919   316.2  1989  1540.0  2017
   54.6  2016   72.1  1995  119.5  1935  161.3  1999  199.8  1978  204.6  1928  191.4  1979  184.9  1966  146.6  1982  106.8  1969   66.4  1957   48.8  2020   172.2  1945   470.7  1967   579.1  2009   314.7  1965  1533.5  2004
   53.9  2006   71.4  1971  119.3  1962  161.3  1977  199.2  1939  203.9  1934  191.2  1963  184.7  1934  145.7  1943  106.2  1952   65.5  1979   48.7  1990   172.1  2007   470.5  1976   577.2  1960   314.5  1981  1531.8  1947
   53.8  1976   71.3  2005  118.2  1994  158.9  1947  197.7  2003  203.5  1943  190.3  2007  182.4  1988  145.7  1935  105.7  2007   65.0  2020   48.4  1963   171.8  2013   469.6  1952   576.7  1952   314.0  1991  1531.0  1953
   53.1  1982   69.7  1946  117.5  1986  158.1  1933  195.6  2013  202.8  1920  189.9  1952  181.6  2017  145.7  1944  105.6  2001   64.9  1937   48.1  1974   171.4  1983   467.8  1919   575.4  1926   313.4  1948  1528.3  1919
   53.0  1985   69.1  1981  116.1  1930  157.9  1922  195.1  1988  202.0  2017  189.7  1950  180.8  1952  143.9  1996  105.2  1985   64.4  2010   48.0  1924   171.4  1977   466.8  1973   572.6  2004   313.0  1930  1524.1  1957
   53.0  1927   69.0  1986  115.7  2008  156.0  1974  193.5  1964  202.0  1999  189.1  1940  180.2  1965  143.9  1948  104.4  1943   64.0  1961   47.6  1970   170.1  1955   464.6  1968   569.8  2017   308.5  1954  1524.0  1951
   52.8  1978   68.4  1994  115.2  1934  155.0  1973  192.8  1979  200.4  1926  188.7  1925  179.5  1932  143.9  1974  103.1  1988   63.6  1951   47.5  1997   168.6  1974   464.0  1939   568.3  1953   306.8  2020  1523.3  1970
   52.4  1957   68.3  1977  114.1  1949  154.7  2014  191.3  2012  200.3  1938  186.8  1961  179.4  1961  143.1  1987  101.8  1950   63.2  1982   47.0  1993   167.9  1986   460.6  1992   567.7  2010   306.8  2001  1522.6  1971
   52.4  1995   68.1  1969  112.9  2021  154.1  1929  191.2  2017  200.1  1995  186.2  2009  179.3  1929  140.2  1988  101.3  1926   62.8  1980   46.4  1972   167.2  1946   459.3  1935   566.4  1974   306.7  2019  1516.2  1950
   52.3  1935   67.9  2006  112.1  1976  153.7  2006  190.8  1963  199.6  1947  186.1  2017  178.5  1950  140.1  1980  101.2  1992   62.8  1976   46.1  2000   167.2  1925   458.5  1974   564.0  1962   306.6  1970  1512.0  1986
   52.3  1987   67.8  1938  111.1  1999  152.4  1991  190.7  1958  198.9  1935  185.1  2003  178.3  2018  139.4  2014  100.7  1925   62.2  1921   45.1  1943   167.0  1990   455.7  2004   563.9  1942   306.2  1952  1507.6  2012
   52.3  2008   67.7  2013  110.5  1958  152.2  1959  190.3  1925  198.6  1974  184.0  1945  178.0  1994  138.4  1985   99.9  2004   61.8  1993   45.0  1991   165.9  1920   452.5  1987   562.4  1923   305.5  1935  1505.5  1922
   52.1  1920   67.6  1953  110.2  2002  151.6  1944  189.4  2008  198.5  2020  182.6  2020  174.1  1970  136.5  1942   99.7  1970   61.7  1928   44.9  1992   165.8  1953   452.2  2018   557.7  1991   305.3  2015  1497.1  2021
   51.6  1930   67.2  2007  109.7  1941  150.5  1958  189.3  1987  198.5  2011  182.6  2005  173.3  1943  135.5  2016   99.6  2021   61.4  1931   44.8  1935   163.7  1937   451.7  1958   555.6  1964   304.9  2008  1493.9  1962
   50.7  1958   66.9  1951  108.3  1937  150.5  1962  189.1  1986  198.1  1963  182.4  1993  172.1  1985  135.3  2010   99.1  1948   61.1  1956   44.4  1982   162.8  1936   451.2  1934   555.3  1997   304.0  1998  1488.1  2002
   50.2  1981   66.5  1945  107.8  1970  148.1  1925  188.7  2002  197.1  2005  182.0  1948  172.0  1941  134.7  1995   99.0  2006   60.9  1935   44.4  1933   162.6  1970   448.8  2000   553.8  2007   303.6  1987  1481.0  2000
   50.1  1932   66.3  1941  107.6  2004  147.5  1936  188.6  1976  194.2  2021  181.6  1958  171.3  1979  133.0  1962   98.8  1944   59.8  2011   44.1  1923   162.3  2021   448.6  1954   552.5  1924   303.1  1938  1476.7  1982
   50.0  1945   66.2  1931  107.4  1985  147.4  2004  187.6  1946  192.4  1945  180.5  1986  169.5  2012  132.9  1952   98.8  1935   59.1  1963   44.0  1928   161.8  1931   448.4  1971   550.7  2016   302.5  1922  1476.1  1969
   49.5  1974   65.4  1975  105.6  1926  145.8  1996  186.5  2015  186.1  1937  179.3  1930  169.0  2020  131.4  1961   98.7  1927   59.0  1992   43.9  2006   161.7  1954   447.6  1972   550.1  2020   301.5  1937  1475.8  1974
   49.5  2011   65.1  1932  104.2  1963  145.0  2005  186.3  1993  184.7  1966  178.8  1947  168.4  1939  131.4  1925   98.4  1939   58.6  2002   43.8  1922   160.7  1997   446.9  1965   548.6  1985   298.7  1920  1475.8  1942
   49.4  1983   65.0  1954  103.3  1959  144.5  1983  186.2  2000  183.4  2013  178.5  1926  168.4  2002  131.3  1963   97.4  2014   58.5  1970   43.8  1955   159.5  1968   446.3  1951   538.9  1998   298.3  1953  1470.8  1939
   48.8  1992   64.5  1987  102.9  1946  144.2  1924  184.3  1936  183.4  1968  177.4  1970  167.4  1967  131.0  1989   97.2  1984   58.2  1959   43.6  2018   158.6  1950   443.9  2001   537.4  1939   297.7  1966  1469.6  1944
   48.3  1943   64.4  1950  102.4  2006  143.0  1965  183.8  2014  180.9  1924  176.4  2002  167.1  1927  130.0  1958   96.9  2002   58.2  1922   43.5  2010   158.4  1923   443.8  1999   535.5  1945   297.1  2013  1464.4  1938
   47.2  2013   64.3  1944  101.4  1922  142.2  2000  183.2  1960  179.3  1965  176.1  1987  166.0  1999  128.4  1998   96.9  1973   58.1  1942   43.4  1950   158.3  1958   443.6  1986   535.0  1992   296.5  1972  1464.2  1956
   46.6  1977   64.1  1959  100.9  1974  141.5  1972  181.6  1937  178.4  1931  175.6  1942  165.2  1951  128.4  1960   96.8  1932   57.9  1964   43.3  1981   158.0  1971   443.2  2005   534.7  2000   295.8  2017  1463.7  1983
   46.3  1997   64.0  1974  100.8  1954  140.1  1985  181.2  1975  177.0  1983  174.8  2011  164.9  1982  127.3  2013   96.7  1998   57.7  1955   42.2  1977   157.5  1992   441.9  2013   534.4  2008   294.3  2014  1463.1  1923
   46.3  1951   63.8  1984  100.8  1957  139.9  2001  180.6  1947  176.8  1927  174.7  2012  163.7  1987  125.9  1926   95.5  1967   57.6  1950   42.1  1939   157.4  1965   439.9  1984   532.4  1986   292.0  1944  1462.4  1985
   46.3  1925   63.7  1992  100.8  1971  139.7  1988  180.0  1945  174.4  1936  173.7  2010  162.7  1962  125.5  1972   95.4  1958   57.5  1933   41.7  1945   157.2  1961   439.4  1966   530.8  1966   290.9  1969  1461.6  1988
   46.1  1926   62.5  1968  100.6  1987  139.2  1935  179.3  1996  172.3  1980  173.2  1974  162.6  1921  125.1  1930   95.2  1933   57.5  2014   41.3  1940   156.7  1973   439.3  1970   528.9  1946   290.2  1939  1460.2  1964
   45.6  1919   62.3  1961  100.3  1989  138.8  2012  178.8  1950  171.9  1978  172.3  2004  162.2  1978  124.2  1968   95.1  2015   56.5  1927   41.0  1941   156.5  1951   437.2  1925   526.7  1971   289.3  1974  1457.2  1930
   44.7  1937   62.0  1997   98.9  1925  136.9  1989  173.6  1967  171.0  2000  170.5  1982  162.0  1956  124.1  2001   93.7  2005   56.0  1997   40.9  1995   155.6  1927   436.4  1978   526.5  2021   287.0  1931  1456.9  1998
   44.3  1938   61.2  1937   97.9  1919  136.9  1986  171.9  1965  170.9  1944  169.8  1956  160.8  1960  123.1  2017   93.6  1972   55.3  1966   40.8  1998   155.3  1996   436.3  1994   525.3  1963   286.7  1951  1455.5  1979
   44.0  1922   60.8  2009   95.1  1991  135.4  1928  171.7  1973  170.1  2002  166.3  1972  160.4  2006  123.0  2000   93.5  2013   55.3  1954   40.7  1975   155.3  1924   435.0  1962   525.0  1979   286.3  1962  1453.8  1980
   43.6  1944   60.7  1930   94.4  1923  132.2  1919  171.4  1999  168.8  1946  164.9  1973  159.1  1945  122.1  1938   93.3  2009   54.7  2008   40.4  1942   155.1  1932   428.0  1988   523.5  1932   284.6  1967  1449.2  1946
   43.6  2002   60.0  1991   93.2  1988  131.6  1975  170.8  1924  166.5  1982  161.7  2000  158.5  1992  120.9  2008   92.9  1974   54.0  1984   39.9  1931   154.5  1979   423.3  1993   522.6  2011   283.5  1934  1443.7  1945
   42.8  1939   59.7  2010   92.7  1977  131.0  1967  170.4  1985  166.3  2019  161.2  1966  156.7  1957  120.5  1967   92.8  1978   52.6  1974   39.6  1921   153.4  1960   421.7  1920   514.9  2002   283.2  1942  1441.4  1977
   42.3  1942   59.0  1964   91.8  1928  130.7  1992  167.8  1926  165.0  1985  160.9  1998  154.1  1938  119.8  1965   92.8  1940   52.2  1991   39.2  1988   153.2  1948   421.5  2006   512.8  1937   281.7  2000  1438.7  1991
   41.9  1961   57.8  1923   91.6  1951  129.9  1923  166.2  2021  162.9  1948  160.7  1992  153.4  1980  119.4  1977   92.3  2000   52.1  2019   38.1  1966   153.0  1944   420.3  1960   508.0  1972   281.6  1982  1438.4  1960
   41.9  1948   57.8  1929   91.5  1979  129.7  1979  165.5  1933  162.2  1979  157.7  1968  153.1  1931  119.4  1992   92.3  1989   51.9  2004   37.1  1985   152.0  1975   419.3  1969   506.5  1981   281.3  1993  1434.9  1924
   41.3  1929   57.5  1935   90.7  1952  127.9  1970  165.4  2006  158.8  1955  156.3  1960  152.6  1969  117.9  1922   92.0  2012   51.3  1953   36.9  2015   152.0  1947   418.0  1985   505.2  1922   279.7  1992  1432.8  1992
   41.0  1972   56.1  1979   90.1  1939  126.1  1981  165.2  1962  158.7  1988  155.3  1980  151.0  1924  117.1  1950   91.8  1923   50.3  1919   36.6  1920   151.3  1957   417.6  1963   504.2  1938   276.5  1994  1429.4  1993
   40.2  1964   55.0  1919   84.8  1983  125.6  1934  164.6  1923  157.3  2007  154.0  1922  150.0  2015  116.5  1976   89.8  1954   49.7  1981   36.3  1959   148.5  1978   415.3  1931   501.9  1982   276.5  1950  1408.0  1965
   40.1  2021   54.8  2017   82.9  2005  124.9  1964  164.3  1928  155.6  1964  153.7  1981  149.4  2011  116.1  1924   89.4  1953   49.6  1987   36.0  1978   147.7  1964   414.3  1998   501.1  1936   276.1  1926  1404.6  1941
   39.8  1950   54.7  1924   81.1  1980  124.5  1932  164.2  1931  154.0  1972  153.3  1957  148.5  1946  114.0  1941   88.6  1942   49.0  1924   35.7  1919   146.8  1926   414.1  1979   498.0  1944   272.7  1956  1400.4  1963
   39.6  1968   53.4  1978   80.7  1942  124.5  2018  163.9  2007  153.6  1981  152.6  1988  148.3  1977  113.6  1932   88.5  2017   48.9  1926   35.3  1947   146.5  1938   411.9  1947   493.7  1988   272.0  1958  1384.9  1926
   39.5  1936   53.0  1927   78.6  1936  122.6  1963  163.2  1951  152.5  1953  151.1  1939  147.0  1920  112.8  1984   88.4  1957   48.5  1936   34.5  1937   145.6  1941   410.4  1936   488.1  1977   270.9  1960  1382.5  1978
   38.9  1971   52.5  1958   78.5  1975  122.3  1998  160.7  1972  152.2  1956  149.9  1938  146.5  1925  111.3  1946   87.3  1966   47.5  1944   34.1  1953   145.3  1921   394.5  1937   486.3  1948   269.4  1963  1381.3  1972
   38.8  1953   51.5  1980   78.4  2018  122.1  1940  159.4  1968  148.2  1958  147.3  1931  146.4  1942  111.0  1957   85.1  1991   46.6  1958   33.6  1968   145.3  1982   394.0  1926   485.3  1920   267.7  1983  1378.4  1966
   38.5  1975   48.9  1942   78.0  1998  121.9  1930  158.7  1938  147.7  1954  142.0  1962  143.7  2010  110.6  1994   85.0  1937   45.3  1946   33.4  2002   143.0  1929   393.1  1991   483.9  1956   267.1  1941  1372.5  1920
   38.1  1941   48.9  1982   76.6  2001  121.1  1971  155.9  1941  147.0  1998  140.6  1936  142.0  1986  110.5  1983   83.8  2019   45.2  1932   32.9  1930   141.9  1976   392.8  1996   480.9  1980   265.8  1957  1369.3  1987
   37.4  1993   48.2  1993   75.7  2013  120.7  1926  155.5  1954  145.2  1971  140.0  1978  141.4  1948  108.9  1931   83.4  1924   43.9  1968   32.8  1958   141.1  1940   391.5  1928   480.2  1965   264.0  1984  1357.9  1954
   37.4  1960   47.3  1976   73.2  1960  116.6  1978  152.7  1969  140.0  1977  139.9  1919  137.6  1971  108.6  1920   82.2  1934   43.6  1945   32.0  1987   138.3  2011   391.4  1975   478.9  1931   260.6  1927  1357.4  1927
   36.0  1969   45.3  2011   72.3  1947  116.0  1993  150.5  1984  138.3  1997  137.6  1954  136.0  1963  107.2  1951   80.8  1946   43.4  1941   30.6  1971   138.0  1935   388.9  1923   474.1  1978   259.8  1936  1350.0  1931
   35.4  1921   43.7  1926   71.1  1992  113.6  1941  149.8  1930  134.3  1923  135.5  1920  135.1  1954  107.1  1969   79.0  1963   42.4  1983   30.0  1969   137.7  1969   387.8  1930   472.5  1927   255.6  1932  1349.1  1937
   35.2  1955   41.8  1972   69.5  1969  109.1  1931  149.4  1994  133.2  1991  135.3  1932  130.9  1922  105.4  1993   72.7  1960   41.3  1939   29.7  2021   132.2  1942   383.8  1964   471.5  1968   248.5  1924  1347.2  1936
   34.5  1973   38.4  1966   67.7  1996  104.5  1937  145.6  1991  127.0  2016  129.2  1937  130.5  1968  105.4  1927   71.8  1982   39.5  1962   29.2  1927   130.6  1993   379.2  1941   471.1  2012   242.1  1976  1317.3  1958
   33.9  1966   38.3  1965   65.4  1964  100.5  1961  131.1  1983  126.8  2012  128.7  1927  129.5  2021  104.2  1936   67.5  2020   39.4  1994   28.2  1934   130.0  1966   369.4  1932   464.4  1987   237.3  1946  1314.6  1932
   31.7  1970   27.9  1940   62.3  1981   92.2  1966  126.9  1981  126.8  1990  123.7  1944  127.8  1958   99.4  1956   62.8  1968   37.1  1934   25.0  1989   113.5  1972   360.4  1983   457.6  1958   233.5  1945  1302.8  1968
   23.1  1996   25.9  1947   61.1  1984   87.5  1920  111.2  1932  124.7  1987  120.7  1965  121.9  2008   82.9  1945   62.8  1976   34.7  2015   20.4  1956     ---  1919   315.4  1981   420.3  1954   231.0  1968  1299.0  1981