Areal values from HadUK-Grid 1km gridded climate data from land surface network
Source: Met Office National Climate Information Centre
Monthly, seasonal and annual total duration of bright sunshine for England SE and Central S
Areal series, starting in 1919
Last updated 01-Jan-2022 10:59
    jan  year    feb  year    mar  year    apr  year    may  year    jun  year    jul  year    aug  year    sep  year    oct  year    nov  year    dec  year     win  year     spr  year     sum  year     aut  year     ann  year
   87.7  1952  134.2  2008  187.6  1933  249.8  2020  327.5  2020  295.2  1975  307.4  2006  291.3  1995  224.4  1959  162.7  1921  104.5  1989   85.8  2001   254.0  2008   746.2  2020   838.0  1976   441.5  1959  1916.9  1949
   86.5  2003  122.5  2019  185.0  1995  239.0  2007  300.2  1989  293.5  1957  300.8  2018  282.0  1976  216.5  1928  160.1  1997  100.1  1971   84.7  1962   253.6  1949   664.1  1990   788.7  1989   431.6  1971  1893.1  1990
   84.8  1959  122.3  1949  184.4  1929  235.8  2011  282.3  1922  288.9  1925  291.5  2013  281.4  1947  211.3  1964  155.2  1959  100.1  2006   79.0  2008   242.0  2000   643.2  1948   759.9  1959   416.5  2003  1879.4  1959
   84.2  1984  121.8  1988  178.5  1938  234.1  2010  278.8  1990  278.7  1940  286.8  1934  260.6  1989  200.9  1929  153.9  1999   96.0  1996   75.0  2014   229.6  2019   613.8  1997   757.0  1975   413.2  1997  1879.0  2003
   79.2  2001  119.2  2018  178.1  2007  233.8  1990  267.2  1992  275.0  1976  286.6  1959  257.5  1998  194.5  2003  147.3  1919   95.2  1923   70.2  1946   228.4  2018   613.0  2011   756.4  2006   412.7  1921  1864.4  1995
   75.3  1940  107.0  1970  174.5  2012  233.2  1984  261.6  2018  270.0  2006  286.2  1928  255.3  1933  190.3  1997  146.6  2003   93.8  2005   69.9  1961   225.9  1952   608.7  1995   755.3  2018   402.8  2018  1860.4  1989
   75.1  2017  105.6  1939  174.4  2009  227.7  2015  252.7  1948  268.7  1962  281.0  1976  253.4  1990  187.6  1923  145.9  1971   92.9  1977   69.7  1999   225.1  1963   595.2  2007   750.8  1949   398.5  1964  1853.6  2018
   73.2  2012  104.3  1998  172.7  1924  225.0  2021  252.1  1997  266.4  1996  279.8  1935  251.4  1991  187.2  1933  143.8  1994   91.9  1988   68.6  2005   223.8  2015   595.0  1929   750.5  1933   394.5  1999  1833.9  1933
   73.2  1980  104.1  1928  168.9  2020  222.4  1948  250.7  1956  263.6  2018  278.6  1990  247.6  1923  185.6  1971  142.7  2018   90.5  1973   66.2  2009   220.5  1998   587.0  2009   744.0  1995   392.0  1928  1830.1  2020
   72.0  2000  100.2  2000  168.2  1948  218.8  1942  250.3  1929  263.1  2010  275.3  1989  239.9  2003  184.1  2018  137.4  1965   90.4  1925   65.1  2007   217.6  1984   579.6  1921   721.2  1996   388.0  1929  1820.4  1921
   71.1  1954   97.1  2014  167.5  1961  217.8  1997  249.2  1943  261.5  1942  270.5  1949  239.5  2005  181.1  2012  136.8  2011   89.7  1998   65.0  1936   217.0  2002   565.7  2015   710.0  1928   379.0  1923  1818.9  1929
   69.1  2015   96.0  2003  167.0  2003  214.5  1921  247.8  1919  260.8  1950  269.1  2014  238.7  1919  179.1  2015  135.9  2008   87.8  2001   63.5  1948   216.7  1988   565.3  1982   709.9  2014   378.4  1996  1790.4  1976
   68.3  1965   93.8  1922  166.9  1967  209.3  2002  246.5  1944  259.7  1969  266.5  1921  234.5  2016  178.6  1934  134.0  1920   87.6  1965   63.4  1929   216.6  2003   562.2  2010   708.4  1947   371.1  1973  1786.1  2014
   68.1  2005   93.7  1934  160.4  1955  208.3  1946  240.9  1995  259.5  1951  264.5  1983  234.3  1959  178.0  1921  132.3  1964   86.1  2007   63.2  1980   215.1  2014   560.8  1956   694.1  2013   368.6  2006  1763.1  1997
   67.7  1949   93.6  1990  160.2  2014  205.7  1949  239.7  1940  259.3  1970  256.6  1999  233.7  1975  177.7  2002  132.2  1922   84.6  2017   63.0  2019   214.6  2012   559.3  2003   693.3  1934   367.9  1990  1741.8  1999
   67.7  1994   93.4  1996  159.2  1982  203.8  1945  238.5  1927  253.4  1949  256.4  1929  233.2  1953  177.6  1979  130.9  1996   84.1  2016   62.5  1925   207.6  2009   559.0  1943   690.4  1994   366.4  1979  1737.9  2007
   66.4  1989   91.7  1989  158.8  1972  203.3  2017  233.6  1949  253.3  1994  254.5  1994  231.1  1983  175.6  1991  128.5  1961   83.9  1985   61.7  2016   205.9  1962   557.5  1949   688.1  1935   365.3  1947  1735.6  2009
   66.1  1979   89.4  2016  151.5  1990  203.0  1954  233.5  2011  252.9  1989  252.6  1955  228.2  2019  173.4  1940  128.3  2016   81.8  1999   61.4  1952   205.7  1939   555.0  1955   687.5  1983   361.2  1919  1731.9  1928
   65.8  1998   87.5  1985  150.2  1956  201.7  1969  232.2  1959  251.4  1960  250.2  1933  226.9  1949  173.4  1973  126.3  1962   81.4  1975   60.9  1986   203.3  2001   548.7  1945   686.3  1940   359.5  1949  1731.0  2019
   65.8  1947   87.5  1943  147.8  1973  196.6  1951  231.5  1961  248.8  1973  249.1  1995  223.3  1930  172.7  1953  126.3  1947   79.4  1969   60.9  2012   201.5  1928   547.1  1989   678.8  1921   358.4  2005  1716.7  2006
   64.8  1946   87.3  1999  146.2  1945  194.2  1976  231.4  1998  248.0  2015  246.7  1971  221.0  1996  172.7  1990  125.7  1995   78.8  1948   60.2  1983   197.2  1989   544.0  1953   677.6  1984   357.7  1965  1708.9  1948
   64.8  1986   87.3  1983  143.9  1997  191.4  2003  230.6  1921  246.9  1984  242.8  1924  219.3  1944  172.5  2019  125.5  1949   78.5  2013   59.0  1949   196.9  1981   542.4  1976   668.3  2003   357.4  2011  1698.8  1943
   64.6  2009   87.1  1960  143.7  2011  188.4  1982  230.4  1971  245.0  1933  242.0  1941  218.2  1993  172.2  2020  124.3  1980   78.3  1972   59.0  1965   195.7  1933   540.8  1922   666.1  1990   356.2  2007  1689.6  1996
   64.5  1991   87.1  1936  142.5  1968  188.0  2009  229.9  1980  244.4  1961  241.9  1967  217.2  2007  170.7  2004  123.3  1930   78.2  1990   58.7  1944   195.7  1934   539.0  1933   662.1  1929   355.7  1933  1680.2  1940
   64.2  1931   86.9  1967  142.3  2015  182.7  1995  229.1  1953  241.7  2014  240.5  1997  214.7  2000  170.0  1978  122.7  1955   77.2  1940   58.3  1976   193.7  1985   538.7  1944   660.9  2001   354.2  1985  1679.9  2005
   64.0  2014   85.9  1955  142.2  1932  180.6  2019  226.2  1934  239.2  1921  238.1  1984  214.4  2013  169.5  1939  122.7  1951   76.9  1949   57.7  2011   193.3  2020   538.0  1927   658.2  1930   353.1  1978  1676.6  1955
   63.2  1928   85.5  1975  139.3  1943  180.3  1939  224.8  1966  239.0  1930  236.3  1985  213.7  1981  168.0  1947  121.5  1985   76.8  1978   57.1  1994   191.1  2017   530.3  2014   657.7  1999   351.7  2016  1668.5  2011
   62.7  1963   83.7  2012  139.1  1931  179.6  1968  224.6  2009  238.9  1959  234.7  1946  209.3  1940  166.8  2009  121.5  1938   76.8  1986   57.0  1957   189.4  2006   526.9  2016   655.4  1951   350.6  1948  1665.8  2001
   61.9  2004   83.4  2002  137.9  1950  178.4  1953  222.6  2001  235.9  2017  233.8  1996  208.5  1937  164.3  1919  120.8  1969   76.5  1967   56.9  1973   188.9  1983   525.3  2017   653.8  1950   349.7  1940  1664.4  1952
   61.7  1967   83.2  1952  136.5  1953  177.9  1955  222.1  2005  235.1  2001  233.7  2019  208.1  1926  164.2  2011  120.5  2010   76.1  1929   55.8  1926   187.5  1999   521.8  2012   651.9  1969   347.8  1986  1663.6  2016
   61.4  1923   82.6  2001  136.3  1920  176.8  1938  221.0  1976  234.9  1952  228.2  1975  207.4  1964  163.6  1966  119.7  1945   76.0  2018   55.5  1972   187.4  2004   518.2  2019   650.6  2019   347.0  1988  1656.9  1975
   61.2  1933   82.3  1948  136.0  2016  176.8  2016  220.2  1952  231.0  2004  227.9  1969  204.9  1943  162.2  1954  118.5  1979   75.5  2003   55.4  1979   186.5  1943   518.1  1938   649.2  2005   346.5  1975  1653.6  2015
   61.2  2007   82.1  1977  134.4  1921  175.7  2008  220.1  1977  230.6  2008  226.5  2001  204.7  1955  162.1  2006  117.6  1975   75.2  2021   54.9  1951   186.0  1977   518.0  2002   645.5  1941   343.0  1995  1653.5  2017
   61.1  2019   81.6  1933  134.1  1993  174.6  1952  217.7  1982  230.1  1919  226.1  1923  202.7  1974  160.6  2007  117.0  1990   74.2  1995   54.2  1967   185.1  1994   517.2  1942   642.7  1925   341.8  2002  1643.4  1934
   61.1  1976   79.7  2015  134.0  1965  174.5  1933  216.7  1955  227.0  1922  223.2  1951  202.2  1935  160.1  2005  116.8  1941   73.6  2012   53.9  2013   184.7  1959   513.9  1924   639.6  1967   341.0  1925  1642.5  1947
   61.0  1924   78.8  1920  132.0  1944  173.4  1927  216.5  1974  225.6  1941  216.3  2008  201.6  1928  160.0  1970  115.8  1977   73.5  1960   53.8  1984   184.5  2005   510.7  2021   639.5  1970   340.7  1989  1639.5  2008
   60.9  1999   77.8  1963  131.6  1966  173.2  1947  215.8  1957  223.1  1947  212.9  2016  201.4  1932  159.9  1948  115.2  1983   72.8  1920   53.4  1991   184.5  1995   502.6  1950   636.8  1957   340.7  2012  1638.3  1967
   59.6  2016   77.6  1962  127.8  2017  173.1  1980  214.2  2016  223.0  1986  210.6  1964  200.9  2004  158.9  1999  114.8  1956   72.3  2000   53.3  1996   184.3  1967   501.2  1967   635.4  2017   336.0  2009  1638.2  1925
   59.2  1982   77.6  1938  127.1  1976  172.8  1987  213.1  1939  222.6  2003  210.5  1977  199.3  2001  158.0  1955  113.2  1986   72.0  1921   52.9  1932   184.1  1980   500.2  1974   631.2  1952   335.0  1955  1637.1  1973
   58.6  2010   77.0  1973  126.8  1940  172.6  1950  212.8  1970  222.3  1928  210.3  1991  199.2  2014  157.7  1986  113.1  1987   71.7  1956   52.6  1924   183.9  1987   496.6  1968   629.7  1955   333.1  1977  1630.2  1994
   58.3  1962   76.4  1956  126.3  2019  172.2  1974  211.3  2019  221.4  2009  208.2  1945  197.5  1973  157.4  1937  112.2  1928   71.0  1947   52.4  2003   183.6  2010   496.5  1961   626.5  1973   332.4  1998  1628.4  1961
   58.3  1981   76.2  1921  126.1  1927  170.9  1994  211.0  1925  221.1  1939  207.8  1952  197.3  2017  157.0  1949  111.9  1948   70.9  1937   52.3  1938   182.5  2016   496.2  1946   625.1  1943   331.4  1980  1627.6  2010
   58.2  1956   75.6  2020  124.6  2010  170.7  1957  210.3  1920  219.9  1992  206.4  2021  195.9  1972  156.4  1943  111.5  1993   70.5  1993   51.8  2017   181.9  1930   493.6  1959   618.7  1961   331.4  2001  1610.9  1953
   57.4  2018   75.4  1981  123.3  1930  170.5  1943  210.2  1942  217.9  1932  205.9  1963  195.7  2009  156.3  1974  111.4  1925   70.4  1979   51.6  1990   180.6  1925   493.3  1940   618.3  2004   330.3  1943  1605.6  1950
   57.3  1978   75.4  1971  122.9  1962  168.2  2014  209.2  1979  217.8  1967  205.8  2003  195.0  1985  155.8  1981  111.3  1988   70.2  1943   50.8  1960   180.2  1922   492.7  1957   617.8  2009   328.6  1970  1604.4  1970
   57.1  1927   75.2  1925  121.7  1935  167.3  2013  208.1  1988  216.9  1943  204.4  2020  193.5  1934  155.6  1982  111.0  1929   69.7  1942   50.6  1954   179.2  1946   491.6  1977   608.2  1953   328.5  2004  1604.3  1935
   57.0  1988   74.2  1968  121.5  1934  166.3  1977  205.2  2004  214.5  1993  204.1  2015  193.3  1929  152.3  1935  110.9  1931   68.8  1930   50.4  1997   177.7  1991   491.0  1939   606.6  1923   326.4  1961  1603.8  1984
   56.6  1935   74.2  1957  121.3  1999  163.5  1999  203.6  2010  214.0  1999  204.0  2010  192.6  1984  152.2  1944  110.3  1992   67.2  1951   50.4  1982   176.0  1937   488.2  1952   606.5  1993   326.1  2021  1601.0  1971
   56.1  1957   73.3  1984  121.2  1994  163.1  1960  203.5  1936  213.4  1938  203.9  1947  192.2  1966  151.7  2021  109.4  2007   67.1  1957   49.9  1964   175.9  1945   484.2  1980   603.9  2010   323.4  1930  1599.2  2004
   56.1  1934   73.1  2004  120.8  2000  161.4  1988  202.0  2014  213.0  1934  203.2  1943  190.9  2018  151.5  1996  108.6  1972   67.0  2009   49.4  1993   175.3  1950   483.7  2008   603.1  2020   320.6  1991  1595.8  1957
   55.0  1995   73.0  1931  118.8  2021  160.4  1929  201.4  2008  212.7  2020  202.6  1979  190.4  1950  149.0  1962  108.2  1933   66.9  1980   48.6  2020   174.6  1986   480.4  1934   601.7  1919   320.1  1937  1589.3  2012
   54.7  2008   72.4  1995  118.2  1949  160.1  1944  201.1  1978  212.4  1929  202.6  1950  190.0  1936  148.8  1985  107.9  1970   66.1  1952   48.6  1975   173.8  2007   479.6  1919   600.7  1974   318.6  1972  1588.9  2013
   54.7  2020   72.2  1969  118.1  1941  159.9  1956  200.9  2003  210.6  1966  202.2  2017  188.8  1970  148.6  1998  107.5  1936   65.5  1984   48.5  1974   173.4  1956   479.3  1987   600.3  2015   317.2  1953  1579.0  1951
   53.9  1987   72.0  1950  117.6  1986  159.2  1991  200.7  1924  210.3  2005  201.7  2007  188.5  2012  147.5  1975  107.2  1973   64.3  1961   48.3  1942   173.2  1931   476.3  1954   599.7  1924   316.9  1969  1579.0  1986
   53.7  2006   71.6  1932  117.2  1978  159.0  2004  198.9  2002  209.2  1974  201.1  1953  188.4  1952  146.9  1987  106.8  2014   63.3  1928   48.1  1992   172.7  2013   475.4  1971   598.3  1985   315.6  2019  1577.9  1919
   53.3  1920   71.0  2005  115.8  1926  156.8  1922  198.8  1963  208.4  1945  200.7  2009  188.2  1988  144.6  2014  106.5  2006   62.8  1997   47.9  1940   172.3  1975   472.8  2018   597.7  1926   315.2  1920  1574.6  1982
   52.8  1925   70.4  1986  115.6  1937  156.6  1958  198.7  1945  208.0  1920  199.5  2005  188.2  1997  143.8  1988  106.3  1978   62.7  1950   47.9  1963   171.2  1992   472.1  1973   596.0  1991   314.4  2010  1574.5  2002
   52.8  1997   69.9  1944  112.2  1958  155.7  2012  198.6  1987  206.5  1937  198.5  1961  187.1  1999  143.1  1995  105.1  1932   62.6  1982   47.7  1922   170.8  1968   471.9  1972   594.7  1962   314.0  1987  1572.9  1985
   52.5  1992   69.8  1930  111.7  1970  155.1  1996  197.2  1958  206.1  1935  198.3  1940  186.0  2002  142.6  1952  104.9  1950   61.9  1931   47.4  1923   169.1  1990   471.9  2004   593.8  1942   313.7  1954  1567.1  1998
   52.4  1985   69.6  1953  111.5  1974  154.3  1985  196.7  1964  206.0  1926  198.2  1925  186.0  2020  140.2  1980  104.8  2001   61.9  1959   47.1  1970   168.7  1955   471.6  1999   591.9  2007   312.9  2008  1566.2  1922
   51.5  1945   69.1  1987  111.5  1959  152.3  2006  195.9  2000  203.6  1995  198.1  1958  185.3  1965  139.2  2016  104.6  1981   61.8  2002   46.5  1928   168.5  1953   471.0  1992   588.2  1964   312.7  1952  1565.4  1939
   51.2  1983   68.8  2021  111.3  1971  150.0  1959  195.7  2015  198.9  2011  195.9  1930  183.2  1978  139.2  1925  104.5  2005   60.6  1970   46.3  1943   168.0  1974   465.9  1958   585.2  1998   311.6  2017  1564.2  1974
   51.0  1961   68.3  2007  109.7  2002  149.2  1983  194.3  2017  197.3  1924  193.4  1948  182.6  1994  138.9  2001  104.1  1952   60.3  2020   46.2  1945   167.6  1961   464.6  2005   583.8  1945   311.4  1938  1560.7  1983
   50.9  1932   68.2  1946  108.8  1985  148.4  1973  192.5  2013  195.0  1982  191.7  1986  181.9  1939  138.4  1958  103.9  2004   60.3  1933   46.0  2018   167.3  1924   463.9  1925   580.5  1986   311.2  1922  1560.1  1962
   50.7  1943   68.1  1929  108.7  1963  147.7  2005  192.1  1950  193.7  2021  191.4  1970  180.5  1982  137.5  2010  103.7  1943   60.2  1963   45.9  1933   166.7  1923   463.8  1988   577.8  1960   310.8  1962  1556.3  1923
   50.7  1926   68.1  1994  108.6  2006  146.9  1925  192.1  1986  193.2  1931  188.8  1974  179.9  1967  136.5  1926  102.3  2002   59.0  2019   45.7  1981   166.6  1920   458.6  1965   575.6  1997   310.0  1935  1552.0  1944
   50.0  1951   68.1  2013  107.9  1987  146.3  1967  192.0  1946  192.3  1936  188.3  1987  179.0  2006  135.3  1938  102.3  1927   58.9  1992   45.6  1939   166.1  1954   457.1  2000   574.8  2008   309.7  2014  1545.0  1945
   49.8  1990   67.1  2006  107.7  2004  145.6  1962  191.6  2012  191.9  1983  187.1  2011  177.9  1987  134.9  1989  102.1  2009   58.6  1954   45.4  2004   166.0  1973   456.8  1951   574.5  1946   309.2  1981  1544.1  1930
   49.7  1937   66.4  1974  106.6  2008  145.3  1989  188.3  1947  189.1  1980  186.5  2004  177.9  1941  134.3  2017  101.9  1935   58.3  2014   44.7  1950   165.6  1927   454.7  1986   574.3  2016   306.9  1944  1543.9  1938
   48.8  1930   66.3  1941  106.2  1957  145.0  1986  188.0  1967  189.0  1944  185.9  2002  177.5  1979  134.1  1942  101.8  1958   56.6  1922   44.5  1935   165.6  1970   450.4  1970   570.9  1939   305.3  2015  1541.7  1924
   48.7  1922   66.2  1959  106.1  1954  144.3  1975  186.8  1999  188.8  2019  183.6  1926  176.9  1962  133.6  1961  101.3  1989   56.4  2010   44.3  2006   165.5  1971   450.3  1994   567.2  1932   304.6  1939  1540.2  1988
   47.8  2002   65.9  1961  106.0  1925  142.7  1972  186.8  1935  188.7  1978  182.0  1982  175.8  1961  133.2  1968   99.4  1944   56.4  2011   44.0  1941   164.7  1936   450.2  1966   562.9  1966   303.7  1974  1539.7  1969
   47.8  1939   65.7  1945  105.1  1977  140.5  1924  185.0  1965  188.2  2013  180.2  1973  175.4  1980  132.9  1960   99.2  2021   56.3  1966   41.5  2000   164.4  1948   446.5  1984   561.2  2000   302.5  2013  1537.6  1942
   47.7  1958   65.5  1951  103.8  1979  140.4  2000  184.1  1993  188.2  1963  179.2  2012  174.2  1957  132.6  1965   99.0  1940   55.9  1976   41.3  1995   164.2  1996   445.3  1993   558.6  1937   301.9  2020  1535.2  1980
   47.1  2011   65.3  1992  102.1  1928  139.6  1965  184.0  1996  183.4  1927  178.6  1956  173.2  1927  131.7  1972   98.9  1957   55.8  1935   39.9  1977   163.6  1997   445.2  1935   557.5  1982   299.0  1966  1530.5  1964
   45.8  1938   64.0  2009  101.8  1922  138.3  1928  181.2  1937  180.9  1968  175.7  1998  173.1  1921  131.5  1976   98.2  1967   55.3  1944   39.8  1947   162.4  1947   441.1  1979   550.8  2011   298.4  1956  1528.4  1946
   45.6  1977   61.5  1991  101.6  1989  137.9  1992  180.6  1960  178.5  1948  174.0  2000  172.6  1951  131.3  1930   98.0  1974   54.9  1964   39.5  1985   160.7  1965   441.0  1985   549.4  2002   298.2  1992  1525.9  2000
   44.7  1974   61.3  1937   99.8  1923  137.6  1936  178.1  2007  177.5  2002  173.8  1993  171.3  1956  129.9  2008   98.0  1926   54.7  1938   39.3  1998   160.4  1960   440.1  1998   548.4  1963   296.6  1994  1513.1  1979
   44.4  1942   60.7  1954   99.4  1991  137.4  2001  177.9  1985  176.4  1965  173.3  1942  167.1  1945  129.0  1992   97.5  2013   54.6  1991   39.2  1988   160.3  1951   439.5  1978   544.7  1971   296.4  1951  1509.6  1956
   44.3  1950   60.1  1935   97.5  1939  136.6  1935  176.9  1933  173.9  1953  170.0  1972  167.0  1938  127.7  2000   96.6  2015   54.5  1927   38.8  1955   159.9  1932   439.0  1969   538.7  1938   295.7  1931  1507.2  2021
   43.8  2013   59.0  1924   95.9  1946  136.1  1919  175.9  1973  173.9  1946  169.1  1957  165.9  1946  127.1  1941   96.2  1923   54.2  1955   37.9  1987   159.9  1944   436.9  1947   537.7  2021   294.7  1967  1498.7  1991
   43.8  1944   58.8  2010   95.7  1919  135.2  1964  175.7  1928  173.0  2007  168.6  1988  165.8  1986  126.4  2013   95.1  1953   54.0  1987   37.7  1921   159.2  1926   436.4  1920   537.4  1992   293.9  2000  1481.7  1993
   43.1  1919   57.8  1919   94.8  2005  134.2  1923  174.5  1968  172.5  1955  167.9  1939  164.9  2011  125.7  1963   94.2  1939   53.9  2004   37.4  1931   157.8  1938   434.1  1962   537.0  1972   291.8  1958  1481.7  1977
   43.0  1971   57.6  1964   94.7  1951  134.0  2018  170.5  1972  172.4  2000  166.4  1992  164.3  1960  124.5  1977   94.1  1998   52.8  1983   36.0  1930   156.9  1929   433.5  1963   534.1  1944   291.6  1934  1475.8  1965
   42.4  1968   57.5  1923   94.3  1988  133.7  1971  170.4  1923  171.1  1972  165.3  1931  164.3  1969  122.8  1931   93.9  2000   52.7  1924   35.8  1966   155.7  1982   428.0  1936   531.8  1936   291.3  1982  1474.6  1941
   42.3  1948   57.5  1997   93.7  1983  132.7  1934  169.6  1931  170.2  1964  163.1  1980  164.0  1920  122.5  1922   92.9  1954   51.7  1958   34.6  1920   152.5  1941   426.6  2013   530.2  1979   291.3  1942  1472.4  1992
   42.2  1929   55.5  1980   93.4  1952  130.8  1981  168.4  1926  167.0  1985  162.2  1960  159.6  1924  121.9  1924   92.7  2017   49.7  1945   34.5  1919   152.4  1979   426.5  2006   527.6  1980   288.3  1960  1470.0  1960
   39.9  1960   54.3  2017   88.2  1942  128.0  1979  167.2  1954  157.5  1981  161.6  1922  159.0  1942  120.6  1950   91.8  1937   49.6  1946   34.4  1937   152.4  2021   426.1  1960   527.0  1948   288.2  1950  1463.4  1987
   39.7  1993   53.9  1979   86.9  1936  127.1  1993  167.0  2021  156.6  1954  160.1  1966  155.6  1925  120.0  1967   90.8  1984   49.6  1919   34.3  1953   150.6  1978   425.8  2001   525.3  1981   287.9  1941  1460.5  1972
   38.3  1975   53.4  1978   82.4  1960  127.1  1932  166.6  1969  155.0  1971  159.7  1968  155.1  1948  118.7  1946   90.5  1991   49.4  1953   34.2  1927   149.9  1958   423.8  1931   523.9  1922   287.7  1993  1448.2  1978
   38.3  1941   53.2  1993   82.0  1998  127.1  1930  165.9  1975  154.6  1988  158.3  1938  154.4  1963  116.6  1969   87.5  1942   49.4  1974   34.1  2002   149.3  1976   416.0  1928   512.5  1978   282.2  1983  1439.1  1937
   37.5  1953   52.7  1927   81.1  1980  126.7  1998  165.7  2006  152.3  1958  154.2  1981  151.0  1992  115.4  1994   86.2  1946   48.8  1981   33.7  1958   148.5  1940   415.0  1937   512.2  1920   278.9  1957  1436.8  1927
   36.8  1972   50.8  1982   77.2  2018  126.7  1940  165.6  1962  152.1  1998  149.5  1936  149.3  1931  114.1  1983   86.0  2012   47.2  1968   33.5  2015   147.9  1957   413.8  1996   511.4  1988   276.8  1926  1434.7  1963
   36.6  1964   46.0  1926   75.4  1947  126.0  1963  165.5  1951  150.1  1979  149.0  1962  148.2  2015  112.9  1957   84.1  2019   47.1  2008   33.4  1959   146.2  1921   408.0  1930   509.2  1987   268.5  1984  1431.9  1926
   35.5  1966   45.2  1958   74.7  1996  125.9  1970  162.8  1938  148.4  1956  148.5  1954  146.2  1977  112.2  1984   81.8  1960   46.4  1936   32.9  1968   145.0  1935   405.0  1926   509.0  2012   267.7  1927  1430.6  1920
   35.4  1921   42.6  1942   70.7  1969  121.2  1978  161.8  1941  146.9  1997  147.9  1932  145.4  1954  111.9  1956   81.1  1924   44.5  1932   32.4  1978   142.2  1964   404.4  1923   507.9  1931   264.4  1963  1423.0  1954
   35.0  2021   42.5  1965   70.5  1975  120.8  1926  158.3  1994  143.0  1987  143.5  1937  143.1  1971  110.9  1927   79.1  1966   44.0  1941   30.9  1971   141.0  1993   402.7  1991   498.3  1956   257.0  1932  1416.0  1966
   33.5  1973   42.5  2011   68.2  1984  118.2  1937  157.7  1930  141.3  2012  140.7  1978  137.5  2021  108.5  1920   78.5  1963   42.3  1926   29.7  2010   138.2  1969   399.6  1964   489.7  1965   255.6  1924  1402.0  1931
   33.2  1969   40.6  1972   67.7  1964  115.1  1931  149.4  1983  134.3  1991  140.2  1920  136.7  2010  107.4  1932   75.8  1934   40.8  1939   29.0  2021   131.0  1942   392.6  1941   489.3  1977   255.0  1936  1400.1  1936
   33.1  1936   39.6  1976   66.8  2013  112.8  1941  145.1  1984  134.1  1990  132.8  1919  135.3  1922  106.6  1951   73.0  1982   37.4  1994   28.3  1934   127.1  1966   392.3  1983   487.1  1927   254.5  1946  1390.2  1932
   32.2  1955   32.6  1966   66.4  1981   97.5  1961  144.1  1991  133.0  1923  130.6  1927  127.9  2008  105.7  1993   69.4  2020   37.3  1934   26.7  1969   119.3  2011   390.6  1932   475.9  1958   251.0  1976  1362.2  1968
   31.9  1970   27.6  1940   65.9  1992   93.9  1966  127.2  1981  132.6  1977  128.1  1965  127.0  1968  101.1  1936   68.2  1968   35.5  1962   25.8  1989   108.3  1972   380.8  1975   467.6  1968   249.1  1945  1360.3  1958
   29.5  1996   26.4  1947   65.8  2001   89.7  1920  121.3  1932  126.9  2016  125.8  1944  125.4  1958   79.6  1945   63.6  1976   29.5  2015   17.6  1956     ---  1919   324.3  1981   450.5  1954   248.5  1968  1338.3  1981