Areal values from HadUK-Grid 1km gridded climate data from land surface network
Source: Met Office National Climate Information Centre
Monthly, seasonal and annual total duration of bright sunshine for Midlands
Areal series, starting in 1919
Last updated 01-Jan-2022 11:00
    jan  year    feb  year    mar  year    apr  year    may  year    jun  year    jul  year    aug  year    sep  year    oct  year    nov  year    dec  year     win  year     spr  year     sum  year     aut  year     ann  year
   74.3  1952  118.1  2019  169.1  2012  233.9  2020  293.5  2020  284.3  1957  289.2  2006  264.0  1995  179.0  1929  134.0  2003   94.6  2006   75.4  2014   225.3  2015   678.0  2020   721.7  1976   370.5  1971  1690.3  2003
   73.1  2001  115.7  2008  166.3  1929  221.0  2021  255.6  1989  272.9  1940  269.9  2013  259.6  1947  175.7  1959  132.7  1919   90.0  2005   73.3  2001   220.8  2000   574.5  1948   716.1  1989   362.9  2003  1678.4  1995
   72.5  2015  104.8  1988  163.6  2003  218.5  2015  249.8  2018  260.1  1975  268.0  2018  236.4  1989  172.0  1964  130.5  1921   85.4  1977   68.2  2008   213.8  2019   567.4  1990   681.2  1975   353.4  1959  1662.8  1989
   71.9  2012  104.5  1949  161.8  1995  216.0  2007  243.4  1992  259.7  1960  259.9  1955  230.8  1976  171.0  1991  129.9  1959   84.6  1996   63.7  2009   210.9  2001   538.1  2003   672.6  1995   349.8  1986  1635.6  2018
   71.6  1959   99.1  2016  157.9  1967  213.4  1984  240.5  1948  248.3  1925  258.9  1990  219.6  1975  169.8  2020  128.1  1997   84.1  1971   58.3  1980   209.9  2008   538.1  2011   667.0  2018   345.2  1999  1626.0  2020
   70.6  2003   97.1  1970  156.1  2009  209.2  2011  234.5  1943  246.1  1969  255.6  1989  217.1  1933  166.4  2019  127.6  1971   83.9  1925   58.1  2012   206.0  1952   533.1  2009   654.7  1959   341.8  1921  1619.1  1949
   69.0  2000   96.5  2018  155.6  1933  206.8  1942  233.6  1990  242.0  1976  248.9  1976  214.8  1983  166.3  1986  126.0  2008   82.0  1973   57.7  1967   205.4  2018   531.4  1995   645.3  1984   341.1  1929  1605.5  1990
   66.9  1984   96.5  2000  152.0  1948  192.7  1990  233.4  1997  238.4  1950  247.8  2014  209.0  1990  164.1  2003  124.1  2018   81.8  2017   57.4  2013   201.4  1949   528.4  1929   643.2  1949   338.4  2006  1604.6  1959
   66.6  1991   91.9  1989  150.7  2020  190.5  2010  230.0  1956  237.2  1949  246.9  1984  207.4  2005  163.7  1933  122.8  1995   80.7  2016   56.8  1929   198.9  2014   519.2  2007   642.5  2006   334.7  2018  1580.2  1921
   66.4  1994   91.3  2003  147.5  2007  190.3  1945  228.5  1919  236.4  1996  245.3  1934  205.5  1991  163.3  2015  120.0  1999   80.5  1988   56.4  2019   196.9  2003   518.5  2010   641.9  1996   333.8  1964  1562.7  1929
   65.2  1965   89.9  2001  144.1  1961  188.2  2002  228.4  1922  235.5  2010  243.4  1935  203.4  1959  161.4  1954  117.0  1955   77.6  2013   55.6  2004   195.2  2012   516.6  1921   636.0  1933   320.9  2016  1557.1  2006
   63.8  2007   89.1  1998  141.8  1955  186.8  1921  223.8  1929  233.4  1970  236.0  1928  202.9  2016  160.5  1940  116.6  2011   77.2  1947   55.5  2005   192.3  1989   516.6  1982   624.9  2013   320.3  1975  1551.1  2019
   62.6  2010   88.7  2004  141.2  1990  184.0  1969  223.7  1921  232.1  2018  232.9  1999  200.9  2007  159.6  1921  116.6  2010   77.0  1989   55.3  1999   191.0  2004   514.9  1943   623.3  2014   317.1  2012  1543.9  2009
   61.8  1962   87.5  1934  138.9  2014  183.0  2003  220.6  1977  226.5  1921  230.1  1921  199.8  2019  159.4  2004  115.8  1931   76.7  1985   55.2  1962   190.1  2020   511.5  2015   622.9  1940   316.6  2007  1542.7  2007
   60.8  1989   83.9  2014  138.2  1938  182.1  1948  220.0  1949  226.1  1962  227.7  1959  198.2  1998  158.8  1971  111.9  1981   76.5  1986   55.1  2017   187.5  2002   505.8  1997   619.7  1935   316.2  1928  1542.1  2014
   59.1  1999   83.8  1943  136.4  1924  181.1  1951  218.7  2005  224.2  1989  225.2  1996  197.5  2003  158.5  1928  111.5  1961   76.4  1923   55.0  1946   186.0  1933   499.1  1956   600.5  1983   315.6  2011  1532.5  2015
   59.0  2009   82.5  1933  135.6  1931  175.8  1946  216.8  1982  223.7  1959  224.9  1971  194.6  1984  156.5  1999  111.2  1922   75.4  1975   54.9  1984   185.9  2009   497.9  2017   600.0  1969   315.4  1981  1529.7  1955
   59.0  1963   80.0  1952  135.5  1982  175.5  1995  216.7  1971  219.7  2015  221.4  1983  194.4  1919  155.9  2012  110.4  1964   75.4  1969   53.3  1965   182.2  1988   495.3  2019   598.9  1928   314.5  1996  1527.5  1933
   58.7  1967   79.4  1999  134.1  2011  175.4  2017  215.8  1966  218.1  1973  220.2  1995  194.2  1953  155.5  1979  110.1  1930   73.2  1972   53.3  2003   181.0  1962   487.5  2016   598.0  1921   314.4  1919  1520.3  2016
   58.4  1990   79.0  2020  130.7  2019  168.5  2019  215.8  1980  217.1  1967  217.8  1969  194.1  1949  155.2  1981  108.1  1983   72.8  1938   52.9  2011   180.7  2010   487.0  1955   594.7  1934   314.2  2010  1516.3  2010
   57.6  2014   79.0  1973  130.1  2010  167.4  1954  213.8  1959  216.5  1951  217.7  1997  193.1  1935  152.9  2006  107.5  2016   71.7  1978   52.8  2016   180.1  1963   486.1  1949   588.5  1994   314.0  1979  1513.1  2011
   57.5  1933   78.5  1996  127.8  1965  165.5  2016  212.4  2009  215.6  1942  215.8  1994  192.4  1923  151.1  2005  107.0  1986   69.5  2010   52.3  1976   177.7  2016   484.7  2012   580.6  1947   313.8  1955  1507.2  2013
   57.5  1986   78.5  1939  127.5  1973  164.7  2009  211.1  2001  213.5  1961  215.5  1933  188.2  2000  148.7  2002  106.2  1996   69.3  1965   51.8  1951   176.9  1999   484.5  1953   577.3  1950   313.6  2005  1504.1  1975
   57.4  1980   77.4  2015  125.7  1972  164.4  1968  210.1  1935  212.6  2006  211.9  1949  187.2  1926  148.5  1955  105.9  1980   68.7  1999   51.2  1994   176.5  2005   480.7  2021   575.7  1990   313.0  1947  1497.4  1943
   55.6  1940   77.4  1955  125.3  1956  164.3  1982  205.3  2016  208.9  1922  205.9  1941  186.1  1930  147.7  2018  105.8  1994   68.2  2007   50.8  1983   176.4  2007   480.3  1989   575.5  1955   312.1  1988  1496.3  1999
   55.2  1928   76.9  1957  124.7  2017  164.0  1994  203.4  1942  207.0  1939  204.6  1943  185.4  1964  145.5  1923  104.8  1929   67.9  2009   50.5  1986   176.2  1995   475.4  2002   574.2  2003   309.8  1995  1490.8  2005
   54.7  2020   76.7  1922  124.4  1997  161.5  1939  202.8  1953  206.6  2003  202.1  1967  184.4  1974  144.9  1934  104.7  2007   66.6  1952   50.5  1979   175.9  1985   472.4  1945   569.7  1941   308.5  1997  1485.3  1935
   54.7  1979   76.3  1985  124.0  1945  161.0  1949  198.6  1940  206.2  1930  201.5  1975  180.9  1937  144.2  2011  104.0  1975   65.9  1995   50.5  1961   174.5  2013   465.8  1942   569.7  2005   305.0  1923  1483.4  1984
   53.8  2018   75.8  2002  122.1  1943  161.0  1953  197.9  2010  203.8  1984  199.5  2021  180.7  2014  143.7  2007  103.9  1956   65.8  1930   49.9  1948   174.4  1934   458.3  1935   562.5  1967   301.2  1973  1483.2  1997
   53.0  1934   74.5  1990  121.4  1978  160.9  2013  197.7  2017  203.5  1933  196.6  1929  180.5  1997  143.0  1997  102.6  1928   65.6  1998   49.5  1952   173.6  1998   457.0  1946   561.9  1999   298.5  1961  1475.7  1976
   53.0  2011   74.3  1967  120.8  1953  158.3  1943  197.6  2012  201.9  1994  192.0  1991  180.2  1996  141.3  1987  102.3  2001   64.9  2012   48.9  1949   173.1  2006   456.0  1977   560.0  1929   298.3  2004  1475.3  2001
   52.9  1931   74.3  1928  119.6  2015  157.5  1980  196.5  1944  201.7  1929  191.9  1924  179.1  1940  140.9  1975  101.7  1987   64.8  2003   48.9  1960   170.7  1967   453.0  1922   554.9  1961   298.2  1991  1457.2  2017
   52.6  1956   73.9  1936  119.2  2008  157.5  1977  196.0  2019  199.5  1941  188.6  1953  178.9  1981  140.9  2021  101.2  1952   63.0  2001   48.6  1974   169.3  1994   452.4  1944   554.8  1925   298.1  1980  1446.1  1973
   52.6  1987   73.8  2021  118.6  1944  157.5  1938  194.8  2011  198.9  1919  187.6  2016  178.4  1961  139.5  1990  100.7  1951   62.9  2018   48.3  1973   168.5  1984   449.9  1973   553.1  2015   298.0  2019  1446.0  1940
   52.6  1995   73.6  1946  118.2  2000  153.8  1955  194.3  1978  197.3  1963  186.8  2019  177.3  1955  139.5  1919  100.1  1993   62.3  2021   48.2  1936   165.3  1956   449.7  1980   549.3  1930   296.7  2021  1444.4  2008
   52.6  2005   72.9  1920  118.1  1994  153.6  1973  194.1  1995  196.4  2011  186.6  1951  176.8  1993  139.3  1937   99.2  1938   62.3  1976   47.9  2000   163.6  1986   447.4  1938   549.3  1970   294.4  2009  1438.1  1994
   51.9  1954   72.8  2013  116.8  2016  153.4  1952  193.8  1998  194.9  2008  185.7  2015  175.2  2017  139.3  1947   99.0  1979   61.7  1961   47.7  2010   163.4  1991   441.2  1959   548.9  1951   293.3  1954  1434.9  1996
   51.5  2019   72.3  1995  116.3  1962  152.9  1927  193.7  1970  194.9  2014  185.0  1985  174.0  2013  138.7  1942   98.7  1936   60.3  1943   47.6  2020   162.2  1987   440.3  1919   545.6  1960   293.2  1989  1431.4  1967
   51.1  2017   72.0  1986  115.8  1950  151.3  2006  192.0  1957  194.2  2004  185.0  1977  173.7  1988  138.1  1949   96.6  1941   60.0  1940   46.9  1925   161.4  1981   439.6  2000   544.1  2001   293.2  1940  1431.0  2004
   50.9  1958   71.0  2006  114.0  1968  150.6  1987  191.5  2003  192.2  1986  183.0  1946  173.7  2001  137.9  1953   96.5  1947   59.5  1979   46.6  1957   161.1  2021   439.4  2018   540.0  1993   292.1  1985  1428.0  1948
   50.9  1974   70.8  2007  113.9  1986  150.1  1936  191.4  1955  191.6  1992  183.0  2001  173.2  1944  137.4  1982   96.3  1998   59.3  1957   46.0  1932   156.7  1958   439.1  2014   537.8  1957   291.7  1925  1427.0  1986
   49.6  1988   70.3  2012  112.5  2002  149.8  1950  189.8  2004  191.4  1943  182.2  2008  172.5  1928  136.7  1978   96.3  2012   59.0  1967   45.9  1954   156.3  1970   435.6  1992   536.9  1943   291.4  2020  1425.0  1970
   49.3  1976   70.0  1960  112.0  1920  149.1  1960  189.5  1961  190.4  1928  178.7  2007  171.1  1936  136.6  1935   96.3  1926   58.6  2008   45.4  1993   156.2  1955   431.1  2005   534.9  2009   291.0  1933  1421.5  2021
   49.0  1983   69.5  1956  109.6  1966  149.0  1962  188.0  1952  190.1  1993  177.7  1964  171.0  2009  136.5  2009   96.1  1988   58.5  1960   45.4  1944   155.6  1939   428.7  2008   533.7  1973   289.9  2008  1421.5  2012
   49.0  2004   68.8  1962  109.1  1935  147.9  1997  187.7  2000  190.0  2009  177.7  1925  170.7  1994  136.0  1980   96.0  1949   57.5  2020   45.4  1996   155.4  1943   428.3  2001   531.8  2019   289.6  2002  1420.4  1952
   48.9  2008   68.6  1948  109.1  1932  145.3  1999  185.8  1974  188.8  1932  176.8  1950  170.4  1973  135.6  1988   95.1  1984   57.4  1937   45.3  2007   154.6  1968   427.3  1970   531.3  1974   289.3  1949  1417.4  1934
   48.8  1932   68.3  2005  108.8  1940  144.5  1957  185.6  1975  188.5  1995  176.7  2017  170.1  1972  135.2  1973   95.0  1967   57.3  1929   45.2  1964   154.6  1945   426.7  1952   530.9  1926   286.7  1990  1408.3  1928
   48.6  1930   67.1  1997  108.7  1993  143.8  1956  184.8  1964  188.1  1968  175.6  2005  168.9  1965  134.6  1970   94.9  1962   57.1  1951   44.2  2018   153.5  1922   426.6  1933   527.0  2007   286.4  1978  1406.2  1961
   47.9  1923   65.9  1963  107.3  1970  143.1  1959  184.1  2013  187.5  2001  173.8  2009  168.1  2004  133.4  1966   94.7  1990   56.8  1948   43.7  1938   153.4  1928   425.4  1957   525.5  2017   285.9  2013  1398.6  2000
   47.2  1924   64.7  1925  106.3  1946  142.0  1922  183.2  1988  187.2  2021  173.8  1963  167.9  1992  133.1  1963   94.4  1950   56.3  1982   43.1  1955   153.4  1990   424.8  1962   523.8  1997   284.7  1987  1398.2  1919
   47.2  1982   63.8  1941  106.1  1921  140.3  1947  183.1  1920  186.7  2005  173.1  1993  167.0  2018  132.9  1974   94.0  1943   56.2  1992   42.8  1970   152.7  2017   422.6  2013   523.4  1991   284.6  1943  1393.8  2002
   47.1  1949   63.7  1945  105.1  1949  140.1  1925  182.9  1934  184.2  1999  172.0  2011  166.0  1952  132.7  2016   93.6  2021   56.2  1980   42.7  1990   152.6  1997   422.3  1927   522.3  1919   284.3  1930  1383.8  1925
   46.9  1920   61.3  1981  103.8  1927  139.7  1958  180.9  1986  184.2  1974  171.8  1923  165.6  1934  130.2  1943   93.3  1939   55.2  1949   41.8  2006   152.3  1974   421.2  1984   521.1  2004   284.0  2015  1383.7  1953
   46.6  1998   61.0  1969  103.6  1985  139.1  1935  177.9  1963  183.8  1934  170.9  1940  164.2  1941  129.4  1989   92.7  1970   55.1  1928   41.0  1963   152.1  1946   421.1  1994   518.9  2010   280.5  1970  1379.3  1971
   46.5  2006   60.9  1992  102.9  2021  139.1  2005  177.0  1939  183.1  1935  170.3  1979  162.1  1950  128.2  1944   92.6  2002   54.8  2000   39.7  1995   151.7  1920   421.1  1950   515.3  2016   279.8  1977  1378.8  1950
   46.2  1978   60.9  1971  102.3  1989  138.3  1929  174.9  1946  181.7  1920  170.1  2003  161.7  1929  128.1  2010   92.4  2004   54.8  2011   39.6  1988   149.8  1977   420.8  1965   515.3  1953   278.8  2017  1370.8  1957
   45.5  1945   60.3  1921  102.0  1999  138.3  2014  174.9  1987  181.4  1952  170.1  1948  160.3  1979  127.2  2014   91.2  1920   54.5  1927   39.4  1981   149.8  1936   420.0  1987   514.4  1992   275.8  1952  1369.0  1974
   45.0  1947   60.2  1954  101.9  1941  138.2  1965  174.6  2002  181.4  1926  167.8  1986  159.8  1966  126.9  1985   90.8  2006   54.0  1935   39.2  1975   149.0  1930   419.4  1939   514.2  1952   275.3  1935  1364.9  1988
   44.7  1985   59.8  1983  101.2  1976  137.5  1991  174.6  2008  180.9  2013  167.1  1958  159.6  1970  125.4  1961   90.2  1969   53.8  1922   39.1  1977   149.0  1980   418.4  2004   507.8  2011   274.9  1938  1361.9  1947
   44.6  2016   59.4  1950   99.8  2004  137.3  1944  173.3  2015  177.5  1965  166.8  1952  156.2  1982  123.7  1996   89.9  2009   53.2  1970   38.8  1935   146.7  1959   418.0  1940   503.8  1942   274.5  1998  1361.4  1951
   43.8  1927   59.1  1958   99.5  1934  136.9  1974  172.9  1937  176.9  1938  165.9  1942  154.5  1932  122.9  2013   89.7  1977   52.5  1954   38.7  1950   146.4  2011   417.0  1967   502.9  2021   270.7  1974  1357.7  1982
   43.7  1935   59.1  1987   97.8  1958  134.9  2008  172.9  1960  175.8  1945  163.9  1945  152.9  1985  121.5  1925   89.0  1945   52.5  1990   38.6  1926   146.3  1983   416.9  2006   500.1  1985   269.5  1942  1351.2  1942
   43.6  2013   58.9  1979   97.6  1930  134.2  1976  172.3  1958  173.7  2017  163.4  2012  150.9  2020  121.1  1995   88.4  1985   52.3  2014   38.5  1998   145.1  1973   415.2  1968   497.6  1979   266.5  2001  1350.0  1962
   43.0  1946   58.7  2009   94.4  1987  133.7  2000  171.2  2006  172.6  1947  163.0  1961  150.8  1945  119.8  1932   88.4  1958   51.7  1921   37.9  1997   144.4  1979   415.1  1978   495.6  1963   264.6  1937  1349.5  1977
   42.4  1957   58.1  1937   94.4  2006  133.4  1933  170.8  1993  172.0  2020  162.9  2002  149.9  1931  118.0  1948   87.7  1965   51.3  1964   37.6  1966   143.5  1937   414.3  1974   495.6  1962   263.5  1966  1348.6  1969
   41.9  1977   58.0  1968   92.9  1954  133.4  1983  168.8  1973  167.7  2002  162.7  1974  149.2  2012  117.2  1939   87.4  1974   50.5  1956   37.5  1982   141.5  1953   412.7  1961   493.0  2008   263.0  1953  1338.4  1922
   41.8  1981   58.0  1961   92.8  1919  132.8  1924  167.4  1979  167.0  1979  162.3  1926  149.0  2002  116.5  1960   86.8  1989   50.3  1974   37.4  1931   141.0  1954   412.1  1986   492.7  1964   262.7  2014  1336.8  1979
   41.5  1943   57.4  1994   92.7  1988  128.9  2004  166.3  1996  164.3  1983  159.3  1972  147.8  2015  114.4  1926   86.3  2019   50.2  1931   37.1  1923   140.2  1925   410.4  1966   492.2  2000   262.7  1982  1335.0  1992
   40.3  1938   57.1  1931   92.3  1926  126.3  1970  165.6  1927  162.4  1927  158.7  1987  146.6  1960  114.0  2017   86.3  1932   49.1  1991   37.0  1924   139.7  1932   409.8  1958   490.5  1945   261.2  1967  1329.8  1985
   40.2  1922   57.0  1953   91.6  1974  125.7  2001  162.0  2014  162.2  1985  158.7  2004  146.5  1962  112.9  2000   86.2  1925   48.9  1950   36.6  1921   138.8  1965   409.2  1924   487.4  1939   260.7  1951  1326.6  1983
   40.2  1972   55.6  1977   91.5  2001  122.4  1989  161.4  1925  160.4  1946  157.7  1982  145.8  1951  112.5  1998   85.9  1992   48.3  1955   35.9  1940   138.6  1961   409.0  1951   486.3  1923   260.5  1922  1325.8  1980
   40.2  1997   55.3  1944   90.9  1963  122.3  1928  161.0  1947  160.2  1924  157.0  1930  145.6  1939  110.0  1924   85.7  2000   48.3  2002   35.6  1943   138.3  1971   400.5  1934   485.1  1986   259.7  1969  1316.8  1991
   40.0  1964   54.4  2010   89.2  1937  122.1  1992  160.4  1936  157.7  1988  156.2  1970  145.1  2010  109.6  1962   85.5  2015   48.3  1981   35.5  1945   138.0  1950   400.3  1971   484.9  1971   259.1  1948  1314.8  1964
   39.7  2021   54.4  1938   88.8  1957  121.3  1996  159.6  1962  157.0  1937  154.9  1992  144.7  1999  109.4  1950   85.4  2013   47.8  1933   35.2  1922   137.5  1976   395.5  1999   483.6  1924   258.1  1963  1314.4  1956
   39.6  1919   54.0  1991   85.8  1971  121.0  1923  159.3  1984  155.8  1966  153.0  1956  143.3  1967  108.8  1992   85.0  1942   47.8  1963   35.2  1941   137.4  1957   389.9  1931   479.6  2002   257.9  1926  1309.7  1998
   39.5  1948   53.4  1932   85.8  1925  120.8  1985  158.1  1985  154.8  1978  152.3  2020  141.4  1921  108.4  1930   84.6  1935   47.8  1959   35.2  1992   137.0  1948   388.9  1988   477.0  1977   256.9  1972  1307.8  1946
   38.9  1968   53.2  1974   85.4  1952  119.2  1975  158.0  1945  153.8  2000  152.0  1981  140.9  1943  108.0  1952   84.3  1948   47.2  1926   35.0  2002   133.9  1992   388.2  1976   475.2  2020   256.5  1934  1305.5  1938
   38.5  1925   53.1  1951   84.3  1959  119.0  1919  157.5  1931  152.6  1977  150.2  2000  140.7  2006  107.3  1984   84.0  1973   46.7  1920   35.0  1991   133.9  1964   387.3  1925   475.2  1946   255.8  1965  1305.4  1945
   38.4  2002   52.9  1964   82.6  1922  118.3  1972  156.8  2021  151.1  1944  149.8  1998  140.2  1927  107.2  1967   83.9  1944   46.5  2004   34.2  1928   133.1  1996   386.2  1998   474.8  1998   255.0  1931  1302.5  1960
   38.0  1951   50.9  1984   80.9  1939  118.1  1934  156.0  1923  151.1  1948  148.5  1947  140.1  1980  106.7  1983   83.8  1966   46.4  1966   34.1  1985   132.8  1941   386.0  1954   474.6  1981   253.4  2000  1301.9  1939
   38.0  1992   50.8  1959   80.4  1975  118.0  2012  155.6  2007  150.8  1936  147.0  1966  139.4  1977  105.5  1994   83.3  2014   46.3  1993   34.0  2015   132.6  1931   385.2  1975   472.8  1922   253.4  1994  1296.4  1963
   37.5  1944   49.8  1919   79.8  1951  117.3  1986  155.5  1950  150.7  1931  145.7  1978  139.3  2011  105.4  2008   83.1  1923   46.0  1953   33.8  1933   131.4  1978   383.7  1960   469.8  1988   252.7  1950  1279.6  1923
   37.2  1937   49.5  1935   79.7  1979  117.2  1981  155.0  1926  147.4  2007  145.2  1973  138.1  1987  104.7  1977   83.0  2017   45.8  1942   32.8  1959   130.7  1923   383.5  1972   468.4  1972   251.5  1944  1279.1  1993
   37.1  1936   48.9  1976   78.7  1923  115.2  1998  154.8  1965  145.2  2019  141.4  1922  137.3  1938  104.2  1957   82.3  1927   45.3  2019   32.4  1939   129.9  1960   382.5  1985   462.6  1966   251.0  1983  1278.8  1930
   36.2  1975   48.8  2017   77.8  1977  114.1  1979  153.3  1967  143.7  1981  139.3  1960  136.1  1969  103.8  1958   81.2  1972   44.6  1936   32.1  1972   129.8  1951   381.2  1993   461.6  1932   250.9  1992  1273.9  1965
   35.9  1926   47.8  1942   77.7  2013  114.1  2018  152.8  1976  143.2  1980  138.4  1988  134.9  1956  102.9  1951   80.0  1924   42.5  1958   31.8  1919   129.1  1927   376.8  1963   457.2  1937   250.7  1939  1272.2  1944
   35.1  1953   47.7  1993   77.2  1998  113.0  1988  151.8  1938  141.7  1956  138.4  2010  131.8  1946  102.8  1938   79.4  1933   42.3  1919   31.1  1969   128.4  1944   369.7  1936   453.7  1982   245.7  1932  1255.2  1978
   34.6  1971   47.6  1923   76.3  1980  112.4  1932  148.2  1999  139.7  1982  138.0  1980  131.5  1924  102.5  1972   79.3  1954   42.0  1994   31.1  1968   126.8  1975   369.1  1920   450.3  1965   245.5  1956  1254.6  1926
   34.3  1942   46.7  1927   75.5  2018  110.5  1940  148.1  1951  139.0  1972  134.8  1939  130.2  1978  102.0  1968   79.0  1953   41.9  1984   31.0  1920   126.6  1982   368.7  1947   446.0  1936   244.3  1984  1250.1  1924
   34.0  1973   46.1  1978   75.4  1983  110.3  1964  140.0  1924  138.3  1955  130.7  1938  129.5  1971  101.3  2001   78.8  1934   41.6  1987   30.9  1978   126.6  1924   363.9  1969   444.9  1938   243.9  1962  1248.6  1941
   33.5  1939   45.8  2011   73.7  1991  108.0  1963  139.4  1972  132.5  1953  129.0  1919  128.8  1925   99.9  1946   78.2  1991   40.8  1924   30.0  1942   125.7  1947   361.2  1979   441.6  1968   241.6  1957  1248.3  1987
   33.3  1993   44.2  1929   73.3  2005  105.8  1967  139.1  1994  131.0  1954  128.9  1954  128.1  1968   99.9  1920   78.1  1957   40.5  1968   28.9  1947   124.9  1969   358.2  1937   436.4  1948   237.8  1920  1243.1  1966
   33.1  1941   43.6  1930   70.2  1992  104.9  1926  137.6  1933  130.5  1971  126.0  1931  127.9  1958   98.8  1965   78.0  1978   40.2  1939   28.9  1953   122.6  1938   355.7  1923   430.6  1978   234.7  1958  1235.9  1981
   32.9  1969   42.3  1924   69.8  1928  101.7  1993  137.4  1928  129.6  1964  125.7  1957  127.8  1957   95.5  1922   77.2  1963   39.6  1932   28.1  1971   122.2  1966   352.2  1926   430.2  1944   232.4  1936  1219.0  1931
   32.9  1955   42.0  1975   67.4  1947   99.4  1978  136.8  1968  126.7  1998  125.4  1968  125.1  1986   95.2  1927   72.7  1940   39.4  1962   27.9  1937   122.0  1926   350.3  1964   429.7  1956   232.0  1927  1215.6  1972
   32.2  1929   41.0  1980   61.7  1960   97.8  1971  136.2  1930  126.6  1958  124.1  1936  124.5  1963   94.8  1976   72.5  2005   39.3  1944   27.8  1987   118.4  1935   339.7  1996   426.6  1931   231.6  1993  1210.6  1954
   31.6  1961   40.0  1982   61.6  1969   96.8  1931  134.8  1941  126.0  1991  123.0  1962  123.3  1920   94.2  1969   71.6  1946   37.4  1997   27.7  2021   118.2  1921   339.5  1991   421.6  1958   230.8  1924  1207.3  1936
   30.5  1966   39.2  1926   59.1  1936   96.4  1930  128.2  1991  125.6  1997  119.3  1937  122.5  1922   91.2  1956   69.0  1982   36.2  1983   25.2  1934   117.2  1942   330.3  1930   421.3  1980   227.2  1960  1203.1  1937
   29.6  1950   38.4  1966   58.0  1981   96.0  1937  128.2  1981  124.8  2016  118.3  1932  122.3  1942   89.1  1936   67.8  1937   35.2  2015   24.3  1958   116.1  1993   329.5  1928   419.2  2012   218.9  1941  1200.4  1958
   28.0  1970   34.6  1972   55.7  1942   91.1  1941  125.7  1954  122.2  1923  116.5  1927  116.2  2021   89.0  1931   64.1  2020   34.7  1941   23.9  1927   110.7  1929   327.9  1941   419.1  1927   215.4  1976  1188.5  1968
   27.1  1960   28.4  1965   55.1  1964   85.0  1966  118.3  1969  107.7  1990  113.1  1920  115.9  2008   87.6  1941   61.2  1968   32.8  1934   22.7  1930   108.5  1940   317.6  1932   418.1  1920   204.1  1946  1187.9  1927
   27.0  1921   25.7  1947   52.1  1996   79.1  1961  106.7  1983  107.3  1987  105.8  1944  115.2  1948   85.1  1993   58.3  1976   32.6  1946   20.5  1989   102.9  1972   315.5  1983   404.1  1987   203.7  1968  1175.9  1920
   14.9  1996   20.5  1940   48.6  1984   74.0  1920   96.1  1932  106.7  2012  104.0  1965  113.4  1954   78.1  1945   52.2  1960   30.8  1945   18.1  1956     ---  1919   303.3  1981   373.3  1954   197.9  1945  1173.2  1932