Areal values from HadUK-Grid 1km gridded climate data from land surface network
Source: Met Office National Climate Information Centre
Monthly, seasonal and annual total precipitation amount for Midlands
Areal series, starting in 1862
Last updated 01-Jan-2022 11:00
    jan  year    feb  year    mar  year    apr  year    may  year    jun  year    jul  year    aug  year    sep  year    oct  year    nov  year    dec  year     win  year     spr  year     sum  year     aut  year     ann  year
  148.9  2014  162.1  2020  148.0  1947  140.2  2012  145.3  1932  166.9  2007  152.3  1880  165.1  1912  163.5  1918  183.2  1903  169.5  1951  165.2  1868   354.2  1915   289.7  1979   384.4  1912   404.6  2000  1107.8  1872
  147.8  1948  141.4  1977  130.5  1981  137.9  2000  138.7  1967  151.8  2012  146.6  1875  154.9  2004  146.9  1866  148.2  1875  169.5  1929  162.8  1914   347.4  2014   278.5  1932   360.5  1879   375.2  1960  1084.3  2012
  142.4  1939  134.0  1923  119.2  1919  118.4  1920  138.4  1886  133.6  1982  143.7  2007  153.7  1878  144.2  1976  147.7  1960  169.2  1940  159.0  1876   347.4  1990   275.2  1981   352.6  2012   369.2  2019  1033.7  2000
  137.0  1928  127.1  1950  110.0  1979  117.0  1998  127.2  1924  126.7  1879  139.0  1888  146.0  1917  137.5  1871  145.2  2000  148.2  1954  156.3  1929   339.0  1877   274.6  1983   351.3  2007   366.4  1935  1029.4  1960
  131.3  1995  117.0  2002  107.8  1913  107.7  1983  126.4  1878  124.0  2019  134.3  1915  142.2  1956  134.6  1965  144.8  1907  147.4  1970  150.4  1965   338.3  1869   272.6  1947   312.6  1931   347.6  1875  1019.5  1882
  127.8  1960  115.7  1900  107.4  1916   98.2  1961  125.1  1969  119.6  1997  128.8  1936  135.8  1879  132.3  1883  144.0  1891  145.2  1946  149.2  1978   328.6  1995   263.7  1886   304.3  1872   326.8  1903   990.4  1903
  127.1  2008  115.6  1916  105.0  2018   96.5  1966  118.2  2021  119.0  1998  127.8  1939  133.9  1946  132.2  1896  143.2  1967  144.0  2000  148.2  1915   325.9  1960   258.4  1913   303.8  1956   324.2  1954   981.0  1912
  125.7  1943  114.4  1937  104.2  1903   96.1  1882  115.3  1979  116.7  1912  127.5  2009  128.5  1881  128.3  1968  140.5  1998  141.0  2009  142.3  1911   314.7  2020   257.6  1920   296.6  1927   319.9  1882   973.5  2019
  124.3  2021  112.6  1990  102.8  1912   94.7  1931  114.1  1869  112.5  1987  123.7  1920  121.7  1891  127.7  1981  140.0  1880  139.8  1888  138.5  1979   314.2  2021   257.3  1889   295.4  1875   316.8  1976   943.3  1954
  124.1  1988  112.5  1966  102.7  1951   94.0  2001  112.3  2007  111.7  1980  120.4  1988  119.7  1954  126.9  1876  138.6  1882  134.9  1926  137.5  2012   306.1  1966   250.1  1969   291.0  1958   316.5  1872   938.0  2008
  118.4  1930  110.3  1958   94.2  1982   91.5  1989  111.5  1983  111.3  1958  115.0  1930  119.3  1992  125.4  1869  136.1  1870  132.4  1935  133.9  1934   305.4  1977   247.5  1951   283.1  2019   316.4  1880   935.6  1877
  116.9  1877  108.8  2014   92.4  1862   91.5  1935  105.1  1955  109.7  1872  114.8  1872  118.4  1877  123.1  1957  134.8  1906  128.7  1963  133.7  1959   305.3  1916   243.5  2000   277.9  2020   309.5  1944   930.6  1951
  116.3  1872  101.1  1915   89.5  1980   90.5  1913  104.1  2006  107.4  1882  114.0  1922  118.3  1951  122.1  1927  134.1  1987  127.1  1984  132.7  1993   296.1  1994   241.3  1903   275.7  1880   309.0  1885   927.2  2020
  114.9  1999  100.3  1881   88.3  1876   89.4  1889  102.8  2014   99.7  2016  112.6  2012  118.2  2020  119.8  1935  132.9  2013  125.2  2019  129.1  1910   295.4  1912   240.3  1862   275.5  1882   309.0  1883   927.1  2007
  114.1  1984   98.5  1925   87.7  1964   87.1  2004   95.0  1925   99.6  1931  110.2  1968  117.9  1922  115.3  2000  131.5  1865  121.2  1944  127.7  1989   292.0  1930   239.5  2018   274.9  1954   306.4  1940   926.0  2002
  108.2  1986   97.2  1904   87.5  1897   83.3  1993   91.7  1942   97.3  1936  105.2  1871  117.6  1931  115.0  2019  129.0  2019  119.8  1939  126.4  2020   289.7  2016   228.2  1986   272.2  1888   305.7  1984   924.7  1880
  107.0  1990   92.0  1933   87.4  1988   82.8  1986   90.1  1862   96.9  1927  104.5  1882  117.5  1927  113.9  1974  128.0  2020  119.4  1960  122.5  1901   288.8  1980   225.4  2006   267.1  2004   296.8  1929   924.4  1875
  106.8  1906   89.6  1997   84.8  1905   82.7  1932   88.3  1907   95.8  1977  102.9  1958  115.4  1986  113.6  1994  127.3  1885  116.3  1950  120.8  2015   286.5  1937   225.2  1998   265.8  1946   287.6  2012   923.1  1927
  106.5  1912   87.8  1995   84.4  1998   82.6  1867   87.8  1889   95.1  1985  102.6  1912  111.3  1903  108.1  1960  126.4  1949  115.3  2002  120.0  1909   283.9  1939   224.1  1924   263.3  1980   283.9  1866   922.1  1930
  105.8  1956   87.3  1951   84.4  2008   81.6  1970   87.6  1903   94.7  1863   99.3  1973  110.2  1865  108.0  1946  126.4  2002  114.5  1872  117.5  1999   283.8  1923   223.4  1967   262.2  1922   282.8  1876   920.9  2014
  104.1  1886   85.0  2007   83.7  2019   79.3  1959   87.4  1931   93.1  2020   98.7  1960  110.0  1962  107.0  1880  122.1  1976  114.3  1875  116.6  2000   277.9  2007   218.9  2001   260.7  1878   282.7  1998   920.8  1876
  102.6  1913   84.3  1893   83.0  2016   79.2  2018   85.0  1951   88.7  1883   98.1  2008  109.0  1900  104.5  1999  122.0  1928  114.0  1992  114.7  1919   276.5  1910   214.9  1878   257.5  1917   281.4  1974   915.6  1958
  101.2  1919   84.1  1910   82.7  1914   78.1  1871   82.5  1898   88.4  1880   98.0  1879  108.7  1971  104.3  1984  121.3  2004  113.2  2012  113.4  1900   275.9  1883   214.7  2012   255.2  1960   281.3  1967   912.5  1924
   99.9  1936   83.2  1980   82.1  1963   77.3  1876   82.0  1891   87.2  1935   97.2  1957  107.9  1957  103.9  2008  119.5  1872  113.2  1882  113.2  1986   274.3  1900   214.7  1937   254.6  1877   281.0  1946   909.9  1966
   99.1  1937   83.0  1974   81.8  1908   75.3  1908   81.1  1981   87.0  1928   97.1  1895  106.1  1910  102.9  1958  116.1  1886  110.5  1910  111.3  1886   271.6  1979   214.5  1908   253.8  2008   273.3  1930   907.7  1946
   99.0  1899   82.2  1879   81.5  1896   75.0  1922   79.7  1986   85.8  1971   96.8  1924  106.0  1905  101.6  1950  115.9  2001  108.9  1931  110.2  2002   271.5  1928   212.3  1867   253.6  1903   273.1  1981   903.9  1999
   98.8  2016   82.1  1883   80.8  1909   74.6  1872   79.2  2015   84.6  1909   95.7  1877  104.0  1948  101.3  1993  114.5  1932  107.5  2015  109.6  1994   262.2  1919   211.9  1916   252.5  1992   272.0  2002   902.1  1886
   98.0  2004   81.8  1922   80.7  1941   73.8  1930   78.8  1968   84.4  1871   95.4  1931  102.8  1866   99.2  1930  114.2  1935  106.5  1895  109.1  1891   260.8  1984   206.7  2008   252.5  1881   271.8  1992   897.1  1998
   97.0  1900   81.7  1946   80.1  1889   72.1  1877   78.5  2013   84.1  1907   93.5  2002  102.8  1897   97.7  1995  110.5  1924  103.9  1969  107.0  1869   253.8  1958   205.3  1877   252.5  1997   269.1  1968   882.4  1866
   96.4  1974   81.5  2001   77.7  2006   70.1  1999   77.5  1926   81.7  1875   93.3  1956  102.8  2008   96.6  1885  110.5  1980   98.6  1928  103.1  1872   253.7  1948   204.6  1869   252.2  1936   268.3  1927   880.6  1965
   96.3  1875   79.7  1935   77.1  1888   69.4  1937   77.2  1993   81.6  1954   92.2  1884  102.6  2014   95.5  1944  109.0  1916   96.8  1876  102.7  1882   253.4  1925   200.4  1999   249.3  2009   266.3  1891   874.0  1931
   95.7  1994   79.7  1866   76.0  1987   67.6  1947   75.8  1943   80.1  1991   92.1  1965  102.5  1941   93.1  1924  106.2  1966   96.5  1877  101.6  1985   249.2  2001   200.3  2016   249.1  1957   263.8  1924   870.1  1968
   95.6  1869   79.7  1876   73.2  1972   67.3  1962   75.7  1997   80.0  1955   91.8  1932   99.8  1960   90.0  1962  105.6  1892   96.5  1982  100.9  2006   248.7  1920   199.2  1919   248.1  1866   260.9  1918   866.5  1878
   95.4  1998   78.5  1880   73.1  1937   67.0  1924   75.3  1973   79.4  1963   91.5  1914   99.6  1950   89.2  1983  105.2  1945   96.5  2016  100.9  1922   247.8  1936   197.8  1955   247.1  1891   260.1  1994   865.3  1910
   94.8  1895   78.4  1941   73.0  1975   66.5  1879   74.7  2002   78.9  1948   90.3  1940   99.2  1999   89.2  1925  104.8  1917   96.3  1883  100.5  1896   247.2  2013   197.2  1966   246.4  1939   258.9  2008   864.2  1992
   94.3  1922   78.1  2000   72.4  1994   65.9  1953   74.6  1954   78.2  1866   89.0  1918   98.5  1966   88.9  1903  104.3  1938   96.0  1930  100.4  1880   244.8  1935   196.3  2014   245.1  1982   256.5  1949   860.2  1981
   93.4  1863   78.1  1872   71.5  2001   65.3  1973   73.0  2000   77.8  1905   88.5  1886   98.4  2010   88.2  1874  104.0  1954   95.6  1974   98.4  1918   244.4  1922   195.7  1882   244.4  1968   255.4  1951   857.7  1939
   92.6  1959   77.6  1869   71.4  1867   65.2  1950   72.2  1937   76.6  1892   87.6  1992   93.4  1921   87.6  2012  103.5  1923   95.4  1996   97.7  1938   242.0  2008   195.5  1972   243.1  1985   254.1  1896   856.8  1923
   91.9  2007   77.2  1885   71.1  1886   64.8  1899   72.2  1985   76.3  1968   87.5  1909   93.2  1868   86.3  1899  103.1  1929   95.0  1986   96.3  1948   240.7  1943   194.2  1930   241.0  1966   253.5  2006   852.6  1935
   91.4  1978   77.1  1894   70.9  1927   64.3  1979   71.1  1945   76.1  1999   86.9  1923   92.3  1977   85.9  1863  102.3  2021   94.2  1890   94.9  1983   237.3  1872   191.1  1964   240.7  1910   252.7  1987   851.1  1986
   91.0  1883   76.0  1967   70.1  1920   64.3  1940   70.8  1877   75.2  1945   85.0  1941   91.3  1980   85.1  1875   99.4  1909   93.6  1914   94.8  1966   237.2  1961   190.4  1968   239.1  1915   249.8  1938   850.3  1980
   91.0  1971   74.3  1897   69.3  1992   64.2  1949   70.4  1958   74.8  1878   82.7  1883   91.2  1902   84.7  1862   99.2  1940   92.8  2014   94.2  1972   233.2  2000   190.2  1931   239.0  1900   249.6  1950   850.3  1979
   90.4  1915   73.1  1957   68.5  1969   63.8  1963   69.8  1865   74.8  1897   82.5  1953   89.5  1952   84.5  2017   99.0  1952   91.8  1938   93.4  2011   232.0  1899   189.7  1872   239.0  1909   249.5  1874   848.4  1891
   90.0  1938   72.6  1970   68.2  1873   63.6  1981   69.1  1920   74.1  1966   82.2  1927   88.1  2012   84.3  1936   98.9  1933   90.8  1949   93.3  1912   231.5  1974   187.8  1963   238.5  1930   249.2  1863   845.8  1915
   90.0  1926   72.5  2011   67.9  1989   63.3  1934   68.3  1902   72.1  1946   79.9  2017   86.1  1997   83.3  1992   97.2  1863   89.9  1959   93.2  1924   230.9  1970   187.0  1907   237.8  1924   248.4  1926   845.7  1916
   88.9  1884   72.0  1931   67.9  1999   63.2  1968   68.1  1972   71.9  1900   79.2  1950   85.9  1985   82.4  1872   95.7  2005   88.1  1997   92.8  2018   230.3  1946   186.1  1994   237.5  1988   248.2  1906   842.6  1883
   88.6  1920   70.1  2016   67.7  1933   63.1  1923   67.3  1917   69.6  1964   79.2  1938   85.7  1970   81.7  1967   95.5  1898   88.0  1905   91.1  1960   228.6  1897   184.6  1876   235.9  1971   246.9  1965   842.5  1994
   88.0  1961   69.4  1928   67.3  1965   63.0  1991   67.3  1912   68.3  1956   78.9  2019   85.3  1889   81.7  1998   95.2  1894   87.9  1881   89.6  2013   228.4  1999   184.4  1989   229.6  1865   245.8  1923   842.0  1900
   87.4  1993   68.4  1954   66.7  2017   62.8  2008   67.0  1952   68.3  2009   78.2  1867   85.0  2006   76.4  1879   95.1  2006   86.6  1965   89.6  1897   228.0  1926   183.8  1985   229.4  1987   244.3  1980   840.0  2004
   87.3  1970   67.7  1994   66.6  1881   62.2  2016   67.0  1966   67.7  1972   78.2  1894   84.3  1930   75.7  2006   93.1  1925   86.5  1977   88.2  1907   226.5  1986   183.4  1992   225.9  1871   241.9  1928   839.3  1928
   87.0  1975   67.6  1989   65.7  1986   61.7  1910   66.5  1879   67.5  1920   77.8  1993   83.7  1898   75.4  1931   93.0  1913   85.5  1906   88.2  2019   225.9  1978   181.5  1942   225.4  1920   241.4  1932   838.6  1967
   86.9  1867   66.7  1996   65.2  2013   61.7  2005   66.0  1916   67.5  1973   77.8  2021   83.5  1908   74.2  1932   92.8  1944   85.1  1885   88.0  1961   225.3  1913   179.9  1952   222.3  1941   241.2  1982   834.9  1920
   86.1  1972   65.1  1926   64.5  1930   61.5  1985   65.7  1948   67.1  2003   77.4  1893   83.5  1938   73.5  1923   92.4  1939   84.5  1916   87.8  2017   224.2  2004   179.8  1941   222.2  1953   240.0  1869   832.5  1993
   85.7  1890   64.9  1969   63.9  1864   61.1  1987   65.5  2003   66.7  1885   76.8  1903   83.4  1924   73.1  1909   92.1  1862   84.1  1927   86.8  1935   223.0  1881   178.3  1987   221.9  1950   239.6  1963   831.4  1936
   85.6  1921   64.9  1940   62.8  1955   59.7  1951   64.3  1976   66.2  2017   76.7  1978   83.2  1982   72.6  1956   90.8  1981   83.0  1878   86.8  1956   222.7  1950   177.9  1993   221.4  1907   238.9  1970   831.3  1879
   85.6  1941   64.9  1945   62.6  1978   59.7  1905   63.5  1899   66.1  1965   73.7  1954   83.2  1890   72.3  1975   90.7  1990   82.8  2006   85.7  1958   222.0  1904   177.8  1912   220.3  1905   238.8  1939   825.0  1922
   85.4  1942   64.3  1960   62.5  1877   59.5  1907   63.1  1946   65.4  1903   72.1  1901   82.1  1979   71.9  1954   90.6  1889   81.7  1911   85.6  2003   221.7  1988   176.7  2021   218.8  1948   237.5  1878   824.4  1977
   84.1  1962   64.1  1972   61.5  1868   59.5  1975   62.4  1999   64.8  1896   71.8  1991   81.8  1974   71.8  1897   88.3  1896   80.7  1894   85.6  1990   219.9  1894   176.4  2007   216.6  1973   237.5  1993   822.9  1950
   83.2  1977   63.5  2021   61.3  1901   58.5  1901   62.1  1873   64.7  1910   71.7  1919   80.7  1873   71.1  1982   88.0  1878   80.2  1936   83.8  2021   218.5  1941   175.9  1965   215.7  1873   236.5  2013   821.6  1948
   82.6  2018   63.2  1927   61.2  1954   58.0  1878   61.9  1906   64.6  1993   71.6  1907   80.3  2015   71.1  1868   87.0  1900   79.4  1874   82.8  1881   216.0  2002   175.6  1925   214.0  2017   236.5  1886   815.3  1881
   80.0  1965   63.1  1877   61.1  1928   57.9  1926   61.9  1904   63.8  1906   71.5  1873   80.3  2019   71.0  1892   86.8  2012   77.0  1991   81.5  1923   215.1  1967   175.3  1909   213.2  1974   233.9  1925   814.8  1869
   80.0  1983   62.7  1919   61.1  1872   57.8  1862   61.7  1949   63.5  1873   71.4  1908   80.2  1904   70.6  1943   85.0  2014   77.0  1941   80.8  1976   212.4  1873   174.6  1897   212.9  1894   233.2  1877   814.0  1974
   79.1  1873   61.8  1882   60.4  1895   57.1  1994   60.9  1892   63.0  1914   70.3  1890   79.8  1872   70.3  1887   83.0  1895   76.4  2008   80.5  1930   212.1  1867   174.1  1988   212.4  1965   232.1  1871   809.7  1919
   78.1  1904   61.1  1936   59.6  1991   56.9  1925   60.8  1923   62.5  1862   70.3  1865   79.6  1963   68.1  1882   82.8  1989   75.9  1972   80.1  1964   211.7  1957   171.2  2004   211.5  1938   231.3  1999   808.5  1982
   78.1  1866   59.5  1906   59.1  1952   56.5  1969   60.5  1885   62.0  1881   69.9  1910   79.2  1942   67.9  1877   81.9  1874   75.8  1994   79.4  1951   210.7  1870   169.5  1923   211.1  1892   231.2  1957   802.0  1914
   76.8  1944   59.5  1899   58.7  1977   56.4  1898   60.2  1913   61.7  1974   69.8  1974   78.9  1928   67.4  2010   81.5  1961   75.0  1866   79.3  1893   210.5  1991   168.7  1975   210.1  1890   230.8  1916   797.1  2021
   75.9  1991   58.2  1914   58.1  1922   56.3  1971   60.0  1918   61.5  1953   69.0  2001   78.3  1863   67.2  1922   80.9  1912   73.2  1891   79.1  1954   209.7  1911   168.6  1917   208.9  1883   229.6  1870   796.6  1932
   75.8  1868   58.2  1961   57.9  1957   56.0  1992   59.9  1938   61.3  1888   68.5  1966   78.1  1953   66.9  2001   80.3  1883   72.9  1913   78.4  1981   209.6  1931   168.2  1898   208.0  1928   228.6  2001   795.7  1907
   75.4  2015   57.4  1978   57.9  1970   55.9  1939   59.5  2008   61.2  1917   68.4  1862   77.5  1874   66.5  1864   80.3  1881   72.9  1971   78.0  2007   208.5  1882   168.1  1891   206.1  1963   226.7  1907   794.9  2006
   74.8  1958   56.3  1867   57.6  1934   55.6  1885   59.2  1962   61.2  1894   68.2  1937   76.8  1958   66.5  1878   79.1  1999   72.5  1980   77.9  1955   207.9  1951   165.7  1949   205.6  1998   226.6  1892   794.1  2001
   74.8  1969   56.2  1865   57.5  1917   55.0  1895   59.1  1941   61.0  1990   67.4  2013   75.9  1969   66.4  1948   78.6  2008   71.8  1865   77.4  1942   207.4  2018   165.6  2013   205.3  1914   223.3  2005   793.0  1969
   74.2  1924   56.1  2010   56.9  1940   55.0  1909   58.7  1984   60.8  1978   67.1  1866   75.1  2001   62.3  2005   78.0  1867   71.3  2010   77.4  1945   206.9  1885   163.9  1940   204.9  1977   222.0  2009   791.4  1937
   73.7  1951   55.9  2017   56.8  1971   54.8  1918   58.5  1915   60.6  1891   66.7  2020   74.2  1892   62.1  1963   78.0  1930   71.1  1979   77.2  1995   203.7  1956   163.4  1902   204.1  1897   221.9  1952   790.5  1918
   73.4  1903   55.4  1918   56.5  1959   54.6  1964   58.3  1867   60.4  1911   66.6  1947   74.1  1923   61.5  1953   77.5  1986   69.8  2003   77.1  1977   203.5  1962   163.3  1879   204.0  1863   221.3  1913   787.5  1909
   72.4  1910   54.2  1979   56.3  1884   54.2  1886   58.2  1992   59.0  1926   66.5  1904   74.0  1915   61.3  1980   77.2  1910   69.7  1869   76.5  1982   203.1  2003   162.3  2019   202.8  2002   221.2  1966   786.3  1970
   72.2  1927   53.9  1874   55.6  1984   54.2  1944   57.3  1908   58.6  1902   65.9  2015   73.7  1916   61.1  1908   76.2  1942   69.6  1966   76.3  1997   201.3  1892   162.1  1959   202.6  2014   221.1  1958   785.2  2016
   71.2  1946   53.6  1988   55.3  2007   54.1  1972   57.3  1890   57.6  1924   65.0  1889   73.6  1894   60.9  2018   75.4  1993   69.4  1880   75.8  1884   200.9  1875   161.7  1973   201.8  1895   219.6  1881   784.7  1940
   70.9  1940   53.5  1868   55.3  1983   54.0  1965   57.0  1947   57.3  1944   64.8  1891   73.2  1944   60.8  1867   74.9  1941   69.3  1968   74.1  1946   200.2  1887   161.6  1922   199.4  1978   219.2  2004   782.3  2015
   70.8  1968   53.2  1981   54.2  1995   53.7  1952   57.0  2009   56.7  1960   64.4  1961   71.9  1888   60.8  1961   74.5  1992   69.2  1900   73.8  2009   198.9  1969   161.1  1905   199.0  2016   218.6  1936   782.2  1894
   70.4  1865   52.8  1911   54.0  1942   53.3  1927   56.6  1994   56.6  1890   64.1  2003   71.5  1988   59.3  1951   74.4  1984   68.8  1923   73.5  1898   194.7  1902   160.8  1970   198.0  1908   217.2  2020   781.4  2009
   69.3  1932   51.8  1984   52.9  1936   53.2  1897   55.8  1930   56.1  1876   63.8  1944   69.7  1961   59.0  1973   74.1  1902   67.1  1864   73.0  1925   193.5  1955   158.8  1962   196.9  1945   214.8  1894   780.5  1988
   68.3  1952   49.9  1955   52.4  2015   51.8  1902   55.8  2017   55.8  2011   63.1  1925   69.5  1925   58.3  2016   73.8  1868   66.3  1985   72.9  1936   192.9  1866   158.5  1971   196.8  1999   212.5  1895   777.5  1925
   68.2  1979   49.7  1884   50.4  1932   51.7  1894   55.7  1910   54.9  1989   62.1  1985   68.8  1996   58.1  1952   73.7  1899   66.0  1863   72.8  2014   191.7  1901   157.7  1927   195.5  1986   211.6  1899   777.3  1957
   67.8  1887   49.6  1870   50.2  2010   51.5  1919   55.4  1894   54.5  1943   62.0  1881   68.7  1919   57.6  1889   73.6  1937   65.4  2005   71.6  1916   191.1  2010   157.7  1899   194.3  1944   211.2  1865   775.2  1944
   67.6  1874   49.4  1864   50.1  1985   50.7  1888   55.3  2018   54.3  2005   61.5  2005   68.0  1895   57.2  1886   73.6  1982   65.2  1995   71.0  1969   189.4  1998   157.7  2002   193.7  1902   208.5  1931   774.1  1984
   67.1  1980   49.2  1871   49.1  1967   49.5  1903   55.2  2016   54.2  1933   61.2  1975   67.9  2017   56.3  2021   73.0  1873   64.8  1952   70.9  1920   189.2  2015   157.1  1926   191.9  2010   206.5  2015   773.5  1987
   66.3  2002   49.0  1991   48.7  1882   49.1  1977   54.6  1965   52.9  2008   60.8  1926   67.8  1967   55.4  1991   72.5  1926   64.6  2007   70.6  1998   189.0  1996   157.1  1864   189.8  1970   203.6  2010   772.0  1941
   66.2  1934   48.7  1903   48.6  1939   48.8  1880   54.0  2011   52.1  1939   60.4  1980   67.1  1875   55.4  1913   71.9  1974   64.5  1987   70.4  1952   187.2  1906   155.0  2015   188.6  1862   202.2  1862   769.0  1983
   66.1  2009   47.6  1947   48.4  1968   48.8  1948   54.0  1872   52.0  1952   60.4  2004   66.9  1945   55.2  1934   71.5  1968   64.1  1898   69.9  1937   187.1  1879   154.8  1934   188.4  1867   202.0  1910   764.6  1867
   66.0  1918   47.4  1889   47.9  1866   48.2  1868   53.4  2001   51.8  2004   60.3  1892   66.8  1909   54.5  1920   70.7  1994   63.6  1907   68.9  1866   186.7  1983   153.9  1888   187.4  1951   201.1  1995   763.9  1926
   64.6  2003   46.6  1912   47.6  2005   48.1  1996   53.3  1864   51.4  2014   60.2  1949   66.6  1876   54.2  1987   70.3  1971   63.1  1915   68.7  1957   185.9  1940   153.3  1885   187.2  1993   196.8  1911   762.8  1885
   64.5  1955   46.1  1892   47.4  2014   48.0  1936   52.0  1893   50.7  1916   60.1  1970   66.5  1939   53.6  1938   70.2  1958   63.1  1886   68.3  1921   185.3  2012   153.1  1914   186.8  1884   196.5  1983   760.7  1897
   64.5  2020   46.0  1953   46.3  1890   46.9  1869   51.8  1988   50.6  1947   59.8  1946   65.7  1907   52.2  1978   68.8  1877   62.5  2018   68.0  1949   185.2  1938   152.9  1977   183.7  2015   196.4  1909   757.5  2013
   64.2  2013   45.5  2013   46.1  1880   46.3  1891   51.7  2012   50.0  1901   58.8  1942   65.7  1867   51.5  1881   68.5  1988   62.5  1947   67.6  1895   184.6  1959   151.6  1982   181.9  1926   193.8  1917   755.9  1862
   63.8  1882   45.4  1920   45.7  1904   46.1  2014   51.4  1953   49.1  1865   58.2  1900   64.7  1943   51.3  2004   68.1  1871   60.7  1993   66.2  1906   184.2  1868   151.2  1894   181.3  2001   192.9  1868   754.1  1985
   63.4  1894   45.0  1987   45.7  1906   45.4  2002   51.0  1875   48.8  1938   58.2  1969   64.4  2016   50.0  1911   67.1  1959   60.5  1998   66.2  1874   184.1  1972   150.2  1901   179.1  1969   192.0  2021   753.6  1978
   62.8  2012   44.6  2005   45.7  1911   45.0  1883   51.0  1882   47.1  1884   56.4  1987   63.5  1882   49.5  1873   66.1  1893   60.2  1924   65.1  1927   182.9  1947   150.2  1873   177.0  1923   191.5  2014   752.1  1868
   62.6  1878   43.8  1939   45.7  1923   44.1  1956   50.5  1950   46.4  2002   55.0  2000   62.9  2002   49.2  1891   65.5  1996   58.8  2013   64.7  1947   182.3  1987   149.7  1950   174.6  1901   191.1  1888   751.7  1906
   61.8  1925   43.6  1898   45.2  2021   43.8  1917   50.3  1887   45.9  1899   54.8  1945   62.1  1926   48.3  1919   65.0  1911   58.8  1912   64.5  1967   181.5  1945   148.5  1904   174.4  1962   189.5  1961   750.2  1956
   61.2  1947   43.0  1999   44.5  1870   43.7  1884   48.9  1964   45.6  1992   54.7  1972   62.0  1984   48.1  1937   65.0  2010   58.7  1955   64.1  1870   179.3  1903   148.3  1954   174.3  1916   189.4  1986   749.9  1938
   61.2  2010   42.5  1908   44.5  2020   43.6  2006   48.4  1929   45.6  1988   53.3  2010   61.9  1978   47.8  1945   64.7  1983   58.6  1887   64.0  1992   178.2  1933   147.9  1918   173.1  1991   189.1  1864   749.6  1972
   60.8  1945   41.7  2006   44.1  1894   43.5  1946   48.3  1933   45.0  1969   53.3  1933   60.5  1987   47.6  1970   64.2  1919   58.2  1901   62.7  1888   177.1  1865   147.6  1953   171.0  1889   186.6  1991   743.6  1913
   60.7  1982   41.1  1948   43.7  1869   42.8  1978   47.7  1995   44.8  1984   52.5  1929   59.1  1885   47.3  1988   63.8  1948   57.5  1870   62.7  1894   175.1  1924   147.2  2005   170.7  1893   186.1  1887   741.4  1929
   59.0  2017   41.0  2015   43.4  1902   41.3  2003   46.5  1880   44.6  1864   51.8  1959   58.1  1934   46.2  1904   62.1  1927   57.5  1902   62.5  1877   175.0  1965   145.7  1871   169.5  1919   185.8  2017   741.4  2017
   58.9  1992   40.6  2004   43.0  1921   40.8  1904   45.4  1971   44.5  1867   50.9  1962   57.9  1968   45.4  1884   62.0  1866   56.4  1967   61.6  1899   174.3  1884   145.1  1948   169.5  1904   185.4  1914   739.9  1888
   57.1  1931   40.5  2009   42.8  1960   40.4  2009   45.1  1900   44.0  1970   50.3  1917   57.7  1862   45.4  1966   61.0  1943   55.8  1873   60.6  1928   172.5  1982   144.9  1933   169.3  1952   184.8  1943   735.4  1917
   56.8  2011   39.7  1907   41.3  1958   40.0  1941   45.0  1977   43.9  1957   50.2  1964   57.1  2011   44.9  1917   60.0  1920   55.0  2017   59.2  1968   171.5  1968   144.1  1978   169.2  2005   184.0  1996   734.9  1871
   56.3  1917   39.4  1944   41.2  2004   39.8  1864   44.3  1881   43.1  1950   49.8  1916   56.8  1929   44.8  2013   59.3  1997   54.8  1903   57.9  1980   171.3  1975   143.8  1868   169.0  1961   182.9  2016   733.2  1961
   55.7  1862   38.5  2019   40.5  1874   39.2  1874   44.3  1996   43.1  1908   49.5  2006   56.4  1893   44.7  1905   59.0  1876   54.6  1981   57.2  1902   170.0  1908   141.5  1880   168.8  1932   181.1  1990   733.1  1997
   55.6  1985   38.4  1875   40.1  1887   38.5  1916   42.9  2004   42.1  2000   48.7  2014   56.3  2000   44.7  1972   58.6  1953   54.4  1957   57.1  1908   167.5  1973   140.6  1961   167.2  1876   180.1  1933   732.8  1889
   55.3  1933   38.4  1878   39.8  1949   38.3  1945   42.8  1940   40.5  1877   48.5  2011   55.9  1896   43.3  1942   58.2  1915   54.2  1897   56.7  1974   166.9  1893   139.7  2003   166.6  1886   179.2  1898   728.4  1952
   54.2  1891   37.6  1943   39.7  1891   37.4  1866   42.7  2019   40.2  2010   48.0  1967   55.7  1994   43.3  1933   58.0  1979   53.7  2020   56.0  1962   166.5  1949   138.9  2017   163.8  1896   178.7  1905   727.1  2018
   54.1  1870   37.0  2018   39.5  1974   35.9  2019   42.0  1963   39.8  1898   47.1  1963   55.5  2018   42.8  1990   57.7  1934   53.2  1943   55.8  2005   166.3  1952   137.7  1881   163.4  1964   178.4  1873   725.7  1989
   53.9  1885   36.8  2008   39.1  1907   35.8  1942   41.5  1921   39.1  1930   46.8  1997   54.2  1965   42.4  1947   57.3  2009   52.9  1921   55.8  1944   165.4  1863   137.1  1935   162.0  1918   178.2  1889   725.6  1865
   53.8  1897   36.4  1973   38.8  1996   35.6  1967   41.5  1914   38.0  1981   44.5  1876   54.0  1981   42.2  1893   57.3  2015   52.8  1932   55.3  1996   164.8  1876   137.0  1910   161.4  2011   177.6  2018   716.3  1971
   53.1  1976   36.3  1968   38.8  1976   35.4  1875   41.2  1987   37.9  1929   43.9  1902   53.5  2009   41.7  2015   57.3  1887   51.6  1925   55.0  1867   164.6  1895   136.2  1939   158.2  1972   177.0  1900   716.1  1895
   52.7  1981   35.9  1902   37.6  2002   34.9  1988   40.7  1883   37.5  2015   43.8  1983   53.5  2005   41.5  2011   57.0  1914   51.6  1899   54.7  2008   164.1  1921   134.8  1945   156.9  2021   175.5  1997   709.7  1899
   52.6  1879   35.2  1901   37.2  1885   33.9  1960   39.5  1909   37.3  1959   43.0  1896   52.6  2013   41.1  1902   55.5  1864   51.6  1934   54.5  1940   163.8  1981   134.5  1980   156.2  2013   172.7  1902   701.4  1963
   51.8  1957   34.3  1976   34.0  1950   33.1  1900   39.1  1960   37.3  1986   42.8  1986   52.5  1901   41.0  1926   54.2  2018   51.1  1953   54.4  1984   163.5  1878   134.0  1991   155.9  1943   172.5  1912   698.6  1945
   51.1  2001   34.2  1888   33.9  1871   32.8  1863   38.7  1978   37.2  2001   42.5  1989   52.1  1932   40.3  1955   54.2  1991   50.8  1918   53.0  1862   163.5  2019   133.9  1946   154.3  1942   172.3  1948   698.2  1863
   48.9  1923   33.5  1992   33.8  1966   32.5  1911   38.3  1957   36.8  1893   42.2  1994   50.7  1914   39.3  1949   54.1  1936   50.5  1976   52.4  1878   162.8  1898   133.4  1906   153.4  2000   172.3  1890   695.5  1908
   48.5  1954   33.4  1982   33.1  1918   32.0  1990   38.3  1866   36.7  1895   42.2  1934   50.6  1911   38.9  1894   53.7  1957   50.4  1893   52.2  1904   161.4  2009   133.0  1943   151.8  1898   171.2  1953   694.7  1947
   47.6  1876   33.2  1949   32.9  2003   31.6  1943   38.0  2005   36.2  2013   42.0  1928   50.1  1870   38.3  2007   52.7  2011   50.3  1962   52.0  1973   161.3  1993   132.7  1958   151.3  1935   169.0  1989   692.1  1896
   46.3  1893   31.4  1962   32.5  2000   31.5  1921   37.1  1874   35.4  2021   41.4  1971   49.8  1973   38.0  1940   51.9  1901   50.3  1989   50.5  1864   157.0  1971   132.3  1895   151.0  2006   168.0  1971   691.8  1874
   46.0  1892   30.2  1873   32.4  1962   31.3  1887   36.3  1975   34.9  1941   40.3  1899   48.5  1918   37.3  1916   51.0  1921   50.0  1892   50.0  1939   156.9  1997   131.2  1996   149.1  1967   167.8  1941   683.6  1942
   45.1  1996   30.2  1983   32.3  2009   31.1  1928   35.1  1944   34.8  1961   40.0  1998   47.5  1884   36.0  1870   48.9  1963   50.0  1919   49.8  1887   156.8  2011   130.9  1890   147.2  1929   166.7  1962   683.5  1990
   44.3  1967   29.4  1913   30.6  1948   30.6  1896   34.8  1911   33.6  1937   38.9  1951   46.6  1998   35.9  1989   48.6  1955   48.6  1975   49.0  1889   156.8  1927   130.6  1884   147.1  2003   165.7  1867   682.6  2005
   43.2  1966   29.1  2012   30.6  1878   30.4  1915   34.1  1868   33.3  1967   37.4  1874   46.1  1906   35.5  2020   48.4  1977   48.1  1958   46.9  1950   154.7  1918   129.7  2009   143.0  1989   165.0  1977   681.1  1949
   43.1  1901   29.0  1971   30.4  1953   30.0  1955   34.0  1897   33.2  1886   36.9  1996   45.7  1887   34.9  1890   47.6  2003   48.0  1868   46.7  1903   153.9  1890   127.1  1997   140.8  1885   164.5  1934   678.0  1976
   42.4  2005   28.7  1905   30.3  1879   28.9  1914   33.9  1934   32.9  1934   36.6  1943   45.7  1989   34.8  1914   46.9  1973   47.7  1999   45.0  1975   153.8  1917   126.7  1936   138.0  1979   164.2  1897   677.6  1892
   41.5  1916   28.5  1985   30.3  1883   28.9  1933   33.6  1871   32.4  1869   36.5  1905   45.5  1935   34.7  1969   46.6  1918   47.6  1990   44.1  1863   152.7  1886   123.6  1866   137.8  1874   163.8  1945   673.7  1995
   39.2  1929   28.2  2003   29.9  1924   28.5  1929   33.6  1974   30.7  1915   35.9  1948   44.9  1886   33.9  1901   46.4  1985   47.3  1961   44.0  2004   152.3  1871   123.2  1995   137.5  1906   163.6  1937   673.5  1959
   39.2  1908   27.6  1975   29.4  1865   28.1  2020   33.5  1927   30.5  1870   35.5  1981   44.9  1949   32.9  1912   46.3  2017   46.7  1904   44.0  1987   151.4  1944   123.1  1865   135.2  1996   162.5  1919   673.1  1873
   39.0  1871   26.6  1942   29.3  1898   27.4  1892   32.6  1982   30.3  1922   34.9  2016   44.7  1993   32.7  1979   45.9  1905   46.5  2004   43.0  1871   150.1  1942   123.1  1984   134.7  1925   161.7  1979   672.2  1943
   37.6  2000   26.0  1964   29.3  1899   27.4  1997   31.8  1939   30.2  1951   33.4  1887   43.7  2021   32.2  1921   45.6  1956   45.8  2001   42.3  1991   148.9  2017   123.0  1896   133.2  1934   160.9  1959   671.4  1962
   37.3  1914   25.9  1917   28.9  1915   27.3  1890   31.6  2010   29.8  1979   32.2  1878   43.6  1964   30.3  2002   45.0  1869   45.6  1978   38.3  1913   147.8  1954   122.4  1928   130.4  1947   158.6  1893   669.6  1901
   37.0  1949   25.4  1938   27.3  1946   26.8  1881   31.6  1863   29.5  1996   31.7  1870   43.5  1975   30.0  1977   43.8  1970   44.2  1917   38.1  1941   141.7  1953   121.8  1887   129.6  1937   158.5  1942   663.7  1934
   36.9  1973   22.5  1909   27.1  1956   25.7  1906   31.4  1961   29.4  1913   30.9  1863   40.7  2007   29.1  2003   43.2  1890   42.8  2011   37.5  1875   140.9  1874   119.4  1976   128.6  1933   155.0  1988   661.3  1904
   36.2  1902   21.5  1896   25.6  1943   24.9  2010   30.6  1884   29.1  1919   30.7  2018   38.6  1869   28.8  1985   42.4  1964   42.7  1973   36.9  1970   139.9  1889   117.8  1915   127.5  1981   153.1  1969   660.9  1991
   34.4  1909   21.1  1887   25.4  1945   24.7  1982   30.4  1901   26.6  1887   30.1  1995   37.6  1990   28.1  1997   41.5  2007   42.6  1983   36.3  1892   138.5  1907   116.8  1874   127.1  1990   151.5  1972   659.1  1902
   34.0  1989   21.0  1963   24.2  1863   23.9  1865   30.1  1928   25.3  1994   28.6  1990   37.5  1883   27.9  1915   41.2  1908   42.1  1884   36.2  1988   138.5  1985   116.0  1921   125.1  1984   149.2  1915   657.4  1884
   32.6  1907   19.9  1956   24.0  1997   23.3  2015   29.4  1870   24.9  1932   28.3  1898   36.3  1871   27.9  1906   38.3  1897   42.1  1948   35.6  1883   137.7  1989   116.0  1883   124.0  1940   148.6  1973   657.0  1955
   32.2  2019   19.9  1886   23.8  1925   23.1  1870   29.4  1980   24.6  1918   28.2  1982   36.1  1913   27.2  1888   38.2  1995   41.9  1937   35.2  1943   134.7  1992   115.9  1960   123.3  1994   148.6  1975   653.4  1911
   31.7  1864   19.4  1924   23.3  1892   21.9  2013   28.5  1922   22.9  1874   28.0  1913   35.8  1972   26.6  1939   38.0  1884   41.8  1908   35.1  1865   133.8  1914   113.1  1911   123.0  1921   147.6  1955   652.2  1973
   31.2  1935   19.2  1890   22.9  2012   21.4  1995   28.5  1919   22.8  1904   27.8  1952   35.0  1880   24.8  1971   32.9  1879   39.9  1964   34.1  2016   132.4  1976   111.6  1892   121.0  1868   147.0  1920   647.1  2010
   29.8  1889   19.0  1863   22.7  1875   21.0  1958   26.3  1959   22.0  1940   27.5  1906   34.1  1920   24.2  1929   31.7  1950   39.2  1988   33.9  1971   131.1  2005   109.2  1875   120.7  1949   146.5  2003   646.0  1898
   29.6  1898   18.6  1952   21.7  1900   19.9  1873   26.1  1888   21.9  1983   26.5  1897   34.0  1899   24.0  1964   30.9  1972   39.0  1942   33.6  1931   125.1  1864   106.7  2010   120.7  1911   144.4  2007   643.3  1953
   29.2  1896   18.1  1929   21.7  1926   16.3  1976   25.8  1936   20.8  1889   26.1  1979   30.8  1976   23.7  2009   28.1  2016   37.8  1933   33.4  1917   123.9  1880   103.5  1957   120.3  1899   144.2  1908   639.1  1890
   27.9  1905   17.6  1998   21.0  1973   16.3  2017   25.2  1935   17.4  1976   25.4  1976   30.6  1864   23.1  1996   27.8  1946   36.4  1922   33.2  1879   119.8  2006    99.9  1900   120.1  1975   144.0  1901   637.6  1905
   27.8  1911   17.3  1930   20.5  1935   15.6  1980   25.0  1989   16.5  2006   21.5  1999   28.8  1959   23.0  1895   27.6  1975   33.6  1896   32.7  2001   118.3  1896    99.4  1944   119.3  1955   143.4  1956   617.5  1996
   27.6  1950   16.7  1986   20.3  1990   13.3  2021   23.9  1998   16.2  1942   20.7  1864   27.8  1937   21.3  1928   26.5  1951   33.4  2021   31.0  1953   117.9  1929    97.0  1870   117.9  1959   141.5  1985   614.3  1893
   27.1  1963   16.0  1862   19.6  1910   12.4  1954   21.4  1970   15.9  1923   20.5  1955   27.2  1983   20.7  1900   26.3  1962   32.4  1920   30.9  1932   114.0  1909    90.4  1956   112.2  1870   139.6  1879   613.7  1933
   25.8  1888   14.9  1965   17.3  1993   10.2  1893   19.2  1956   15.7  1949   19.0  1869   26.1  1936   19.6  1898   25.7  1965   30.3  1879   28.7  1885   110.5  1932    88.5  1863   105.7  1887   137.0  2011   611.8  2003
   25.3  1953   11.1  1934   12.9  1893   10.2  1974   19.0  1876   15.4  1975   18.6  1935   21.2  1991   18.4  1907   24.3  1931   30.1  1889   27.6  2010   109.8  1888    83.8  1929    97.7  2018   136.1  1921   606.7  1870
   24.1  1987    9.9  1993   12.0  2011    8.7  2007   17.7  1990   14.9  1995   18.3  1984   21.2  1933   17.0  1986   24.2  1888   26.9  1867   21.4  1926   108.7  1905    83.2  1974    95.9  1864   125.6  1884   597.0  1975
   23.2  1964    7.6  1932   11.4  1938    8.7  1984   16.9  1895   13.6  1962   18.2  1921   18.8  1955   15.9  1941   22.8  1904   26.5  1871   20.9  1890   104.1  1963    79.2  2020    93.5  1913   124.2  1922   595.1  2011
   22.4  1881    7.6  1921   11.1  1961    7.9  2011   16.6  1905   11.4  2018   16.7  1977   15.9  2003   14.3  1910   20.6  1922   25.4  1862   20.9  1905    90.1  1934    75.6  1938    92.9  1983   118.2  1947   590.2  1964
   22.3  2006    7.1  1895   10.1  1944    7.7  1912   11.4  1991   11.4  1921   16.4  1868   13.2  1947   13.7  2014   14.4  1969   25.1  1956   19.7  1963    78.7  1891    75.1  1893    90.1  1869   115.8  1904   573.6  1864
   12.3  1880    6.3  1959    8.2  1931    7.3  1957   10.9  1896   11.4  1868   15.0  1885   11.7  1940    7.8  1865   14.2  1978   23.9  1909   19.5  1873    68.9  1964    73.9  2011    73.6  1976   112.1  1978   552.4  1887
   12.1  1997    3.6  1891    6.9  1929    4.3  1938    6.7  2020    2.2  1925    9.7  1911    8.3  1995    4.0  1959   13.3  1947   10.9  1945   12.8  1933     ---  1862    69.9  1990    53.2  1995   106.3  1964   536.7  1921