Areal values from HadUK-Grid 1km gridded climate data from land surface network
Source: Met Office National Climate Information Centre
Monthly, seasonal and annual total duration of bright sunshine for Northern Ireland
Areal series, starting in 1919
Last updated 01-Jan-2022 10:59
    jan  year    feb  year    mar  year    apr  year    may  year    jun  year    jul  year    aug  year    sep  year    oct  year    nov  year    dec  year     win  year     spr  year     sum  year     aut  year     ann  year
   75.0  1959  102.3  2004  161.7  1929  217.0  2021  272.4  1946  258.6  1957  246.9  1955  262.3  1947  165.2  1991  113.8  1939   87.7  1925   62.0  2001   201.7  2011   559.0  2020   611.0  1995   334.8  1986  1461.3  1975
   71.2  2011  101.0  1960  161.7  1924  209.3  2015  256.4  1975  258.6  1940  234.3  1989  254.0  1976  160.9  1933  111.4  1987   79.4  1950   61.4  2010   186.9  2001   541.5  1975   559.9  1968   313.5  1987  1442.5  1955
   66.0  1928   98.1  1996  154.2  2003  208.6  1922  252.4  2017  253.9  1949  222.8  2013  236.3  1995  159.8  1986  110.7  1952   76.5  2010   58.9  1935   185.5  1957   539.3  2007   557.9  1976   298.2  2010  1432.0  1919
   65.9  2001   96.9  2018  146.0  1982  207.5  1942  245.3  2000  245.0  1925  210.3  1990  195.5  1968  153.1  1987  109.3  1923   76.3  2016   57.7  1960   181.1  1960   529.7  1962   550.2  1977   295.8  1919  1426.3  1959
   65.5  1957   96.2  1968  145.0  1923  207.0  2020  239.5  1935  237.7  1939  207.3  2006  186.9  1977  147.9  1996  108.8  1929   75.7  1927   52.7  1946   180.8  2018   527.3  2008   541.6  1989   295.0  1959  1414.9  1995
   65.1  1939   94.6  1957  143.2  1975  205.6  1962  238.2  1927  231.5  2009  201.7  1934  183.4  1997  147.2  1928  107.1  1922   75.0  1935   52.5  1929   178.1  2004   522.0  1948   533.0  1975   292.1  1923  1410.6  2010
   62.4  1922   93.5  1970  142.0  1955  204.6  1974  237.2  1984  229.1  1930  195.7  1943  182.5  2003  142.2  1949  106.2  2019   74.3  1974   51.0  1938   177.4  1961   521.8  1955   531.1  1926   291.8  1991  1378.4  2006
   60.7  1943   87.9  2001  134.1  1922  195.1  2011  235.8  2008  227.4  1960  191.2  1935  173.5  1931  138.6  1959  106.1  1926   73.4  1947   49.6  2012   176.4  2003   511.0  1929   519.2  1947   288.7  1927  1375.6  1989
   60.5  1991   85.6  2006  133.0  2015  193.7  2007  235.4  1977  226.5  1975  182.5  1984  170.5  1919  135.8  1971  105.3  1986   73.3  1923   48.3  2009   173.7  2002   506.5  1946   513.2  1925   282.3  1952  1374.9  1977
   58.9  1965   83.1  2003  129.6  2010  188.9  1938  234.7  1928  226.5  2018  179.4  1919  169.8  2000  133.6  1997  105.0  2010   73.0  1948   46.1  1990   172.4  1946   494.4  2015   512.0  1960   279.3  1929  1362.3  1968
   58.9  1963   82.2  1941  128.6  2020  187.9  1957  232.9  1948  219.2  1995  178.6  1977  164.8  1944  132.7  1955  103.8  1998   72.8  2005   46.1  1948   172.3  1968   487.9  1928   511.0  2018   279.2  1971  1362.0  1935
   58.8  2003   82.2  2008  125.7  1948  184.4  1969  225.1  2007  215.3  1921  178.4  1982  164.5  2010  131.8  1972  102.7  1931   72.0  1976   46.0  1923   170.6  1936   486.4  1922   508.2  2006   278.1  1974  1361.6  1960
   58.6  1933   81.7  1989  124.5  2004  177.3  1955  224.2  1989  207.9  1926  177.2  1983  157.8  1926  131.0  1921  100.9  2015   70.0  1977   45.9  1920   169.3  1928   486.0  1984   505.7  1919   277.5  2019  1361.1  2018
   58.6  2015   80.1  2013  121.7  1937  175.6  1984  223.3  2020  207.3  1959  177.1  1999  156.7  1974  128.4  1919  100.8  1966   69.8  1919   45.7  1963   167.1  1963   485.7  2010   504.8  1969   276.4  1933  1358.5  2003
   58.4  1978   78.9  2019  120.8  1999  174.9  1954  221.1  1980  207.0  1968  175.5  2021  154.6  1945  127.9  1995   99.5  1961   69.7  1964   45.2  2019   166.8  1951   485.3  2011   497.8  1934   275.3  1996  1357.4  2009
   57.7  1961   78.7  1944  120.5  2007  174.6  2008  218.3  2016  206.0  1951  174.4  2018  154.0  1975  127.6  1964   98.0  1994   69.6  1986   44.9  1932   165.7  1959   484.4  1959   497.2  2013   273.6  1949  1353.8  1928
   57.5  1985   77.5  1932  120.3  1962  172.4  1936  218.3  1943  205.1  1969  170.1  1971  153.8  1938  125.4  2015   97.6  1919   69.1  2013   44.9  1945   165.5  2015   483.8  2021   497.0  1949   273.2  1998  1351.3  1949
   57.5  2021   77.1  1955  119.8  2011  170.4  2003  216.0  2018  202.8  1932  166.0  2017  153.7  1928  125.2  1954   97.1  1927   68.4  2003   43.9  2006   162.1  2010   481.0  2016   494.0  2009   271.3  1926  1348.1  1927
   57.0  1946   77.1  1967  118.9  1933  166.4  1925  215.6  1959  196.1  1970  165.4  1926  152.9  1991  124.0  1929   95.5  2003   68.1  1930   43.9  1965   162.0  1996   480.4  1942   493.8  1955   271.1  1928  1341.0  2015
   56.9  1971   76.7  1951  118.8  2017  166.4  2013  214.5  1950  194.4  1934  163.0  1969  152.4  2019  123.3  2002   95.4  1981   67.4  1942   43.8  2014   161.7  1991   478.6  1927   492.2  1940   270.6  1972  1328.0  1950
   56.7  1919   75.6  1919  117.6  1950  166.0  1945  208.8  1997  190.4  1989  158.5  1972  150.8  2014  122.2  2009   95.4  1956   67.3  1990   43.5  1970   161.7  2007   477.9  1982   483.5  1921   269.8  2012  1321.2  2007
   55.4  1931   75.4  1949  117.4  2012  165.8  1981  204.7  1937  189.7  2006  158.2  1966  150.5  1960  121.6  1930   95.3  2020   67.2  1965   43.0  1967   161.3  2020   477.8  1935   475.8  1939   268.7  1966  1317.1  1984
   55.3  1958   75.2  1975  117.1  2002  165.7  1951  203.8  1962  188.3  1936  157.6  1963  150.1  2012  121.5  2020   94.8  2008   67.2  2006   42.3  1952   160.2  1967   475.5  2017   475.6  1959   268.1  1961  1315.9  1929
   53.9  1988   74.1  2020  117.0  2008  165.2  1968  203.7  1929  187.6  2010  157.4  1968  150.1  1962  121.4  1934   94.7  2013   66.4  1959   41.9  1995   160.0  1979   468.0  1953   473.5  2014   267.8  1994  1310.7  1957
   53.8  2010   73.6  1963  116.6  1970  164.0  1930  202.9  1966  187.4  1996  156.6  1921  149.4  1992  120.5  1960   94.1  1932   66.1  2011   41.8  1957   158.5  1943   466.6  2012   470.1  1984   267.2  2014  1308.0  1974
   52.8  1977   73.4  1986  116.5  1932  163.9  2006  202.5  2001  184.9  1929  155.5  2014  148.9  1970  119.7  2019   94.0  2000   65.8  1966   41.3  2016   158.3  1939   464.9  1951   463.8  1950   266.6  1925  1305.6  1951
   51.5  1990   72.6  1936  116.3  1986  163.4  2014  202.5  1955  184.6  1977  155.5  1995  147.5  1925  117.9  2012   93.8  1920   65.8  1996   41.2  1978   157.6  1989   463.2  1989   462.2  1935   266.0  2015  1305.4  1962
   51.3  1951   71.3  1978  115.1  1949  163.4  1948  202.0  1951  184.2  1950  153.9  1948  147.3  2001  117.3  1952   93.6  1974   65.1  1928   41.1  2003   157.4  2006   462.5  1977   461.8  1997   265.8  2003  1304.3  1948
   51.2  1955   71.3  2016  114.8  1959  163.2  1994  199.2  1942  181.0  1956  152.9  1958  146.5  1939  116.9  1963   93.3  2012   64.9  1967   40.8  1994   157.2  1949   462.0  1980   459.9  1974   264.7  1955  1298.9  2013
   50.5  1962   71.2  1943  114.1  2001  162.6  1932  198.5  2010  178.9  1963  152.5  1975  143.9  1927  116.7  2014   93.2  1984   64.4  2009   40.7  1919   156.6  2021   459.7  1950   457.9  1957   264.6  1967  1296.1  1982
   50.2  1942   70.4  1946  114.1  1953  161.8  1976  195.8  2012  178.7  1974  150.1  2007  143.5  1955  116.7  2010   93.1  2018   64.3  1970   39.9  1925   156.6  1930   458.3  2003   457.4  1951   263.2  2016  1293.3  1925
   49.8  2009   69.7  1937  113.2  2016  160.4  1953  195.6  1919  177.8  2015  146.7  2009  142.9  1966  115.9  1927   92.4  1936   64.2  1932   39.9  1982   156.5  2013   457.6  1919   454.4  1943   262.7  1995  1290.2  1926
   49.4  2018   69.6  1979  112.7  1919  160.3  1990  195.3  2009  177.5  1988  146.3  1942  142.8  1959  115.6  2001   92.2  1988   62.4  1949   39.6  1979   155.6  1971   456.1  2009   451.7  2010   262.0  1964  1288.2  1939
   49.1  1979   69.6  2007  112.5  1931  159.8  1960  194.2  1990  175.4  1962  145.3  1927  142.5  1984  115.4  1973   92.0  1993   62.2  1988   39.2  1959   155.6  1970   455.5  1923   451.5  2003   262.0  1935  1287.5  1976
   48.9  1920   69.5  2002  112.3  1963  159.2  2002  193.6  1953  174.1  1976  145.2  1950  140.8  1937  115.0  1994   91.7  2014   61.1  1998   39.2  1951   154.3  1933   454.9  2000   450.9  2000   260.4  2006  1286.0  2001
   48.1  2007   69.5  1988  111.8  1956  159.1  1926  193.1  1949  173.9  1967  145.2  2011  140.1  1964  114.4  1920   91.4  1971   60.7  1960   38.8  1950   153.5  1988   449.8  1974   450.7  1990   260.1  2013  1285.0  1990
   47.1  1967   69.4  1956  111.5  2009  158.0  1956  192.8  2021  172.0  1928  144.7  2000  138.0  1983  114.3  1967   90.6  2016   60.6  1979   38.4  2013   151.3  1955   448.0  1924   446.7  1970   258.5  1948  1284.1  2020
   46.9  1982   69.3  2014  110.9  1973  157.6  2010  190.3  1960  171.6  1920  141.4  1933  137.6  1993  113.5  2004   90.5  1948   60.1  2017   38.2  1973   151.3  1920   445.9  2001   443.8  1956   258.4  1931  1280.2  2000
   46.9  1987   69.1  2011  110.3  1927  156.2  1982  189.8  1957  170.4  1942  141.4  1996  136.7  1969  112.1  1935   90.1  1959   60.0  2018   38.1  1927   150.8  1941   445.0  2002   439.8  1982   258.0  1950  1274.8  1963
   46.6  2017   68.4  2005  109.3  1941  154.2  1995  187.8  1936  169.6  1943  137.5  1953  135.5  2004  111.9  1961   90.0  1962   59.4  1985   38.1  1985   150.3  1985   443.7  2004   439.2  1927   257.8  1932  1274.3  1932
   46.4  1989   67.6  1935  109.3  1952  154.1  1959  187.7  1958  168.4  1985  136.6  1923  135.3  2015  111.8  1926   89.7  1995   58.8  2014   38.0  1996   149.8  1986   440.4  1932   438.7  1992   257.4  2020  1272.3  1947
   46.3  1927   66.7  2000  108.8  1967  153.8  1983  186.4  1992  167.2  2014  135.5  1929  134.4  1950  111.0  1937   89.5  1924   58.5  2012   37.9  2008   149.8  1975   440.1  2006   438.3  1936   257.2  1988  1269.9  1946
   46.3  1994   66.4  1983  108.7  1965  153.4  2012  185.6  2006  166.5  1953  134.4  2004  134.1  1936  110.9  1990   89.0  1944   58.4  1931   37.7  2004   149.3  1965   439.9  1957   438.1  1963   257.0  1922  1265.8  1986
   45.7  1980   66.0  1987  108.6  1989  153.4  1928  184.8  1996  163.6  1972  134.3  1991  133.4  1979  110.7  1968   88.5  1978   58.2  1969   37.7  1964   149.2  1958   439.8  1956   437.9  1971   256.2  2009  1265.1  2016
   45.6  1998   65.7  1985  108.0  1944  151.5  1986  183.5  1961  161.9  1992  134.1  1960  132.6  1998  110.2  1925   88.3  1941   58.0  1993   37.5  1924   149.2  1962   439.0  1949   437.8  1983   255.1  1979  1263.3  1936
   45.6  1975   65.7  1972  107.9  1934  150.1  1965  183.2  2004  161.7  2013  133.1  1956  130.9  1951  110.2  1974   87.1  1955   57.8  1946   37.2  2020   149.0  1978   435.6  1990   437.2  2019   253.9  1939  1262.5  2011
   45.2  1952   65.4  1930  106.7  1979  149.5  2016  182.6  2005  158.7  1933  132.1  2019  130.6  2016  110.0  1981   86.9  1972   57.8  1975   36.8  1961   147.8  2008   435.0  1954   437.1  1928   253.9  1930  1259.6  1942
   44.5  1940   65.3  1997  105.5  1972  149.3  1919  180.9  1988  158.2  1986  132.0  2001  130.1  1946  110.0  1944   86.5  2007   57.0  1954   36.7  1972   147.1  1987   432.5  1936   436.1  2021   251.8  1947  1259.0  1943
   43.9  1984   65.2  1928  105.0  1966  149.2  2009  178.8  1987  157.5  1973  131.5  1922  129.7  1956  109.4  1923   86.3  1979   56.8  1933   36.0  1966   146.5  1983   429.3  2018   433.9  1962   251.6  1981  1257.2  2014
   43.2  1950   65.0  1973  103.5  1954  148.8  1939  177.3  1963  157.2  2008  131.3  1997  129.4  1967  108.7  1936   86.0  2021   56.7  1961   35.8  1922   145.8  2014   427.4  1943   430.2  1930   250.6  2018  1256.9  2008
   43.2  1925   64.5  1950  102.9  1974  148.6  1935  175.7  1982  155.8  1919  129.8  1976  128.8  1982  108.3  1975   85.5  2006   56.6  1941   35.6  1976   144.7  1952   426.8  1968   429.9  1953   249.1  1993  1254.3  2021
   42.7  2012   64.4  1923  101.8  1920  147.4  1999  173.9  1947  154.8  2003  129.0  1978  128.7  1961  108.3  1998   85.4  1938   56.5  1957   35.0  1999   144.6  1956   426.3  1930   428.4  1996   248.9  1936  1251.9  2004
   42.2  2002   63.3  1969  100.2  1939  145.9  1980  173.2  1939  153.3  1971  127.3  1992  127.5  2005  108.2  1979   85.4  1947   54.8  1994   34.6  1962   144.3  1947   424.9  1952   427.8  2015   248.5  1944  1251.5  1969
   42.0  2020   63.2  2015   99.8  1928  145.6  1929  172.1  1930  152.7  2019  126.5  1949  127.3  2002  108.1  1982   85.4  1967   54.4  1952   34.6  2002   143.9  1922   424.8  1986   425.6  1972   247.8  1976  1244.6  1930
   41.9  1945   62.0  1962   98.6  1978  145.3  1977  172.0  1952  151.3  1941  126.0  1994  126.0  1935  107.7  2006   84.5  1973   53.8  1991   34.4  2017   142.0  2005   422.2  1939   424.3  1933   246.2  1942  1242.6  1956
   41.7  1941   61.9  1961   98.5  1968  144.2  1972  170.4  2011  150.0  1927  125.5  1959  125.9  1981  107.2  1942   84.2  1983   53.5  1963   34.4  1992   141.8  1990   420.9  1938   423.6  1932   246.0  1997  1242.1  1967
   41.4  1956   61.8  2021   97.9  1943  143.8  1991  170.0  1956  147.2  2011  125.2  1965  125.9  1953  107.1  2000   84.0  1943   53.4  1926   34.2  1986   141.4  1953   417.7  1994   418.4  1999   245.3  2002  1241.1  1971
   41.1  1947   61.7  1920   97.3  1951  143.7  1952  169.9  1978  147.2  1997  124.9  1945  124.9  1965  106.7  2017   83.4  1985   53.2  1980   34.0  1993   141.2  1931   415.3  1963   417.4  1966   245.2  1977  1238.9  1952
   40.9  1960   61.0  1938   96.7  1994  142.8  1923  168.9  1940  145.8  1979  124.6  1974  124.8  2017  106.4  2007   82.2  1999   53.0  1940   33.8  1955   140.7  2009   414.8  1969   413.0  1945   244.1  1941  1237.8  1953
   40.5  1999   60.5  1934   96.3  1946  142.8  1970  168.6  2002  145.1  1935  123.7  1940  124.2  1933  105.9  1922   82.2  1992   52.4  1921   33.7  1958   140.3  1937   412.3  2005   411.7  1929   243.9  1990  1232.0  2017
   40.4  1948   60.4  1952   95.0  1980  142.7  1973  167.8  1923  145.1  1984  123.1  1946  123.4  1973  102.8  1988   81.7  1980   52.0  1971   33.6  1937   139.1  2016   409.4  1958   410.7  1991   243.6  1984  1231.5  1922
   40.1  1983   60.0  2010   93.8  2014  142.0  1975  167.6  1931  144.9  1952  120.7  1925  121.3  1941  102.1  1966   81.6  1951   51.9  1972   33.5  1968   139.0  1925   409.4  1967   408.8  1988   243.5  1960  1230.7  2019
   40.1  2006   59.5  1982   91.7  1925  140.2  2005  167.1  1971  144.8  2021  120.5  1951  120.6  1952  101.8  2003   81.0  2004   51.8  1924   33.1  1989   138.7  2000   409.3  1995   408.2  2007   243.2  1963  1230.6  1934
   39.9  1953   59.2  1945   90.8  1995  140.1  1967  164.7  2013  142.4  1998  118.7  2008  120.3  1994  101.7  1999   81.0  1950   51.6  2019   33.0  2000   138.6  2019   408.3  1999   405.8  2017   242.5  1920  1225.9  1972
   39.5  1926   59.2  1953   90.6  2006  138.2  1988  164.2  1995  142.1  1946  118.3  1952  120.0  1954  101.1  1940   78.7  1953   51.3  1999   32.7  2007   138.4  1950   406.5  1960   404.2  2004   240.9  1973  1220.7  1991
   39.2  1936   58.4  1925   90.2  1930  137.8  1946  163.7  1924  141.6  2007  117.7  2005  119.2  1986  100.7  1977   78.4  1982   50.2  1984   32.0  1997   138.2  1980   405.9  1945   401.1  1967   240.2  1954  1219.1  2012
   38.8  1937   57.4  1995   89.7  1935  137.1  1958  163.1  1964  140.3  1965  117.1  1947  117.9  1999  100.4  2005   78.2  1997   49.7  1943   31.9  1969   134.9  1924   399.4  1988   398.9  1942   238.6  1975  1218.3  1988
   38.7  1930   57.3  1974   89.4  2005  136.8  1998  163.0  1968  139.8  1961  116.0  1936  116.8  1989  100.2  1984   77.6  1976   49.6  1944   31.8  1936   134.6  1972   397.5  1966   398.3  2011   238.5  2005  1214.1  1996
   38.4  1986   57.2  1942   89.1  1961  135.9  2004  163.0  1934  139.8  1947  115.9  1973  116.5  1920   99.5  1932   77.2  1958   49.0  1987   31.7  2005   134.1  2017   396.1  1979   397.8  1920   237.6  2000  1207.7  1970
   38.3  1934   57.2  1948   88.0  1938  134.4  2000  162.5  1926  136.5  2000  115.8  1988  116.5  2007   99.3  1941   77.1  1937   47.9  1978   31.4  1971   134.0  1982   396.1  2013   397.3  2001   235.3  1999  1206.7  1997
   38.2  1976   57.2  1927   87.9  1997  131.7  1971  162.4  1979  136.1  1990  114.7  2015  116.5  1949   99.1  1939   76.3  2002   47.8  1936   31.0  1921   133.8  1927   395.8  1931   396.9  1973   234.1  1937  1193.2  1999
   38.1  2014   57.2  1990   86.5  1945  130.8  1949  161.3  1932  134.3  2004  114.2  2003  115.8  2009   99.0  1993   74.8  1935   47.5  1934   31.0  2015   133.3  1977   392.0  1965   395.3  1946   232.1  1982  1190.4  2002
   37.5  1972   57.0  1959   85.9  2019  130.5  1947  160.4  1967  134.0  1964  113.8  1932  115.8  2021   98.3  1938   74.5  1977   47.5  1989   30.7  1949   132.1  1942   389.7  1972   390.4  1965   230.3  2008  1188.1  1979
   37.0  2000   56.1  1924   85.7  1985  130.4  1989  159.6  1941  133.5  1945  112.4  1980  115.5  1988   98.2  1976   73.9  1945   46.6  1953   30.4  1926   130.8  1995   388.6  1978   389.3  1931   229.8  1938  1184.2  1966
   36.8  1981   55.7  1931   85.6  1969  130.1  1927  157.8  1994  132.6  1982  112.4  1987  114.4  1971   97.6  1950   72.9  1991   46.5  1929   30.1  1987   130.0  1944   388.1  1981   386.2  1938   229.3  2004  1183.8  1923
   36.8  2016   55.7  1999   84.8  2018  129.8  1985  157.4  1998  130.7  2016  112.0  2012  113.4  2020   97.6  1957   72.8  2001   46.3  1992   30.1  1930   129.6  1964   387.3  1941   383.8  1952   228.6  1924  1179.0  1933
   36.0  2019   55.2  1971   84.6  1958  129.2  2001  157.1  1986  130.1  1937  111.5  1928  112.8  1957   97.5  2018   72.7  1963   46.2  1981   29.5  1988   129.4  1974   386.9  1926   381.3  1998   227.9  1978  1178.6  1945
   35.9  2005   55.1  1991   83.5  1981  128.5  2018  156.7  1954  128.6  1931  110.1  2016  112.8  1987   97.3  1931   72.5  1975   46.1  1938   29.2  1953   129.2  1921   386.5  1947   380.0  1948   227.4  1934  1173.7  1931
   35.7  1949   55.0  1964   83.1  1993  127.6  1950  156.1  1944  128.4  1981  109.7  1920  112.7  2013   96.4  2013   71.6  1942   46.0  1937   29.1  1939   128.8  1969   384.7  1973   379.8  1941   227.0  2001  1173.5  1938
   34.8  1954   54.3  1981   82.0  1947  127.0  1979  154.1  1920  128.0  1978  108.3  1962  111.6  1921   96.3  2016   69.7  2009   45.9  2008   29.0  1974   128.5  1998   381.5  1934   378.7  1979   226.5  1980  1170.7  1940
   34.7  2004   53.1  2009   81.8  1971  125.7  1963  153.9  1985  127.5  1954  107.9  1938  111.2  2006   95.9  1989   68.9  1949   45.7  2002   28.5  1980   128.4  1945   380.6  1971   377.9  1985   226.2  1985  1168.5  1961
   34.4  1993   52.9  1980   81.8  1977  124.9  1964  153.4  1945  124.8  2005  107.1  1941  110.1  2018   95.5  1951   68.7  1925   45.7  1945   28.2  2011   126.8  1932   379.7  1970   376.7  1964   223.6  2017  1165.2  1920
   34.0  1974   52.7  1965   81.6  1921  122.6  1924  153.4  1991  124.5  1938  106.3  1998  109.9  1940   95.1  1948   66.3  1989   45.6  1982   27.6  1981   126.6  1997   378.7  1991   372.4  1937   223.2  2007  1162.1  1994
   33.5  1935   52.1  1958   81.5  1991  120.0  1978  152.1  2015  123.5  1991  104.3  2002  108.2  1948   94.7  1992   65.8  1990   45.2  1995   27.6  1933   126.3  1934   378.2  1997   371.4  2016   223.1  1992  1159.8  1941
   33.4  1929   52.1  1992   81.0  1990  118.4  1941  151.7  2019  123.4  1999  102.6  1964  107.0  1932   94.1  1958   65.2  2005   44.9  1955   27.4  1975   126.2  1935   376.9  1944   370.0  2005   222.7  1956  1156.8  2005
   33.1  1968   51.2  1921   80.4  1940  118.4  2019  151.7  1921  122.6  1983  102.6  1985  107.0  1985   94.1  1945   64.7  1964   44.6  1956   27.3  1944   123.5  1973   374.6  1961   369.4  1958   221.5  1943  1148.5  1921
   32.9  2008   50.8  1998   80.3  1988  117.9  1996  144.7  1969  122.1  2002  102.0  1981  105.9  2011   92.9  1947   64.6  1969   44.0  1922   27.0  1984   122.6  1999   372.0  1925   369.3  1961   216.0  1951  1147.4  1973
   32.8  1924   50.8  1933   79.2  1987  115.7  1931  144.0  1938  121.2  1924  101.7  1970  104.9  1980   91.6  1980   64.2  1930   43.9  1958   27.0  1940   120.9  1948   369.4  1985   364.3  1944   215.3  1958  1147.0  1987
   32.6  1995   50.5  1947   75.2  2000  115.4  1993  143.8  1922  118.0  2001  101.5  1937  104.3  1990   91.4  1978   62.3  1960   43.6  1968   26.7  1942   119.5  1981   368.6  1937   360.2  1986   214.4  1921  1143.5  1965
   32.1  1921   50.4  1922   75.0  1976  112.9  1940  142.3  1974  118.0  1948  100.8  1961  103.8  1930   91.3  2011   61.6  1996   41.1  1939   26.5  1983   119.2  1938   368.4  1920   357.0  2012   214.2  1970  1137.1  1978
   32.0  1969   49.1  1976   74.1  2021  112.7  1944  140.0  1999  118.0  2020   99.6  1993  103.6  1972   89.6  2008   61.5  1965   40.9  1973   26.5  1998   118.3  1994   365.3  2014   356.4  1981   213.6  1945  1135.2  1958
   30.2  1970   46.3  1984   73.7  1942  112.6  1920  140.0  1972  116.2  1966   99.6  2010  103.2  1958   88.7  1970   61.1  1970   40.5  2020   26.5  1928   117.6  1923   362.2  1940   353.8  2002   212.8  1968  1134.9  1985
   30.1  1932   46.1  2017   73.2  1984  111.1  1943  138.8  1981  115.0  2017   99.5  1979  101.9  1922   87.9  1943   58.9  1928   39.7  2015   25.4  1956   116.7  1984   359.4  1987   351.5  1994   211.6  1953  1127.1  1980
   28.8  1964   45.0  1977   72.3  1936  110.5  1934  137.1  1993  113.3  1958   98.8  1924  101.8  1934   87.3  1924   58.7  1933   38.9  1951   25.1  1934   114.6  1976   358.9  1976   349.6  1978   211.0  1957  1124.5  1998
   28.3  1992   42.2  1939   67.1  1992  107.3  1933  133.7  2003  111.1  1944   97.7  1967  101.6  1963   86.3  1953   58.6  1968   38.6  2001   24.6  1941   110.4  1926   356.0  2019   346.4  2008   210.7  1940  1123.1  1944
   28.1  1966   41.5  1954   65.3  1926  104.2  2017  133.2  1965  105.9  1987   97.2  1930   99.6  1996   83.5  1985   58.5  1934   36.5  2000   23.9  1991   108.5  1966   352.3  1996   340.9  1993   210.5  2011  1117.3  1937
   27.4  1944   38.0  1994   65.0  2013  103.1  1921  131.1  1973  105.9  1922   91.6  1939   93.3  1924   82.7  1956   58.0  1954   34.8  2004   23.9  1943   107.7  1940   351.0  1964   339.4  1922   209.7  1989  1116.2  1924
   26.8  2013   36.5  1966   62.9  1964  102.0  1961  122.9  1983  105.2  1994   90.0  1954   92.6  1978   81.9  1969   56.9  1957   34.3  1983   23.8  2018   105.5  1954   347.0  1998   337.5  1954   205.6  1965  1114.9  1981
   24.5  1938   34.1  1940   62.2  1957  101.4  1987  122.1  1976  103.7  1993   88.4  1944   91.4  1929   79.2  1983   56.8  2017   34.3  1920   23.3  1947   104.3  2012   341.4  1933   331.1  1987   204.8  1969  1112.1  1992
   23.3  1997   33.4  2012   58.8  1983   89.5  1966  120.3  1970  103.4  1955   87.2  1931   89.1  1943   76.9  1965   56.6  1940   34.3  1997   23.0  1954   104.3  1992   336.4  1921   314.4  2020   197.7  1983  1111.9  1954
   22.0  1996   31.0  1926   56.4  1960   82.0  1992  115.2  1933   94.9  2012   86.4  1957   82.1  1942   74.3  2021   56.2  1946   33.9  2021   20.7  2021    93.4  1993   335.7  1993   313.2  1924   194.7  1962  1111.2  1964
   21.8  1973   28.0  1929   52.8  1998   81.4  1997  113.8  1925   94.2  1980   83.0  2020   80.2  1923   73.8  1946   53.0  2011   31.1  1962   19.2  1977    87.9  1929   335.5  1992   311.5  1980   194.3  2021  1103.9  1983
   17.4  1923   24.6  1993   49.6  1996   42.3  1937  108.1  2014   91.6  1923   82.8  1986   70.5  2008   73.6  1962   31.0  1921   30.3  2007   19.2  1931     ---  1919   335.4  1983   308.4  1923   187.8  1946  1018.7  1993