Areal values from HadUK-Grid 1km gridded climate data from land surface network
Source: Met Office National Climate Information Centre
Monthly, seasonal and annual total precipitation amount for Northern Ireland
Areal series, starting in 1862
Last updated 01-Jan-2022 11:00
    jan  year    feb  year    mar  year    apr  year    may  year    jun  year    jul  year    aug  year    sep  year    oct  year    nov  year    dec  year     win  year     spr  year     sum  year     aut  year     ann  year
  197.8  1877  231.9  2020  160.7  2019  143.8  1961  154.4  1916  182.8  1897  191.4  1936  206.6  2008  191.2  1950  253.1  1870  235.6  1890  232.2  1919   522.1  1877   353.1  1986   421.8  1912   471.9  2000  1452.6  1872
  190.2  1928  194.9  1990  153.3  1903  127.4  1867  144.9  1981  178.2  2012  174.4  1867  191.2  1985  179.9  1946  210.1  2011  216.7  2009  229.8  1876   504.9  2016   346.1  1947   415.1  1879   463.0  2011  1410.1  2002
  186.5  2008  179.1  1923  144.9  1992  124.8  1993  136.5  1993  153.4  1912  172.1  1896  187.3  1889  179.6  1999  205.7  1990  191.9  2002  222.3  1999   489.3  2014   329.7  2006   410.4  1958   456.6  1872  1370.6  1928
  183.1  1984  170.7  2014  143.3  1897  124.5  1950  135.6  2002  148.1  2007  165.1  1882  182.2  1956  178.0  1962  200.9  2002  190.2  2015  220.2  2015   485.0  1994   328.2  1993   405.2  2008   438.3  1944  1339.8  1903
  182.1  1948  165.4  2002  143.3  2006  124.0  1899  131.7  1925  145.9  1931  163.8  1960  181.1  1910  174.1  1981  189.4  1916  180.5  1963  213.7  1929   459.0  1920   321.2  1981   403.5  1888   435.0  2002  1323.6  2020
  180.7  1942  161.5  1977  139.9  1988  119.8  1898  129.5  1986  145.7  1958  163.0  1879  180.9  1930  163.6  1918  188.1  1976  177.6  2014  200.1  1914   437.2  1984   320.6  1916   403.5  1897   431.6  1954  1319.1  2015
  179.4  1988  161.4  1910  137.4  1947  118.8  1991  127.9  2003  143.0  1907  160.2  1888  178.4  1923  162.0  2010  182.2  1998  171.2  1900  198.0  1978   428.8  1915   315.9  1972   398.4  2020   420.2  1875  1317.7  1923
  179.3  2018  161.1  1966  133.2  2008  117.2  1916  127.8  1892  141.3  1879  155.6  1950  175.2  1891  161.4  1872  182.1  1917  170.5  1882  196.9  1993   426.5  1995   312.1  1907   395.3  2012   418.6  1981  1298.9  1877
  175.5  2016  145.7  1869  131.0  1981  116.4  1909  124.3  1924  136.7  1928  154.6  1871  171.9  1992  157.8  1934  180.9  2000  168.2  1951  179.6  1911   417.0  1937   311.2  2002   388.8  1910   414.6  1918  1292.6  2014
  174.2  1903  142.3  1997  130.6  1994  113.4  1996  123.4  2015  131.6  1863  146.9  1880  169.5  1943  156.5  1985  179.5  1903  166.8  1979  175.0  1966   412.9  1990   307.8  1913   388.8  1956   413.1  1938  1275.8  2008
  173.6  2014  137.5  1914  129.1  1908  112.4  1940  121.5  1878  128.0  1872  141.8  1938  168.7  1905  152.6  1974  178.2  1938  163.1  1982  174.9  1915   412.4  2020   302.3  1992   383.7  1985   409.5  1935  1274.6  1954
  164.7  1926  137.0  1937  128.1  1914  112.3  1871  121.3  1967  127.6  1990  136.3  2010  166.2  1929  152.6  1924  173.3  1867  160.6  1931  165.7  1872   412.3  1923   296.1  1920   383.0  2007   408.7  1995  1269.0  1990
  164.1  1872  136.0  2011  125.7  1940  111.9  1925  120.5  1902  125.7  1888  135.5  1953  165.1  2009  151.0  1885  170.4  1995  158.1  2000  164.8  1948   410.8  1869   296.0  1925   373.8  1950   408.0  1967  1266.3  1998
  163.3  1937  134.1  1894  125.7  1868  111.9  1913  120.2  1907  124.5  1900  135.3  1924  163.9  1892  150.3  1944  165.3  1967  158.1  1869  164.1  1899   401.6  1894   294.6  1862   370.3  1960   401.7  1998  1265.9  1966
  163.1  1974  132.8  1994  124.9  1989  111.9  1880  117.9  1945  123.9  1966  134.0  1988  160.5  1917  147.8  1883  162.8  2020  156.7  1938  163.7  1986   400.9  2000   293.8  1899   366.7  1882   400.5  1890  1261.9  1900
  161.0  1884  130.4  1970  123.2  1912  110.8  1922  117.3  1976  123.2  2020  133.6  2009  158.3  1903  146.3  2017  159.5  1930  155.9  1939  163.2  1868   389.0  1958   293.8  2019   365.0  1924   400.4  1870  1261.6  2011
  158.6  1986  129.5  1918  122.4  1905  110.3  2009  117.1  1972  119.7  2002  133.3  1958  156.5  1904  144.8  1967  159.2  1954  153.4  1995  163.1  1934   388.5  1916   290.0  1909   358.0  2009   398.6  1928  1257.1  2009
  158.2  1866  127.7  1925  121.5  1978  109.0  1992  116.6  1906  118.6  1982  131.5  1932  155.2  1897  143.3  1896  158.9  1928  151.3  1872  161.2  1959   384.1  1966   289.1  1897   352.7  1900   396.2  1917  1255.0  1999
  157.4  1975  127.1  1928  117.8  1986  106.7  1989  116.3  2021  117.7  1945  130.5  1873  155.1  1912  142.8  1942  156.6  2013  151.0  1944  158.9  1932   383.3  1922   288.9  1966   352.2  1930   394.7  2006  1243.8  1920
  155.4  1994  124.0  1915  117.1  1907  105.8  1986  113.9  2006  117.6  1998  129.7  2007  153.9  2020  142.5  1968  156.5  1920  150.8  1947  155.9  2011   382.3  1928   286.9  1867   352.0  1936   392.9  1963  1242.3  1988
  153.4  1894  124.0  1876  116.6  1896  105.0  1947  110.7  1886  116.2  1955  129.6  1915  153.1  2019  141.6  1908  154.0  1865  149.0  1877  153.0  1912   381.1  1912   286.4  1903   351.5  1946   392.5  1968  1238.9  1950
  152.7  1995  123.9  1922  116.5  1876  103.0  2000  110.6  1931  114.1  1980  128.2  1939  152.9  1950  138.7  1957  153.2  1875  148.5  1917  152.9  2000   378.0  1974   286.1  1908   351.1  1928   386.9  1982  1236.3  2000
  148.8  1862  123.8  1958  116.4  1983  102.2  2002  107.9  1879  111.6  1935  125.6  1998  151.4  1928  137.4  2006  151.7  1862  148.1  1954  152.9  1869   377.9  2018   283.2  2015   349.8  2017   384.2  1970  1233.3  1924
  147.1  1999  121.7  1995  114.5  1963  101.4  1998  107.8  1954  110.5  1938  125.5  1957  150.5  1873  136.0  1879  151.3  1863  147.4  1928  152.6  1949   376.1  1883   280.7  1963   346.4  1896   381.0  1883  1225.3  1981
  147.0  1875  121.3  1904  114.0  1972   99.8  1923  106.9  2011  109.6  1881  124.4  1940  150.0  1942  133.9  1927  150.8  1981  145.7  2010  152.1  1994   374.9  1900   279.6  1979   345.9  1931   378.8  1976  1225.0  1882
  146.6  1921  120.9  1881  114.0  1982   98.2  1966  105.6  1899  108.6  2004  122.6  2008  149.0  1924  132.8  2000  149.5  1996  145.5  1864  150.0  1965   374.9  2002   277.1  1906   342.5  2019   378.5  1979  1220.1  1958
  145.6  1920  120.6  1865  113.5  1980   97.2  1999  105.3  2013  106.6  2019  122.5  2017  147.2  1895  132.6  1935  149.1  1968  144.2  2018  148.6  1886   374.3  1960   275.0  2009   336.3  1892   378.1  1863  1216.0  1912
  144.5  1913  119.5  1954  112.7  1991   96.2  1932  105.2  1969  106.3  1947  122.3  1862  145.9  1893  129.6  1875  146.1  2008  144.1  1991  146.3  1957   373.1  1867   273.2  1940   334.3  1998   377.4  1900  1213.7  1960
  144.4  1883  118.8  1916  112.4  1909   96.2  1920  105.2  1997  103.8  2017  121.9  1903  144.4  1946  128.8  1980  145.7  1989  142.9  1888  145.7  1891   373.0  1926   272.1  2005   332.2  1903   377.2  1950  1210.4  2019
  143.4  1867  117.1  1935  108.7  1928   93.4  1862  104.7  1865  103.5  1882  121.3  2020  143.5  1986  127.3  1863  145.3  1929  139.6  1969  145.0  2013   371.0  1977   270.8  2013   331.5  1907   373.8  1930  1200.9  1967
  142.2  1993  115.6  1885  108.4  1995   92.2  2005  103.7  1862  103.1  1896  120.0  1931  142.1  1934  127.1  1923  144.9  1988  139.5  1992  144.9  1982   368.1  2021   268.4  1967   328.5  1943   373.5  2009  1198.5  1986
  141.7  2015  115.6  1872  107.3  1987   91.0  1924  103.6  1947  103.0  2011  119.6  2015  140.6  1883  126.4  1970  143.8  1872  138.2  1940  143.9  2014   368.1  2015   266.3  1886   327.2  1929   372.9  1923  1196.5  1918
  141.0  1943  114.5  1883  107.3  2010   90.6  1877  103.2  2005  100.7  1965  118.6  1937  138.7  1979  125.3  1975  143.3  1949  137.6  1970  143.1  1980   364.4  1903   265.8  1902   326.8  1873   372.3  2010  1194.6  1897
  140.9  1886  113.9  1988  106.0  2017   90.2  1872  103.1  1943  100.4  1948  118.4  1956  136.3  1868  124.3  1954  143.3  1935  137.4  1875  143.0  1956   364.0  1930   264.2  1989   320.5  1895   365.6  2017  1186.9  1876
  140.8  2013  113.5  2000  104.2  1895   89.3  1994  100.9  1917   99.5  1910  117.0  1947  136.3  2014  123.0  1869  142.9  1980  136.7  1941  141.7  1958   363.8  1988   262.9  1917   320.4  1938   363.2  2020  1186.3  1942
  140.4  1990  113.4  1898  103.8  1881   88.7  1908  100.5  1942   99.0  1963  116.6  1921  134.8  1960  122.9  2011  140.4  1894  136.0  1998  141.3  1942   360.8  1910   259.2  1965   316.8  1877   360.8  1980  1182.2  1938
  139.9  1978  113.3  1984  103.5  1919   88.6  1889  100.4  1920   98.9  1987  116.1  1895  134.5  1865  120.8  1978  139.9  1987  135.6  1866  140.8  1983   360.5  2008   258.2  1994   313.1  1988   360.2  1882  1182.1  1916
  138.7  1952  109.5  2021  101.9  1913   88.4  1882  100.2  2009   97.9  1927  115.9  1985  131.3  1958  119.7  1936  139.6  1909  134.2  1914  139.9  1918   358.1  1943   256.3  1996   312.1  1872   359.4  1876  1178.8  1931
  136.0  1938  109.3  2016  101.5  1921   88.3  1970   96.0  1966   97.9  1946  114.5  1922  131.0  1988  119.6  1876  139.3  1964  133.6  1935  138.9  2006   357.1  1957   256.1  1898   310.8  1891   358.0  1903  1178.0  2012
  135.5  2005  107.8  1884  101.4  1941   87.2  1901   95.5  1979   97.7  1991  114.1  1942  129.3  1906  118.5  1976  138.2  1895  133.4  1986  138.9  1940   356.8  1970   254.5  1983   304.7  1923   356.0  1940  1178.0  1992
  135.2  1965  105.4  1961  101.2  1939   87.0  1971   94.4  1898   94.6  1997  113.6  1877  129.0  1952  118.3  2008  137.6  1900  132.9  1929  137.6  1955   355.9  1925   253.8  1961   302.1  1992   352.2  1999  1176.2  1980
  135.1  1957  104.0  1911   99.5  1920   86.8  1959   94.3  1867   94.1  1971  113.3  1912  127.2  1900  117.5  1866  136.9  1944  131.5  2006  137.1  1951   355.3  1866   252.7  1942   301.0  1904   351.1  1920  1176.0  1886
  134.8  2009  102.4  1989   98.9  2015   85.8  1965   94.0  1913   94.1  1943  113.2  1945  126.0  1957  115.6  1961  136.6  1934  130.1  2011  137.0  1997   354.8  1999   251.8  1877   300.2  1881   345.4  1901  1168.8  1948
  134.4  1969  102.2  1926   98.8  1979   85.3  1979   92.7  1963   93.4  1892  112.1  1918  124.4  1951  114.3  1899  136.1  1983  129.3  1868  136.6  2021   354.8  2007   250.4  1868   296.8  1871   345.4  2008  1166.6  1917
  132.6  1976  102.2  1893   97.8  1965   84.8  1972   91.5  1889   91.6  1878  111.4  1954  123.5  2017  113.8  1898  135.7  1906  129.1  1971  136.1  1896   353.3  1967   248.6  1889   296.5  1922   341.5  1990  1166.5  1982
  132.5  2004  101.8  1974   97.6  1862   83.3  1869   89.3  2014   90.4  1890  109.6  1930  123.0  1941  112.1  1988  134.0  2014  128.4  1996  135.9  1954   349.5  2013   247.7  1924   296.3  1957   340.0  1916  1166.1  1965
  131.2  1968  100.8  1866   97.4  1884   83.2  1934   88.2  1996   90.1  1972  109.3  1946  122.5  1962  111.9  1878  133.3  2004  127.5  1918  135.6  2020   348.6  1884   243.2  1882   296.2  1905   339.0  1927  1162.2  1883
  130.9  1972  100.2  1996   97.1  1886   83.0  1931   86.4  1891   89.5  1901  108.2  1910  122.2  1898  111.6  1983  133.2  1941  127.4  1883  135.0  1866   346.9  1872   243.2  1985   295.6  1889   338.5  1946  1159.7  1930
  130.7  1873  100.2  1950   95.6  1954   83.0  1900   85.9  1926   88.8  2016  107.1  1993  121.5  1866  110.9  2019  132.9  1940  127.1  1977  134.9  1897   344.5  1913   242.2  1991   294.4  1893   338.1  1984  1159.3  1994
  130.4  1906   99.5  1945   94.7  1966   81.2  1960   85.7  1900   88.7  1875  106.0  1925  120.3  2015  110.3  1948  132.3  1979  127.0  1997  134.7  1895   342.4  1955   240.7  1905   292.8  1980   337.0  1874  1156.9  2006
  129.9  1890   99.4  1931   94.4  1888   80.8  2018   85.6  1884   88.1  1956  105.1  2002  119.8  1877  110.1  1958  129.2  2005  126.4  1926  134.1  2012   340.4  1870   239.2  1901   292.5  1867   336.5  1974  1156.0  1979
  129.9  1919   98.6  1960   93.7  1901   80.6  1906   83.8  1955   87.7  1936  104.9  1894  119.7  1987  110.1  1965  128.7  1960  125.0  1892  133.4  1944   340.0  1949   238.4  1872   292.1  1948   335.9  1869  1155.7  1993
  129.6  1936   98.6  1980   92.2  1967   80.5  1949   83.3  1934   87.3  1919  104.5  2012  118.8  1874  109.9  1882  127.8  1963  124.9  1959  132.9  1924   339.7  1980   238.3  1931   291.6  1965   332.0  1892  1155.3  1867
  129.5  1922   97.5  1951   91.8  1942   80.0  1935   82.6  1973   87.0  1913  103.1  1904  117.6  1888  108.5  2012  126.5  2021  122.9  1978  132.2  1946   337.0  2012   236.4  1878   290.2  1987   331.8  1936  1151.5  1862
  128.8  2007   96.9  1941   90.0  1964   79.6  1902   81.7  1983   86.5  1898  101.8  1902  117.3  1901  108.0  1955  126.0  1876  122.5  1911  129.9  1921   336.5  1935   236.0  1914   288.4  1917   330.3  1934  1150.6  1940
  128.5  1930   96.5  1868   89.3  1985   79.5  1977   81.7  1903   86.4  2003  101.0  1909  117.0  1989  107.9  1874  125.9  1886  122.1  2020  128.3  1964   335.2  1904   235.7  1998   287.6  1915   329.9  1885  1147.9  2017
  126.9  2002   96.5  1955   88.9  2013   79.4  2004   81.3  1974   86.4  1981  101.0  1900  115.7  1872  107.5  1901  125.9  2006  121.8  1936  128.2  1979   333.3  1945   235.4  1879   285.6  2004   329.8  2019  1143.4  1944
  126.8  1946   96.4  1900   87.4  1864   78.6  1897   80.8  1938   85.8  1944  100.7  1884  114.2  1881  107.3  1993  125.8  1959  120.8  1923  126.7  1910   331.5  1933   235.0  1976   285.4  2015   324.2  1886  1143.1  1899
  126.8  1868   95.7  1912   87.2  2014   78.3  2016   79.0  1958   85.3  1880  100.3  1920  114.0  2004  106.3  1984  125.6  1982  120.7  1946  125.2  1923   329.8  1948   232.2  1932   283.8  1883   324.0  1877  1141.3  1970
  124.5  1927   94.8  1867   87.1  1957   77.2  1917   78.8  1968   85.3  1864   99.2  1944  113.8  1878  105.8  2004  125.2  1891  120.1  1902  125.1  1938   327.8  1961   231.1  1934   283.5  1951   323.1  1960  1140.3  1866
  123.0  2021   94.5  1877   86.9  1866   76.6  2013   78.0  1888   85.2  1862   99.1  1941  113.0  1922  105.2  1902  125.0  1923  119.5  2019  123.7  1974   325.2  1946   230.6  1888   283.1  1990   321.1  2014  1140.2  1946
  122.1  1998   93.5  1906   86.8  2004   76.6  1985   77.4  1985   84.6  2013   99.1  1959  112.6  2012  102.6  1913  124.7  1961  119.3  1965  123.3  1900   325.1  1939   228.6  2003   282.3  1890   320.7  1924  1138.4  1936
  121.0  1983   93.3  1992   86.5  1970   75.7  1915   76.9  1877   83.7  1969   97.8  2016  112.1  1996  100.6  1932  124.7  1966  118.7  1880  123.0  1991   323.9  1981   228.5  1954   282.1  1927   320.0  1898  1134.4  2013
  120.9  1962   92.3  1870   85.9  1882   75.3  1904   75.6  1965   83.5  1877   96.5  1997  112.0  1964   99.6  1880  123.5  1918  118.6  1901  122.2  1920   322.6  1873   227.8  1988   281.9  2002   319.5  1866  1133.7  1985
  120.4  1878   92.2  1871   85.8  1998   74.8  1907   74.6  1918   80.8  1924   96.3  1908  111.0  1890   99.6  1956  120.6  2012  118.4  1930  122.2  1901   321.5  1950   227.7  1891   279.5  1963   315.9  1964  1127.5  1906
  120.1  1996   91.7  1903   85.5  1968   74.6  2001   73.2  1904   80.2  1894   95.7  1974  110.8  1879   98.2  1982  120.2  1970  118.0  1916  121.0  1998   320.5  1979   227.7  2000   279.0  1862   315.6  1996  1124.2  1908
  118.9  1958   91.4  1929   85.5  1977   74.0  1990   72.2  1932   78.5  1964   94.8  1889  110.7  2001   96.7  1903  119.4  1901  117.7  1972  120.4  1990   317.2  1978   227.6  1884   278.3  1942   315.5  1949  1123.4  1957
  118.5  1924   90.5  1982   84.8  1917   73.7  1911   71.8  1961   76.6  1985   94.0  2003  110.0  1907   96.7  1864  116.9  1952  117.6  1905  120.3  1874   316.4  1975   227.4  1999   277.9  1953   315.5  1988  1121.3  1884
  117.5  1944   90.3  1967   84.6  1976   73.5  2019   71.8  2007   76.4  1954   93.7  1970  109.8  1970   96.6  2016  116.5  2009  116.6  1874  120.1  1984   314.8  1952   226.0  1881   276.1  1880   315.0  1965  1120.8  1929
  117.1  1961   89.7  1939   84.2  1877   73.5  1963   70.8  1894   76.0  2008   92.0  1926  109.7  1948   96.5  1904  116.4  1877  116.3  1984  119.3  1952   314.4  1931   225.9  1968   276.1  1945   313.7  1992  1118.7  1974
  117.0  1899   89.5  1933   84.2  1927   72.6  2006   70.1  1929   75.3  1968   91.9  1951  109.7  1863   96.4  1919  116.3  1889  115.8  1927  119.2  1962   314.0  1983   224.2  1969   275.0  1937   313.2  1991  1116.9  1910
  116.7  1973   88.0  1899   83.5  1959   72.0  1969   70.1  1962   74.8  1993   91.8  1886  108.9  1921   95.9  1930  115.5  1984  115.6  1973  118.7  1862   310.5  1998   220.1  1923   272.6  1944   313.0  1966  1116.4  1907
  116.7  1904   87.5  1908   82.6  1951   71.3  1891   70.1  1872   73.3  1908   91.6  1980  108.5  1971   95.9  1892  114.6  1878  115.3  2003  118.5  1969   308.2  1969   220.1  2014   271.5  1971   312.8  1987  1116.0  1978
  115.8  1865   87.3  1940   81.5  1865   70.7  1955   69.9  1869   71.7  1960   91.0  1929  106.9  1963   95.6  1887  112.6  2001  114.6  1920  118.3  1906   308.2  1918   219.4  1904   270.0  1954   312.4  2012  1113.0  1869
  115.7  1923   87.0  2007   81.4  2018   69.3  1943   69.3  1881   71.4  1952   90.8  1887  106.8  2021   95.6  1886  112.4  1874  114.4  1999  117.5  1922   308.0  1871   218.9  1865   267.6  1875   311.4  1961  1107.7  1934
  114.5  1960   86.7  1999   81.3  2007   69.3  2012   69.3  1933   71.2  1905   90.0  1992  105.7  1965   93.5  1890  112.0  1907  114.2  1865  117.2  1882   307.2  1885   218.4  1922   267.4  1926   310.8  1929  1107.5  1943
  114.3  1900   86.1  1889   79.9  1906   69.2  1937   68.9  1882   70.9  1899   88.5  1967  105.2  1926   92.2  1928  111.5  1945  113.9  2017  116.7  1936   306.6  1919   218.3  1869   266.5  1918   309.7  1891  1104.6  1901
  114.2  1871   85.8  1897   78.2  1872   68.9  1910   68.3  1885   70.9  1920   86.9  1927  105.2  2007   91.4  1925  111.2  1885  113.9  1876  115.8  1884   305.5  1875   218.2  1864   264.8  1986   306.2  1977  1101.5  1961
  114.0  2012   85.4  1946   77.1  1890   68.0  1864   68.3  1908   70.1  1926   86.4  1923  105.2  1918   90.9  1884  111.1  1892  112.6  1974  115.7  2017   302.9  2005   217.8  1919   264.4  1934   306.1  2015  1094.6  1947
  112.9  1980   83.9  1886   76.7  2005   68.0  1894   67.2  1897   69.9  1929   85.2  1965  105.1  1876   90.3  1945  110.4  1986  112.3  1895  114.1  1893   302.9  1906   216.8  1964   263.9  1970   305.3  1941  1094.5  2007
  110.3  1939   82.9  2018   74.8  1984   67.9  1905   67.0  2000   69.3  1933   84.9  1883  105.1  1967   90.1  1992  109.2  1991  112.0  1960  114.0  1877   302.3  1941   215.6  2018   263.3  2014   305.2  1878  1090.5  2004
  110.1  1947   82.5  2015   74.0  2021   66.5  1975   66.4  1982   69.1  1922   82.9  2019  105.0  2000   89.9  1870  105.8  1883  111.4  1921  113.1  2007   301.7  1898   215.2  1912   262.6  1997   304.2  1864  1084.7  1963
  110.0  1955   82.5  1969   73.4  2002   66.2  1868   66.3  1863   69.0  1994   82.4  1911  103.8  1919   89.8  1953  105.6  1942  111.1  1881  113.0  1973   301.2  1914   215.2  2021   258.1  1894   302.0  1962  1084.3  1904
  109.3  1932   81.8  1973   72.7  1933   64.9  1885   65.3  1999   68.8  1999   81.9  1948  103.7  1914   89.4  1964  105.4  2017  110.0  1884  113.0  1945   300.7  1954   214.7  1941   256.9  1908   300.5  2005  1084.1  1868
  108.0  1970   81.5  1902   72.1  1930   64.8  1939   64.8  1964   68.4  1893   81.8  1973   98.9  2018   89.2  2005  105.1  1977  109.6  1913  111.9  2005   299.6  1942   214.5  1950   254.9  1966   300.0  1975  1082.6  1996
  107.6  1981   81.2  1920   72.1  2016   64.3  1876   64.7  1971   67.3  1951   81.6  1933   98.9  1973   88.2  1871  104.6  1957  108.6  1966  111.2  1967   298.8  1951   214.5  2004   254.5  1866   299.9  1884  1081.4  1889
  107.5  2003   79.2  1972   72.0  1948   63.2  1879   63.7  1910   67.1  1939   81.4  1916   98.2  1875   86.4  1987  103.2  1932  105.9  1898  111.0  1908   297.8  1921   211.5  1880   254.3  2016   299.7  2004  1080.4  1894
  107.4  1863   79.0  1971   72.0  1937   62.9  1944   63.3  1870   66.4  1917   81.2  1981   98.0  1882   85.3  1873  103.1  1921  104.3  1949  110.9  1930   297.5  1973   211.5  1970   253.0  1863   299.1  1978  1078.9  1914
  107.2  1977   79.0  1957   70.9  1904   62.4  1919   62.9  1953   65.4  2001   80.9  1890   97.6  1887   85.3  2021  102.2  1896  103.9  1912  110.6  2019   296.5  1992   211.2  1945   251.4  1952   297.1  1939  1078.8  1896
  107.2  1934   78.6  1907   70.1  1891   62.0  1964   62.8  1864   65.3  1950   80.6  1875   97.3  1927   85.0  1995  100.2  1898  102.7  1886  108.9  2018   296.3  1899   210.6  1943   250.6  1932   295.9  1985  1078.4  1968
  106.4  1982   78.6  2019   69.7  2020   62.0  1863   61.2  1909   64.9  1876   80.1  1893   97.0  1999   84.9  1940   99.4  2019  101.9  1906  108.3  1888   295.2  1868   209.7  1949   250.2  1902   295.7  1913  1078.2  2018
  105.8  1912   78.4  1949   69.6  1936   61.7  1926   61.1  1921   64.7  1871   78.9  1892   94.6  1961   84.6  1963   99.0  1884  101.7  1953  107.9  1909   292.2  1924   208.8  2016   249.6  1993   295.5  1959  1077.6  1951
  104.6  1915   76.0  1880   68.5  1889   61.5  1968   61.0  1949   63.9  1902   78.4  1907   94.4  1937   84.3  1943   98.8  1926  101.2  1891  107.3  2004   292.2  1936   207.2  2010   247.8  1874   294.9  1931  1076.8  1890
  104.5  1940   75.8  1943   68.5  2001   60.9  2015   60.6  1875   63.7  1915   78.4  1995   94.2  1915   83.8  1937   98.8  1950  100.9  1968  107.0  1881   292.1  1865   205.5  1959   247.6  1920   293.2  1926  1073.5  1977
  104.0  1931   74.7  1978   68.1  1949   60.8  1948   60.5  1883   62.8  1959   78.2  1899   94.1  1953   83.6  1998   98.5  1943   99.6  1863  106.9  1894   291.7  1982   204.6  1982   247.2  1979   293.0  1908  1073.5  2005
  101.9  1869   74.7  2013   68.1  1885   60.5  1942   60.3  2012   62.1  1866   76.3  1881   93.7  1977   83.4  1891   96.9  1893   98.3  1904  106.4  1928   288.6  1889   203.6  1997   246.8  1901   291.0  2013  1073.1  1919
  100.5  1991   74.3  2017   66.9  1993   60.3  1878   60.2  1941   62.0  1937   75.4  1874   93.5  1982   82.4  1960   96.4  1873   97.9  1967  106.0  1925   287.8  1878   203.6  1921   246.0  1964   289.2  1947  1072.3  1888
  100.4  1945   73.8  1905   66.4  1880   59.3  1874   59.9  1873   61.9  1891   73.9  1986   92.0  1990   81.0  1947   94.4  1881   96.7  1908  105.3  1960   287.6  1940   202.4  1894   243.9  2010   288.5  1983  1071.1  1995
   99.3  1909   73.3  1981   65.8  1902   58.6  1886   59.5  2019   61.7  1930   73.8  1978   91.6  2006   80.0  1920   91.9  1925   95.4  1899  104.6  1950   286.6  2001   202.0  1960   243.9  2011   286.7  1957  1068.3  1984
   97.1  1901   73.0  1882   65.5  1962   58.6  1973   58.5  1868   60.8  1978   73.8  1891   91.5  2005   79.8  1922   91.6  1975   94.4  1994  102.6  1977   285.6  1968   201.8  1971   242.4  1939   284.4  1865  1067.7  1926
   96.8  1895   72.2  1896   65.2  1867   58.2  1888   58.4  2016   60.4  1970   73.8  1975   91.4  1994   79.7  1966   90.3  1936   94.4  1919  102.4  1976   285.6  1892   201.4  1885   238.8  2001   284.4  1902  1065.8  1892
   96.8  1951   68.8  2003   65.1  1869   56.7  2010   58.3  1901   60.3  2000   73.6  1963   91.1  1998   79.4  1979   89.2  1927   93.7  1981  101.6  1870   285.6  1887   199.0  1995   236.7  1921   282.6  1896  1063.9  1879
   96.8  1949   68.7  1909   64.9  1999   56.4  1983   56.5  1923   60.1  1916   73.4  1972   89.2  1949   78.8  1889   89.0  1912   91.2  1985  101.4  1907   285.4  1996   198.6  2008   236.2  1941   280.7  2021  1063.8  1875
   96.5  1956   68.3  2001   64.9  1960   55.7  1962   56.4  2017   59.4  1984   72.8  1961   87.6  1944   78.2  2020   88.1  1948   91.1  1924   99.7  1913   283.3  1886   198.2  1876   235.8  1947   278.9  1906  1063.3  1925
   95.3  1925   67.9  1948   64.6  1990   54.9  1967   56.2  1944   59.2  2009   72.3  2013   87.4  1908   78.2  1938   86.5  1911   91.1  1943   99.0  1972   282.2  1911   197.6  1900   234.9  1967   277.4  1932  1063.3  1922
   95.3  1870   67.2  2012   64.5  1934   54.8  1953   56.0  1960   58.9  1976   71.9  2018   87.1  1980   76.3  1973   85.7  1965   89.1  1980   98.9  1985   281.9  1938   197.3  1928   233.1  1982   277.3  1942  1062.1  1891
   94.8  1916   64.8  1936   64.4  2009   54.4  1887   54.9  1914   58.3  1989   71.7  1987   84.5  1902   74.1  1994   84.7  1897   88.0  1990   98.6  1902   279.5  1956   197.0  1926   232.0  1962   276.6  1948  1059.9  1898
   94.3  1889   64.3  1987   64.3  1879   53.9  1928   54.9  1887   58.3  1883   70.9  2014   82.6  1974   74.0  1977   84.2  1992   87.8  1910   97.8  1935   279.3  2004   196.7  2011   231.4  1878   275.3  1951  1058.4  1913
   92.0  1918   64.1  1963   64.1  1899   53.9  1912   54.6  1922   57.2  1895   70.9  1866   82.3  1954   73.4  1951   83.6  1913   87.3  2007   97.7  1887   279.0  1909   196.5  1987   229.2  1906   274.5  1881  1054.4  2021
   91.6  1910   63.8  1917   63.9  1923   53.2  1941   54.2  1957   56.2  1911   70.6  1949   81.8  1884   72.5  1893   83.1  1958   87.2  1964   97.5  1889   278.6  1965   195.3  1939   228.4  1994   273.8  1943  1052.2  1902
   91.4  1979   62.8  1879   63.9  1932   53.0  1914   53.6  1911   56.1  2014   70.0  1996   81.2  1978   69.8  1909   83.0  1997   87.1  1950   97.3  1903   278.5  1908   193.9  2001   228.0  1996   271.7  1862  1051.8  1956
   89.7  1908   62.5  1927   63.6  1894   52.9  1895   53.4  2018   56.0  2005   69.6  2011   80.1  1931   69.0  1881   82.5  1915   86.5  1987   96.3  1865   278.1  1991   193.9  1977   228.0  1974   270.3  1895  1051.7  1881
   89.1  1954   62.2  2010   61.4  1873   52.9  1881   53.3  1995   55.1  1979   69.0  1914   78.7  1916   68.6  2013   82.0  1933   83.7  1907   96.2  1931   276.7  1987   191.7  1871   225.8  1909   270.2  2018  1049.5  1909
   88.0  1967   60.9  2008   61.3  1874   52.5  1951   52.6  1948   54.7  1909   68.8  1971   78.4  1968   68.6  1900   79.9  1956   83.2  2012   95.8  2003   276.6  1897   191.3  1962   225.7  1898   267.5  1997  1049.4  1927
   87.9  2010   60.4  1874   60.5  1871   52.4  2003   52.4  1951   54.4  1934   68.4  1872   78.2  1867   68.0  1926   79.7  1882   83.1  1975   95.7  1939   275.9  1947   189.9  1933   224.9  1973   266.0  1867  1049.0  2016
   85.4  1892   60.2  2005   60.3  1975   51.4  1930   51.9  1919   54.3  1977   68.0  1994   77.5  1871   67.9  1949   78.1  1955   82.7  1897   95.6  1961   275.4  1902   188.7  1990   223.5  1972   266.0  1899  1047.7  1935
   83.2  1933   58.2  1962   57.7  2000   51.4  1903   50.8  2001   53.6  1886   67.9  1934   76.5  1920   66.8  1939   77.8  1868   82.1  2005   94.8  1937   274.7  1962   188.5  1978   222.6  1876   260.4  1880  1045.1  1976
   82.7  1893   57.2  1991   56.3  1974   50.6  1945   50.7  1890   53.6  1874   67.9  2006   76.0  1932   65.6  1917   77.0  1924   81.8  1903   94.7  1981   274.4  1901   188.5  1896   221.4  2018   259.8  1868  1044.7  1997
   80.8  1971   57.0  1887   54.8  1996   49.8  1896   50.4  1905   52.0  1903   66.1  1906   74.6  1966   65.5  2003   74.3  1939   81.7  2016   94.2  1880   269.9  1989   187.5  2017   220.1  1916   259.3  1889  1044.5  1937
   80.2  1992   56.0  1942   54.6  1878   49.1  1927   50.2  1990   51.2  1983   65.5  1897   73.0  1894   64.8  1931   71.8  1871   80.9  2008   92.5  1988   269.0  2011   187.4  1951   219.2  1999   257.8  1909  1041.9  1949
   79.9  1887   55.3  1976   54.0  1863   47.9  1933   49.1  1930   50.8  1961   64.9  1943   72.9  1936   60.0  1991   71.4  1890   79.5  1952   92.2  1953   266.0  2003   187.3  1955   219.2  1989   256.9  1955  1040.4  1863
   79.6  1905   55.3  1864   53.6  2011   47.5  1987   48.6  1998   50.6  2018   64.7  1976   72.5  1984   59.2  1952   71.3  1974   79.3  1887   91.4  1898   263.1  1863   185.3  1948   218.2  1961   256.6  1921  1040.4  2010
   75.7  1885   54.5  1892   53.1  1950   47.2  1883   48.4  1992   49.6  1974   63.6  1869   71.5  1997   59.1  1897   70.4  2018   79.2  1894   91.3  1968   262.8  1986   182.4  1863   217.3  1935   255.6  1952  1039.7  1865
   75.0  1989   53.9  1901   53.0  1922   47.0  1958   48.3  2004   49.2  1918   63.5  1990   71.5  1862   58.6  1877   69.7  2015   78.8  1915   89.6  2002   262.4  1890   182.4  1892   215.9  1978   255.3  1953  1036.6  1915
   74.6  1985   53.5  1878   52.4  1925   47.0  1997   47.1  1988   48.4  1953   63.0  2004   71.3  2011   57.9  2001   69.5  1931   78.6  1878   87.8  1916   260.1  1893   181.8  2007   214.2  1899   253.7  1873  1036.3  1972
   73.0  1888   51.4  1998   52.4  1956   46.4  2008   46.1  1936   48.1  1988   63.0  1928   71.2  1896   57.5  1997   66.4  1866   78.2  2001   86.6  1917   260.0  1896   180.9  1910   213.1  1933   252.9  1986  1035.1  1991
   73.0  1966   51.2  1938   51.4  1997   45.2  1981   43.4  1952   48.1  1962   62.7  2001   70.1  1909   57.2  2007   64.6  2010   78.2  1948   86.3  1992   259.7  1993   180.2  1937   212.1  2013   251.7  1911  1033.6  1932
   71.8  1959   51.0  2004   50.8  1883   44.6  1884   43.2  2010   47.4  1986   62.6  1991   69.5  1935   56.0  1905   63.9  1994   74.5  1962   83.0  1878   259.5  1907   180.1  1957   211.9  1886   251.5  1989  1031.5  1945
   71.7  1902   48.5  1924   50.2  1971   43.5  2014   43.0  1927   45.9  1996   61.4  1917   68.1  1938   55.5  2018   63.8  1953   73.6  1932   82.6  2001   252.1  2009   176.2  1927   211.1  1914   250.5  1925  1030.6  1939
   70.0  2020   48.1  1983   49.5  1952   43.5  1866   41.9  1866   45.8  1873   61.4  1962   67.7  1993   55.2  1862   62.8  1937   72.2  1976   82.5  1863   250.2  1929   175.2  1958   210.8  1919   250.5  1973  1029.9  1878
   68.7  1917   47.0  1913   49.5  1926   43.4  1952   41.7  1987   45.6  2010   56.4  1966   67.6  1911   54.7  1989   62.6  1971   71.9  1873   79.9  1883   244.8  1882   174.7  1973   209.9  1887   250.0  1958  1023.6  1962
   68.6  1950   46.7  2006   49.2  1958   43.3  1918   40.2  1956   45.5  1870   56.3  1905   67.6  2016   52.7  1868   62.3  1969   71.0  1961   79.8  1947   244.6  1876   172.7  1895   209.9  1981   249.8  1904  1017.9  1895
   66.9  1879   45.4  1956   49.0  1916   42.9  1870   39.0  1937   45.5  2015   55.8  1870   66.6  1886   52.6  1867   62.0  1864   70.9  1955   79.3  2008   244.1  1972   172.6  1930   209.3  1884   248.7  2001  1003.5  1870
   66.5  1941   43.2  1968   48.3  2003   41.6  1890   38.3  1994   44.8  1957   55.6  1964   65.6  1870   48.4  1914   60.1  1887   70.3  1871   79.0  1905   243.2  1959   172.3  1866   206.2  1911   246.9  1956  1002.4  1921
   66.1  2011   39.8  1953   48.3  1910   41.0  1921   38.3  1874   44.2  1973   54.8  1885   65.3  1864   47.8  1990   59.1  1902   69.0  2021   78.3  2016   242.6  2019   170.1  1911   205.3  2000   245.6  1919  1000.8  1905
   65.5  1874   39.0  1952   47.9  1938   40.8  1988   38.1  1912   43.1  1932   54.2  1977   65.1  1899   46.2  2015   58.5  1973   67.7  1885   77.9  2009   238.2  1881   169.4  1890   203.8  1865   242.2  1969   999.5  1964
   65.3  2001   38.7  1862   47.0  1969   38.7  1957   36.9  1950   41.7  1869   53.8  1984   62.1  1933   44.8  1959   58.3  1999   67.4  1956   77.8  1943   236.4  1997   168.0  1980   203.3  2003   235.1  1887   994.5  1969
   65.1  2000   38.3  1875   46.1  1875   38.7  1956   36.7  1970   41.5  1904   53.4  1999   62.0  2010   42.7  1911   57.8  1905   67.2  1925   77.6  1989   233.5  1944   165.5  1974   202.2  1977   234.0  1893   992.4  1871
   64.8  1882   38.2  1944   44.6  1931   38.2  1893   36.2  1893   41.3  1967   53.3  1979   61.3  1925   42.3  2002   57.4  1947   65.7  2013   76.2  1904   232.1  1985   159.0  1874   200.1  1864   233.2  2003   989.9  1989
   64.1  1914   38.0  2009   44.2  1946   37.3  1995   35.2  1959   40.2  1992   52.6  1876   60.6  1885   42.1  1921   56.3  1899   64.7  1862   75.2  1892   230.1  1927   158.5  1883   199.0  1991   232.4  1994   989.9  1874
   62.5  1907   37.9  1964   43.2  1893   37.3  1929   35.1  1940   39.9  1923   52.1  1865   60.2  1969   41.4  1906   56.3  2007   64.6  1893   71.9  1867   229.6  1905   155.2  2012   197.8  1959   231.6  1971   983.0  1987
   59.7  1864   37.4  1985   42.8  1911   36.1  2011   34.7  1980   39.8  1867   51.0  1952   60.0  1972   40.3  1969   55.8  1972   64.2  1889   70.4  1987   228.7  1976   153.9  1918   195.8  2006   231.4  1905   982.5  1941
   56.4  1891   37.0  1863   42.7  1945   35.1  1978   34.7  1928   39.3  2021   49.5  1864   57.1  2002   40.3  2009   55.4  1978   60.5  2004   67.7  1875   228.0  2010   149.6  1935   194.3  1968   231.4  1945   978.0  1955
   56.3  1935   36.8  1919   41.8  1898   33.1  1976   33.3  1915   38.4  1914   48.9  1969   55.2  2013   39.9  1971   55.0  1904   60.0  1993   67.2  1871   226.6  1895   147.8  1887   193.3  2005   230.4  1907   970.0  1880
   55.1  2019   35.3  1975   40.8  1870   32.7  1865   33.2  1880   36.3  1940   45.9  2005   54.5  1975   39.9  1915   54.8  1869   58.5  1988   66.9  2010   221.9  1963   147.3  1975   192.7  1969   230.4  1888   963.1  1911
   54.9  2017   34.9  1890   40.6  1935   30.7  1984   32.8  1946   36.2  2006   43.8  1989   53.0  1869   38.8  1888   54.8  1919   58.0  1922   65.1  1995   220.3  1917   146.9  1870   190.7  1940   230.3  1871   961.6  1973
   54.7  1897   33.7  1947   38.5  1887   28.8  2007   32.7  1989   33.8  1906   43.8  1913   47.1  1939   37.7  1996   54.7  1908   57.4  1870   65.0  1927   212.8  1879   144.3  1915   189.7  1955   230.1  1914   961.5  1959
   54.5  1964   31.2  1993   38.2  1961   28.7  1946   31.9  1978   32.2  1995   43.3  2021   45.2  1945   35.4  1941   52.4  2003   56.8  1958   62.9  1941   210.7  1932   143.5  1936   189.4  2021   226.5  1897   961.5  1983
   53.4  1898   31.2  1979   38.2  1943   27.9  1974   31.0  2020   31.5  1975   40.6  1968   43.9  1880   34.6  1907   50.5  1879   51.2  1989   62.3  1996   209.7  2006   143.4  1944   188.8  1949   225.6  1879   945.1  1893
   53.1  1896   29.6  1959   36.0  1918   27.8  1936   29.3  1939   29.0  1949   40.6  1955   42.3  1981   32.6  1929   49.5  1962   48.5  1909   61.7  1933   207.5  2017   136.4  1938   187.8  1925   225.5  1894   940.2  1952
   52.9  1876   29.0  1921   35.3  1915   27.7  1892   29.0  1935   26.9  1884   40.0  2000   38.7  1991   32.5  1916   48.7  1888   47.8  1937   59.8  1890   203.1  1971   136.3  1952   187.4  1868   224.5  1912   937.1  2003
   52.5  1929   26.5  1888   33.4  1973   25.1  2017   28.8  1977   25.4  1868   40.0  1901   36.0  1959   32.4  1910   48.3  1985   43.8  1933   58.5  1885   198.4  1953   136.0  1873   185.7  1984   222.9  2016   915.9  1885
   51.8  1880   26.2  1873   32.8  1955   25.0  1954   22.6  1984   21.6  1887   36.2  1935   34.5  1983   31.7  1912   47.4  1914   43.3  1957   58.0  1879   197.5  1864   133.6  1953   166.9  1870   207.6  1993   907.2  1873
   51.5  1911   22.9  1895   32.4  1924   24.8  2021   22.1  1896   20.5  1925   26.1  1878   32.9  1913   19.8  1895   47.3  1910   40.8  1983   55.8  1864   197.3  1888   131.3  1956   163.7  1913   201.2  1915   898.7  1971
   51.1  2006   21.8  1930   28.9  1900   24.2  1982   20.5  1975   19.5  1885   25.7  1868   32.9  1955   17.4  1933   44.6  2016   40.2  1867   43.4  1970   185.8  1880   128.1  1984   159.8  1975   200.8  2007   897.7  2001
   48.7  1987   15.1  1965   26.9  1892   23.9  2020   18.9  1871   17.2  1865   22.9  1983   30.0  1940   16.2  1865   42.1  1880   39.1  1879   43.1  1926   180.6  1934   125.2  1929   158.3  1869   194.3  1937   893.2  1864
   39.3  1953   11.7  1934   25.5  2012   19.9  1980   18.9  2008   14.1  1942   21.1  1982   22.8  2003   14.3  1972   40.3  1993   37.1  1896   40.8  1975   159.7  1874   124.6  2020   141.0  1976   187.8  1972   840.5  1975
   38.6  1963   11.7  1891   24.3  1944   16.3  1875   17.4  1876   14.0  1941   19.7  1919   17.5  1976    9.5  2014   39.7  1922   35.9  1934   34.0  1971   127.9  1891   123.0  1875   134.9  1885   177.5  1922   838.2  1953
   31.7  1997    5.4  1986   17.8  1929   14.7  1873   15.6  1895   13.5  1889   17.0  1898   13.4  1995    9.1  1986   37.9  1946   29.6  1945   33.8  1873   121.3  1964   117.7  1893   123.9  1995   167.5  1910   827.4  1887
   23.0  1881    5.2  1932   15.9  1953    7.6  1938   10.7  1991   11.2  1921   11.7  1863   12.6  1947    5.8  1894   33.7  1951   28.9  1942   28.9  1963     ---  1862   105.7  1946   108.6  1983   143.2  1933   780.5  1933