Areal values from HadUK-Grid 1km gridded climate data from land surface network
Source: Met Office National Climate Information Centre
Monthly, seasonal and annual total duration of bright sunshine for Scotland
Areal series, starting in 1919
Last updated 01-Jan-2022 11:00
    jan  year    feb  year    mar  year    apr  year    may  year    jun  year    jul  year    aug  year    sep  year    oct  year    nov  year    dec  year     win  year     spr  year     sum  year     aut  year     ann  year
   55.6  1959   92.8  2018  149.8  1929  216.6  2021  231.8  2000  239.6  1940  240.9  1955  240.2  1947  140.3  1996  104.6  2003   68.1  1925   42.9  2001   172.3  1963   520.4  2020   616.3  1995   278.2  1959  1444.4  1955
   51.6  2001   91.7  2003  142.8  2003  203.7  2020  225.1  1946  233.6  1949  214.7  1989  219.1  1995  139.1  1959   99.5  1939   64.8  1989   40.8  1995   163.1  2018   484.1  1942   573.9  1955   275.1  2003  1378.2  2018
   50.7  1963   90.2  1963  127.8  1953  203.2  1942  224.3  2018  227.2  1957  202.6  2013  217.5  1976  137.1  1991   96.8  1998   63.4  1996   40.2  2010   158.5  2001   484.1  1955   544.0  1976   269.7  1996  1369.3  2003
   48.6  2021   89.0  1970  124.9  2012  196.3  2015  222.8  1980  223.6  1970  200.1  1990  180.2  2003  135.8  1987   96.1  1959   63.3  2016   37.4  1960   155.7  2003   481.7  2007   520.9  1977   259.9  1971  1354.6  1995
   48.0  1965   87.6  1960  123.5  2007  189.5  1962  221.2  1948  220.9  1925  191.8  2014  171.4  1968  135.2  1928   95.2  2016   59.6  1965   37.4  1957   149.8  1985   481.6  1948   516.0  2018   258.3  1997  1314.1  1975
   47.4  2019   82.3  1968  121.3  1931  186.0  1974  221.1  1975  215.3  2018  191.3  1935  171.3  1997  134.1  1933   93.5  1997   59.1  1988   37.4  1976   149.2  1959   481.4  1929   511.5  1989   256.7  1998  1309.4  1989
   45.9  2017   81.2  1975  120.1  1923  180.2  1981  220.2  1935  215.2  1995  191.2  2006  170.6  1938  134.1  1997   93.2  1922   58.8  2013   37.3  1935   148.8  1930   471.7  2009   511.4  1975   255.3  1928  1297.2  2009
   45.1  1991   81.1  2004  119.9  1956  178.8  2007  218.7  1992  208.3  1975  185.1  1976  167.9  1977  126.1  1971   91.1  1971   58.5  1976   37.3  2006   148.6  1968   470.2  2015   496.7  1949   254.7  2016  1278.9  1977
   44.9  2000   80.6  2013  118.0  1948  175.5  1984  215.0  2020  207.6  1920  182.2  2018  164.4  1984  124.6  1960   91.0  1972   57.4  1947   37.2  1961   147.1  2021   469.3  2008   496.5  1947   253.7  1972  1257.6  2006
   43.9  1977   79.2  1930  117.2  2017  175.2  2011  212.7  2017  205.5  1921  182.1  1995  160.4  1955  124.2  2015   90.7  2019   56.5  2003   36.9  1967   146.3  1977   463.8  2001   492.6  1969   252.0  1987  1257.4  1959
   43.7  2012   78.4  1979  117.0  2001  175.0  1954  211.6  2009  202.1  1936  179.7  1972  159.4  1975  122.7  1934   88.2  1923   55.7  1952   36.2  1920   145.2  1960   460.6  2018   487.8  1925   249.5  1926  1255.8  1949
   43.1  1952   78.3  1955  114.3  2009  166.2  2006  210.0  2001  201.8  2009  179.3  1982  153.3  1919  119.9  1986   87.7  1973   55.5  2017   35.1  1953   143.9  2019   458.0  2017   485.6  1933   248.8  1923  1255.0  2021
   42.8  2009   76.8  1985  113.6  1970  166.2  1956  209.3  2008  201.7  1939  179.1  1943  153.1  1945  119.2  1919   87.3  1936   55.3  2011   34.6  2007   143.4  1970   455.5  1946   485.4  2009   248.7  1986  1246.3  1919
   42.5  1985   75.8  2001  113.4  1973  165.9  2003  206.2  1955  200.0  1967  176.0  1971  150.7  1983  118.9  1979   87.2  2007   54.2  1961   34.5  1938   142.3  1962   455.4  1980   485.1  1919   248.5  2010  1245.5  1929
   41.8  1992   75.6  1986  113.1  1933  165.5  1955  206.1  1951  199.8  1960  175.6  2021  148.5  1933  118.7  1949   87.0  1926   53.8  1998   34.2  2014   141.9  2004   454.0  1956   484.3  1921   247.2  2019  1238.9  2020
   41.6  1933   75.1  2008  112.3  1955  165.0  2013  205.5  1994  199.0  1930  174.7  1919  148.4  1999  118.2  2004   86.9  1981   53.6  2010   33.3  1970   141.7  2015   452.8  2016   482.4  1926   245.7  1919  1238.2  2010
   41.5  2015   74.6  1950  109.3  2004  164.0  1921  203.8  1942  197.4  1969  174.2  1983  148.1  1926  118.0  1955   86.9  1985   53.5  1926   33.3  1946   138.7  1975   450.9  2021   482.3  2003   244.5  2012  1233.6  1921
   41.3  1932   74.2  2016  108.3  2008  161.7  2019  203.7  2016  195.1  1933  172.4  1934  146.8  1973  115.7  1972   86.4  2008   53.3  2005   33.2  1999   138.5  1979   449.3  2003   475.6  1983   244.1  2015  1232.9  2019
   41.0  2011   72.3  2021  108.3  1949  161.2  1957  203.1  2012  190.0  1996  170.7  1926  145.5  2004  114.8  1958   86.3  2015   53.1  1950   33.1  2004   138.3  2000   448.1  1962   475.5  2006   241.1  1939  1230.9  2000
   40.7  2010   72.2  1957  108.1  1982  159.2  1968  202.8  1989  189.3  1934  170.4  1977  145.4  1969  113.9  2003   85.5  1986   52.5  2018   33.0  1996   137.9  1952   447.8  2012   473.3  1940   240.1  1973  1230.7  2015
   40.5  1931   72.0  1996  107.7  1935  157.7  1936  199.4  1984  189.2  1951  167.6  1984  145.2  1944  113.6  1924   84.5  1952   51.9  1923   33.0  1929   137.5  1961   445.5  1974   471.2  2021   239.1  2018  1229.9  1960
   40.2  1962   71.3  1973  107.6  2015  157.3  1990  198.2  1977  188.6  1986  161.6  1999  143.5  2016  113.1  1963   84.0  2010   51.9  2000   32.9  1951   137.1  1978   445.3  1935   471.1  1997   238.6  1991  1221.3  1974
   39.4  2003   71.3  1932  107.4  1986  157.1  1969  197.2  1959  186.8  1974  161.1  1952  143.1  2014  112.8  1951   83.1  1965   51.6  1993   32.9  1948   136.9  1955   442.1  1953   471.1  1968   238.3  1955  1217.0  1997
   39.3  2018   71.0  1999  106.9  1975  154.8  1980  196.1  1982  186.1  1968  158.7  2011  142.7  1950  112.4  2020   82.7  1967   51.5  2012   32.6  1955   136.0  2011   441.4  2000   471.0  1984   237.5  1925  1216.5  2013
   39.2  1978   69.9  1949  106.9  2014  152.4  1952  193.5  1971  182.6  1977  158.0  1966  141.8  1931  112.2  2012   82.5  1945   51.4  1960   32.5  1989   135.4  2010   439.7  2011   466.8  1934   236.0  1952  1216.3  2016
   38.8  1979   69.4  1946  105.7  1934  152.2  1922  191.0  1990  178.0  1929  157.0  2009  141.7  1991  111.2  1937   82.1  2018   51.1  2006   32.2  2008   135.4  1996   439.6  1982   463.8  1950   235.9  1989  1214.6  1950
   38.7  1961   68.3  1981  104.7  1919  152.2  1925  190.0  1937  176.4  1932  156.9  1921  140.2  2005  110.9  2010   81.8  1931   50.6  1977   31.8  1994   134.9  1964   438.7  1975   463.8  2013   235.0  1993  1214.0  1951
   38.5  1945   68.0  1989  104.7  1954  151.7  2008  188.6  2010  175.3  1989  156.0  1963  139.5  1981  109.7  2002   81.6  1956   50.4  1973   31.8  1965   134.7  1947   437.3  1984   462.7  1972   234.0  1958  1208.4  1926
   38.2  1956   66.9  1928  104.2  1937  149.9  1929  188.2  1919  175.1  1941  154.8  1950  139.3  1966  109.3  2019   80.8  2012   50.2  1942   31.7  1937   133.8  2013   437.1  1951   457.9  1996   232.0  1922  1208.1  1969
   38.1  1939   66.6  1964  104.0  2016  149.8  1951  187.7  1978  174.9  1988  153.1  1948  136.3  2015  109.1  2006   80.6  1919   49.9  1927   31.6  1963   133.3  1950   433.0  2010   456.8  2014   231.0  1934  1208.1  1976
   38.1  1929   66.4  1978  103.6  1965  149.8  1965  187.5  1988  174.6  1959  152.9  1997  136.2  2012  109.0  1926   80.0  1920   49.5  1990   31.6  2003   133.3  1932   429.2  1921   455.5  1960   230.7  1924  1207.4  1971
   38.1  1941   66.2  1937  102.8  1999  148.3  2010  185.2  2006  172.6  1955  152.4  1958  136.0  1937  108.7  1923   80.0  1948   49.4  1969   31.4  1977   133.2  2008   429.1  1981   455.4  1974   230.7  1948  1204.0  2007
   37.7  1960   66.1  2019  102.6  1941  147.9  2005  182.9  2004  171.6  1956  149.8  1969  135.8  1939  108.2  1939   79.9  1946   49.4  1975   31.4  1962   133.1  1999   428.4  1954   453.6  1936   230.5  1961  1203.6  1935
   37.3  1955   66.0  2010  102.5  2002  147.4  1953  182.1  2005  170.9  2006  149.1  1994  135.8  2010  107.6  1994   79.9  1927   49.1  1930   31.1  2017   132.5  1936   427.4  1990   453.3  1970   230.4  1933  1201.9  1963
   37.3  1957   66.0  2015  101.7  2020  146.7  2018  181.7  1929  170.9  1992  148.1  1956  135.4  1965  107.4  1974   79.8  2000   49.1  1921   31.0  2000   132.5  1949   426.3  1989   447.1  1982   229.7  2000  1199.5  1956
   36.9  1988   65.7  2020  101.4  1972  145.8  2009  181.6  1921  169.1  1928  146.2  2000  134.8  2000  107.3  1954   79.0  1951   48.9  1948   30.5  1984   131.6  1973   426.0  2019   447.0  1971   228.9  1979  1199.2  1925
   36.9  1946   65.5  1947  101.4  1962  145.7  1991  180.7  1960  168.7  1927  145.1  1949  134.6  1927  107.2  1964   77.4  1950   48.8  2008   30.5  1972   131.4  2007   422.0  2006   445.7  1920   228.8  1988  1196.9  1984
   36.6  1964   65.3  1969  100.9  1987  145.1  2016  179.4  1926  168.2  2021  144.3  1996  133.9  1972  106.9  1993   77.4  1929   48.2  1966   30.4  1964   130.5  1986   421.9  1994   444.4  1999   228.7  1981  1194.6  2001
   36.6  1930   65.1  1959  100.9  1927  143.1  1946  179.4  1957  166.3  1950  143.7  1975  132.3  1992  106.8  1942   77.0  1924   48.0  1955   30.4  2018   130.5  1946   414.0  2005   441.0  1935   226.7  2006  1193.4  1948
   36.6  1951   65.0  1977  100.6  1930  142.9  1945  179.4  2007  163.6  1926  143.2  2017  132.0  2002  106.1  1998   77.0  1928   47.7  2009   30.3  1979   129.7  1991   412.5  1949   439.3  1967   225.9  1951  1193.1  1996
   36.1  1958   65.0  1962  100.5  1943  142.4  1948  179.0  1961  162.8  2003  142.5  2005  131.9  1974  105.5  1988   76.6  1993   47.3  2019   30.2  1981   129.5  1933   411.3  1952   438.1  1927   225.8  1960  1192.9  2008
   35.9  1947   65.0  1983   99.7  2019  140.2  1938  178.8  1949  160.4  1962  142.3  1925  130.9  1962  105.3  1921   76.3  1995   47.2  1968   29.5  1975   128.8  2005   410.7  1922   437.1  1957   223.4  1937  1190.3  1972
   35.3  1999   63.5  2005   99.5  1974  138.7  2002  178.6  1958  158.4  1963  142.0  1947  130.8  1970  104.5  1940   76.1  1961   47.0  1972   29.5  1952   128.5  1995   407.2  1959   435.2  1986   222.9  1975  1190.0  1982
   35.3  1989   62.5  2006   98.8  1958  138.3  1970  178.3  1966  158.3  1979  141.9  1933  130.4  1994  104.5  2018   76.1  1975   46.9  1974   29.5  1925   126.8  1989   407.0  1977   434.3  1956   222.6  2009  1188.4  1999
   35.1  1995   61.8  1952   98.6  1989  136.8  2001  175.9  1963  157.9  2019  139.3  2003  129.6  2020  104.1  1989   75.6  1958   45.9  1919   29.0  1950   126.4  2017   406.3  2013   433.1  1990   222.2  1963  1186.9  1947
   35.1  1940   61.6  1995   98.5  1963  136.4  1977  175.6  1950  157.2  1919  138.6  1962  129.3  1946  102.0  1973   75.5  1987   45.7  1967   28.9  1932   126.3  1957   405.8  1963   431.5  1938   222.2  1949  1186.5  1952
   34.9  1997   61.4  1953   98.4  1939  136.1  2014  175.5  1943  156.3  1924  138.6  2008  128.6  1959  101.8  1948   75.1  1941   45.2  1970   28.9  1923   126.1  1997   405.7  1958   431.4  1959   222.0  1929  1186.0  1962
   34.6  1967   61.4  1961   97.6  1952  135.5  1982  175.2  2011  155.8  1978  138.4  1942  128.6  2019  101.6  1957   74.2  1938   45.2  1935   28.7  2009   125.8  1965   403.4  1971   430.6  1945   221.9  2002  1183.8  1933
   34.5  1936   60.8  1927   96.7  1993  135.0  1973  173.1  1940  155.4  1964  138.3  1929  128.6  1936  101.5  1935   73.9  2009   45.2  1934   28.6  1958   124.7  1953   401.2  1957   429.9  1962   221.2  1936  1182.2  1986
   33.9  1950   60.7  1936   96.4  1969  133.5  1998  172.5  1996  155.3  1985  137.8  1991  128.5  1953  101.3  1999   73.7  2002   44.9  1944   28.6  1969   124.7  1956   400.4  2002   429.6  1939   220.9  1964  1181.5  1990
   33.9  1954   60.6  1991   96.1  2010  133.4  1967  171.6  1936  155.2  2010  136.8  1974  128.0  1960  101.1  2013   73.6  1925   44.7  1985   28.4  2012   124.7  1928   397.6  1966   428.5  1951   220.2  1947  1180.9  1973
   33.9  1953   60.5  2007   95.5  1979  133.3  1927  170.3  1997  155.0  1943  134.8  1927  127.5  2001  101.1  2009   72.4  1955   44.6  1979   28.2  2019   123.7  2002   396.8  1919   426.4  1943   219.7  2007  1180.2  1936
   33.7  2006   60.1  2000   95.3  1947  133.0  1972  169.8  1930  153.0  1945  133.2  1973  127.4  2021  100.9  1944   72.4  1980   44.5  1999   28.0  1943   123.6  2006   396.3  2004   423.6  2000   219.5  1950  1180.0  1994
   33.6  2007   60.1  2017   95.3  1985  132.4  1999  169.5  1987  151.4  1937  132.0  1964  126.6  2009  100.2  1969   72.3  1994   44.5  1932   27.9  1928   121.8  1954   396.2  1930   423.0  1994   219.3  2013  1178.4  1968
   33.4  1987   59.4  1944   95.0  1997  132.4  1939  168.6  1922  150.7  1983  131.8  2004  125.1  1964  100.2  1981   71.9  1992   44.5  1995   27.8  1966   121.2  2020   396.1  1939   420.9  1973   218.7  1969  1177.7  1957
   33.2  1919   59.1  1933   94.9  1967  131.4  1963  167.9  1956  149.1  1972  131.5  2019  125.0  1986  100.2  1929   71.5  1947   44.4  1922   27.7  1926   121.0  2009   393.8  1950   420.0  1930   218.6  1942  1177.0  1981
   32.9  1925   58.9  1942   94.4  1995  129.4  1932  166.8  1953  148.8  1953  130.6  1924  124.6  2017  100.2  1961   70.8  1984   44.4  1929   27.6  1982   120.8  1931   393.0  1988   418.4  1929   218.5  2004  1174.0  1970
   32.5  1984   58.3  1987   93.4  1966  129.1  1971  166.8  1995  147.3  1971  130.4  1951  124.6  1925  100.1  1931   70.1  1964   44.0  1978   27.5  1919   119.9  1981   392.7  1999   418.0  1992   218.5  1974  1173.1  1946
   32.4  1935   58.3  1934   93.0  1924  128.3  1958  166.2  2015  147.0  1997  128.9  1923  124.5  1940   99.7  2005   69.9  1937   43.6  1964   27.5  2005   119.8  1982   392.2  1923   418.0  2019   217.8  1920  1173.1  2017
   32.4  1920   58.1  1997   92.1  1950  128.0  2017  165.4  1939  144.4  1982  128.9  1965  124.1  1987   99.4  2014   69.2  1963   43.6  1958   27.1  1974   119.8  1988   391.7  1973   414.3  2005   217.8  1995  1170.2  1939
   32.3  1990   57.9  1919   91.9  1959  127.9  1994  164.5  2019  143.9  2008  128.1  1959  124.1  1961   98.9  1920   69.1  1953   43.2  1986   27.1  1973   119.7  1969   389.5  1943   412.4  1964   217.7  1931  1161.0  2005
   32.2  1982   57.5  1982   91.1  2021  127.3  2000  161.3  1952  143.5  1994  127.6  1960  123.8  2007   98.0  2000   69.1  1969   43.1  1928   26.8  1998   119.5  1945   389.4  1931   410.5  1932   217.5  1994  1159.9  1934
   32.2  2005   56.9  1967   90.7  1976  126.6  1923  160.0  1974  143.4  1938  127.2  1978  123.6  1971   97.7  1943   68.9  1977   43.0  1959   26.6  1987   119.3  1967   389.3  1927   410.2  1991   217.2  1967  1158.2  2011
   32.1  1928   56.8  1948   89.9  1922  126.1  1950  159.9  1981  143.1  2013  125.4  2007  123.5  1996   97.4  1975   68.5  1978   42.6  1971   26.2  1968   119.2  1958   386.7  1936   409.7  2010   216.7  2008  1157.3  2012
   31.8  1934   56.5  1920   89.6  2018  125.9  1966  159.7  1998  142.7  2000  124.7  2015  123.4  1982   97.0  1995   67.6  1962   42.5  2021   26.2  2020   119.0  1983   385.9  1960   409.0  1941   215.4  2020  1156.5  1927
   31.7  1980   56.3  1988   89.2  2011  125.7  1930  159.3  2002  142.1  1998  124.5  1945  122.9  1932   96.5  1990   67.1  1930   42.5  2020   26.1  1993   118.7  1937   384.7  1987   404.8  1952   215.0  1921  1153.7  2004
   31.7  1998   56.0  1945   89.0  1981  125.4  1949  159.3  1938  141.3  1976  123.7  1941  122.9  1967   96.3  2016   66.9  1989   42.4  1949   25.9  1940   118.6  1929   382.9  1995   403.0  1928   214.9  1954  1152.2  1930
   31.5  1986   55.8  1994   89.0  1940  124.9  1989  157.9  1985  141.1  2016  123.0  1936  121.9  1921   96.2  2011   66.4  2006   42.3  1937   25.8  1930   118.5  1951   382.2  1978   401.3  1963   213.2  1927  1151.5  1967
   31.4  1981   55.4  2014   88.6  1994  124.3  1983  157.5  1999  141.0  1922  122.2  1920  121.4  1989   95.9  1938   66.2  1954   42.1  1992   25.7  1992   118.2  1921   379.6  1968   398.0  1988   213.0  1945  1151.2  1991
   31.4  1976   54.8  2011   88.2  1925  124.0  1924  157.2  1962  140.9  1973  121.7  1986  120.2  1993   95.9  1925   66.0  1996   41.9  1933   25.7  1927   118.2  1990   379.2  1945   397.4  1966   212.4  1985  1149.4  1942
   31.3  1972   54.6  1931   87.6  1944  122.9  1960  156.7  1945  139.0  1984  119.5  2020  118.9  1998   95.8  1952   65.9  1999   41.8  1936   25.6  1933   117.9  1927   378.9  1937   395.8  1937   211.8  1965  1148.8  1953
   30.4  1975   53.9  1956   87.4  1946  121.8  1995  155.8  1931  138.9  1961  118.8  1922  118.5  2018   95.3  2007   65.6  1966   41.6  1943   25.1  1944   116.8  1939   378.7  1926   395.5  2004   211.7  1999  1146.2  1940
   30.1  1938   53.8  1921   87.3  1988  121.4  1976  155.1  1927  137.5  1946  118.8  2010  118.1  2013   95.3  2001   65.4  1979   41.6  1981   25.0  1924   116.7  2012   377.8  1970   394.1  2011   211.3  1990  1141.5  1945
   30.0  1994   53.4  1990   86.2  2013  119.9  2012  155.1  2013  137.1  1935  117.7  1928  118.1  1949   94.4  1922   65.3  1983   41.5  1954   24.8  1949   116.6  1992   377.4  1965   393.3  2016   210.6  1977  1140.0  1920
   30.0  1974   53.2  1935   86.2  1978  119.6  1928  155.0  1920  136.8  2011  117.5  1938  117.9  1922   93.0  2017   65.3  1990   41.1  2004   24.8  1941   116.4  1920   374.7  1961   392.8  1965   209.6  1944  1136.6  1988
   29.7  1949   53.1  2002   86.0  1961  119.0  1926  155.0  1932  135.3  1954  117.1  1981  116.2  1928   92.4  1953   65.1  1970   41.1  2014   24.6  2002   115.8  1987   374.7  1969   389.4  1981   209.5  2005  1135.4  2014
   29.7  1973   53.0  1951   85.0  1920  118.9  1986  154.5  1979  134.9  1952  116.4  1967  115.8  1920   92.0  1936   65.0  1976   41.0  1991   24.2  1945   115.6  1934   374.4  1992   388.4  2015   206.4  1938  1131.2  1958
   29.6  1923   52.9  1943   84.0  2005  118.2  1988  153.9  1991  134.9  2020  114.9  1992  115.6  1990   91.3  1947   64.3  1988   40.9  1983   24.1  1986   115.6  2016   374.2  1991   384.0  2020   206.1  1976  1128.8  1938
   29.5  1927   52.8  1954   83.6  1921  118.1  1959  152.8  1928  134.4  1999  113.6  1968  114.6  1956   91.2  1977   64.2  1974   40.7  1987   24.0  1997   114.2  1938   374.0  1938   381.0  1958   205.4  2011  1125.0  1937
   29.4  1968   52.6  1929   82.3  1960  117.4  1935  152.1  1941  132.8  1948  112.1  1946  114.3  1988   91.0  1945   63.9  2014   40.1  1924   24.0  1990   114.0  1941   370.5  1997   378.8  1946   204.4  2014  1123.2  1943
   29.1  2004   52.4  1938   82.3  2000  114.3  1987  150.2  1964  132.8  1981  111.2  1932  113.4  2006   91.0  1968   63.8  1944   39.9  1963   23.6  1922   111.9  1994   368.0  1940   377.7  1922   203.9  2017  1116.3  1922
   29.0  1937   52.2  1992   81.2  1951  113.5  1943  149.1  1947  131.6  2005  109.3  1940  113.3  1923   90.5  2021   63.1  1934   39.7  1982   23.6  2021   109.6  1944   367.1  1986   377.6  1953   202.2  1956  1114.3  1928
   28.9  1922   51.8  1971   80.9  1968  112.3  1931  148.7  1954  130.9  2001  108.9  1988  112.6  1935   90.4  1982   62.1  2001   39.5  1945   23.6  1988   109.4  1976   366.6  1967   377.4  1979   200.8  1941  1112.6  1979
   28.3  1924   50.1  1940   80.8  1971  111.5  1920  145.5  1923  130.8  1991  108.7  1930  112.3  1979   90.2  1932   61.7  1942   39.1  1980   23.5  1936   107.9  1971   364.8  1972   376.1  2008   199.3  1946  1111.4  1992
   28.3  1921   50.1  1941   80.3  1926  110.7  1975  145.0  1934  128.6  1965  108.6  2016  112.2  1930   89.1  1950   61.1  1949   38.9  1920   23.4  1985   107.1  1942   364.1  1925   374.1  2017   199.1  1992  1109.1  1965
   28.2  1969   49.9  2012   79.6  1945  109.8  1961  144.1  1993  127.4  2002  108.4  1937  111.5  1957   88.8  1967   61.1  1932   38.4  2002   23.3  1942   106.3  1940   362.1  1985   373.9  2007   198.8  1953  1108.6  1932
   28.1  1943   48.6  1976   79.1  1990  109.0  1985  143.3  1973  127.4  2015  108.0  1993  111.3  1985   87.4  1941   60.7  1921   38.3  1941   23.1  2011   105.3  1925   360.8  1932   373.7  1978   198.3  1943  1103.4  1987
   27.8  2002   47.4  1925   77.8  1980  108.8  1979  143.2  2021  125.4  1942  107.6  1987  110.2  1941   85.2  1992   60.5  1991   38.3  1956   23.1  1921   104.4  1943   360.0  2014   372.8  1944   195.8  1932  1101.7  1961
   27.3  2020   47.3  1965   77.1  1942  108.2  1978  140.8  1986  124.8  2007  107.4  2001  109.0  1951   84.4  1970   60.5  2020   37.6  1994   22.6  1971   104.2  1980   358.8  1979   370.6  1924   195.5  1978  1096.1  1964
   26.7  1948   47.2  1972   76.5  1932  107.9  1964  140.6  2003  124.4  1944  106.8  1979  108.8  1952   83.5  1946   59.4  2013   37.4  2001   22.5  1991   103.4  1948   356.9  1934   367.6  1985   194.7  1970  1091.6  1923
   26.5  1926   46.1  2009   74.5  1991  106.2  1934  139.4  1968  121.9  1980  106.6  1954  107.2  1958   83.4  1927   59.3  2004   37.3  1953   21.7  2013   103.0  1924   356.6  1998   365.9  1998   194.7  2001  1091.0  1954
   26.4  1983   45.8  1924   74.5  1938  105.9  1940  138.4  1967  121.9  2014  104.8  1998  105.2  1934   83.0  1978   59.0  1943   37.2  2007   21.3  1978   101.9  1974   354.0  1941   365.8  2001   194.5  1930  1087.8  2002
   25.9  1970   45.7  1958   72.4  1977  105.6  1944  130.4  1972  121.8  1931  103.2  1944  102.2  1929   82.6  1976   56.7  1957   36.3  1938   21.2  1954   101.8  2014   351.5  1920   364.7  1948   194.5  1935  1085.6  1966
   25.7  1993   44.8  1974   71.0  1964  105.3  1993  128.9  1933  121.5  1958  101.1  1985   99.9  1980   82.2  1956   56.5  2005   36.2  1940   21.1  1939   101.1  1972   349.0  1947   360.0  2002   193.8  1940  1085.0  1985
   24.9  1966   44.5  1984   70.6  2006  105.2  1997  128.6  1976  118.2  2004  100.9  1980   98.6  2011   81.5  2008   56.0  1982   35.9  1946   20.9  1983   101.1  1966   346.1  1993   359.3  1961   193.5  1966  1078.3  1978
   24.8  2013   44.4  1966   65.6  1996  104.6  1947  126.0  1970  117.4  1990  100.6  2002   97.9  1954   80.9  1985   55.4  2017   35.8  1931   20.7  1931   100.8  1935   342.1  1924   357.3  1923   192.4  1957  1076.7  1941
   24.7  2014   44.1  1939   64.8  1992  104.1  2004  125.2  1924  116.6  1987  100.3  1953   93.6  2008   80.2  1980   55.4  2021   34.5  1962   20.5  2015    99.6  1926   341.6  1933   348.4  1987   191.7  1980  1074.5  1998
   23.5  2008   43.6  1926   63.4  1998  103.8  1919  124.0  1965  115.1  1923   98.9  1970   92.2  1943   79.8  1983   54.3  1933   34.1  1957   20.4  2016    98.0  1984   340.6  1976   346.3  1931   189.8  1968  1069.1  1931
   23.5  1942   43.3  1922   62.4  1984   99.8  1996  123.7  1925  114.3  1947   98.5  1957   90.7  1978   79.7  1966   53.9  2011   34.1  1951   20.2  1980    95.3  1922   337.9  1996   343.0  2012   188.4  2021  1064.0  1980
   22.8  1971   42.2  1980   60.6  1957   99.6  1933  121.3  1969  110.0  1993   97.9  2012   86.9  1963   78.3  1984   53.2  1940   33.6  2015   19.9  1959    92.6  1998   329.1  1928   341.1  1942   186.1  1983  1058.6  1983
   22.6  1996   36.8  1998   60.4  1983   99.3  1941  119.0  1944  108.9  2012   96.3  1961   83.8  1924   78.2  1930   51.7  1968   33.5  1939   19.8  1947    87.9  1923   329.1  1964   339.7  1954   186.0  1982  1042.5  1924
   22.3  1944   35.4  1993   57.4  1936   90.9  1992  117.0  2014  106.4  2017   92.1  1939   78.8  1948   69.4  1962   49.9  1960   32.0  1984   16.8  1956    86.8  1993   312.2  1944   338.3  1993   181.1  1984  1006.6  1993
   20.9  2016   34.7  1923   56.7  1928   84.7  1937  100.0  1983  100.1  1966   82.6  1931   77.2  1942   69.1  1965   47.8  1935   30.7  1997   15.2  1934     ---  1919   284.7  1983   322.8  1980   171.5  1962  1001.3  1944