Areal values from HadUK-Grid 1km gridded climate data from land surface network
Source: Met Office National Climate Information Centre
Monthly, seasonal and annual total precipitation amount for Scotland N
Areal series, starting in 1862
Last updated 01-Jan-2022 11:00
    jan  year    feb  year    mar  year    apr  year    may  year    jun  year    jul  year    aug  year    sep  year    oct  year    nov  year    dec  year     win  year     spr  year     sum  year     aut  year     ann  year
  352.4  1993  326.6  1990  345.6  1990  220.4  1904  215.1  2011  189.7  1872  207.4  1940  236.0  2014  277.9  1950  293.9  1983  309.4  1981  327.4  1898   790.9  2000   526.6  1990   465.1  2019   803.4  1981  2220.1  1990
  308.9  1928  317.0  1989  303.5  1994  219.6  1947  173.3  1986  178.4  1877  196.0  1939  231.9  1992  235.1  1995  279.8  2014  287.7  1917  326.2  2013   782.3  1989   506.2  1994   457.4  1877   727.1  1917  1989.8  1903
  308.1  1983  310.7  1997  303.1  1967  191.0  1910  166.5  2015  159.9  1938  182.0  1946  225.2  1962  232.7  1981  278.0  1917  281.3  1977  325.8  2015   779.6  1995   490.4  1967   446.7  1985   661.7  1980  1980.2  1992
  301.9  2015  304.7  1868  243.0  1903  186.2  1927  161.2  1922  159.7  1907  181.0  1956  223.9  1868  231.3  1899  277.6  1935  271.4  1947  319.5  1949   759.9  1868   461.2  2015   431.4  1946   658.5  1938  1970.7  2011
  297.4  2007  290.8  2020  224.0  1979  177.4  1950  157.3  1958  156.1  1966  179.3  1988  221.7  2019  227.1  2018  275.4  2001  262.6  1938  315.4  1974   758.3  2020   445.8  1986   426.9  1956   651.1  1978  1964.2  2015
  297.4  2005  286.0  1998  218.1  1992  175.7  1977  157.2  2007  141.8  2017  170.3  1871  217.5  1903  225.8  1863  270.0  1938  261.8  1991  311.5  2011   738.2  2016   444.5  1992   426.4  1903   644.8  1893  1959.7  1999
  295.3  1868  266.9  2002  215.0  1882  174.1  1934  149.7  2003  140.9  1980  167.3  1881  215.7  1985  223.0  1982  268.4  2008  260.5  1986  310.4  1966   729.6  2007   429.6  1979   422.2  1938   631.8  1982  1945.0  1938
  284.2  2008  265.1  1894  208.4  1876  169.7  1951  140.2  1925  138.3  1919  163.7  2010  197.7  1989  217.0  1980  264.5  1970  258.7  1978  304.4  1900   723.0  2014   427.7  2011   417.0  1890   629.3  2006  1943.8  2020
  282.4  1890  259.8  1903  208.3  1989  169.6  1949  136.6  1963  136.6  1994  162.8  1970  194.4  1982  216.1  1978  263.1  1954  254.8  2006  298.9  2006   710.9  1894   423.8  1903   415.7  1957   622.5  1954  1913.3  1998
  275.5  1932  244.8  2000  202.5  2015  168.0  1994  135.7  1906  135.4  2004  160.5  1918  183.9  1941  215.6  1893  261.4  1981  252.1  1973  295.6  1986   708.3  2015   404.0  2006   407.6  1918   619.6  1935  1896.4  2004
  272.3  1989  238.8  1995  200.4  1966  165.4  1915  135.5  1923  134.5  1990  158.2  1959  182.4  1889  215.4  1935  260.8  1967  250.6  1979  292.1  1999   688.8  1990   403.6  1997   406.4  1948   618.1  1970  1891.1  1868
  270.5  1995  234.2  1920  198.0  1986  160.2  1867  133.7  2013  134.0  1862  157.5  1953  182.2  1988  212.6  2004  258.6  1903  250.3  1877  287.6  1983   684.9  1903   399.8  1882   404.8  2017   617.1  1984  1841.8  2008
  267.4  1975  214.3  2014  197.2  2009  159.6  1919  127.2  1892  132.4  1944  155.9  1957  181.8  2009  208.3  1892  252.4  2020  249.9  1982  285.9  1912   680.5  2005   398.6  2009   404.7  1907   604.1  1991  1834.4  2014
  263.7  1976  211.9  1869  194.6  1968  157.4  1932  124.3  2009  132.0  1999  152.8  2016  181.0  1949  203.7  2011  252.1  1890  247.8  1992  280.7  1921   674.1  2012   397.4  1910   403.1  1961   597.8  1977  1832.8  1877
  261.7  1916  206.6  1992  193.9  2019  155.8  1943  124.1  1962  131.0  1927  151.1  1938  180.5  1863  201.2  1947  251.5  1916  239.4  1913  274.1  1954   663.2  1993   395.4  1904   400.1  1988   596.0  1995  1827.4  2005
  261.0  1863  206.3  2008  189.1  2008  153.1  2006  123.8  2006  127.6  1896  149.3  1936  177.3  1930  199.9  1990  249.8  2000  236.5  2009  270.3  1994   659.4  2002   391.3  1999   399.9  1924   595.4  1872  1819.9  1949
  260.4  1990  205.1  1898  189.1  1988  148.7  1863  123.8  1966  127.3  1946  148.5  1903  173.0  2005  197.9  1885  242.9  1998  233.4  1940  263.1  1980   656.0  1998   391.1  1977   396.4  1962   594.9  2001  1814.6  1967
  259.7  2020  192.7  1918  188.5  1896  143.6  1899  123.6  1964  125.4  2002  147.3  1985  168.9  1923  197.6  1872  241.2  1929  232.4  1999  260.9  2014   655.6  2008   390.8  2007   396.0  2009   593.7  1950  1809.0  2006
  258.0  1921  190.2  1877  187.6  1997  140.7  2013  120.2  1884  124.8  1972  146.9  1879  167.7  1957  197.1  1948  238.8  2006  231.8  1996  257.1  1893   647.7  1999   387.9  1934   394.8  1881   591.2  2011  1807.5  2007
  254.5  1962  188.6  1866  187.2  1938  139.9  1965  119.8  1999  124.5  1864  144.9  1924  167.1  1948  195.4  1908  238.3  1942  230.9  1953  249.4  1936   639.2  1950   382.5  1925   393.9  1872   587.0  1899  1797.3  1898
  254.0  2000  186.8  1880  184.7  1983  137.1  1959  119.8  1916  124.3  2020  144.6  1998  166.6  1907  193.7  1869  237.9  1996  229.9  2015  249.0  2004   624.5  1975   381.3  2005   392.0  1980   583.7  1992  1788.6  1994
  251.6  1923  186.7  1943  183.0  1921  136.5  1975  119.5  1931  123.8  1973  144.0  1890  163.0  2011  193.6  1969  237.5  1862  221.8  2005  244.9  1955   621.0  1984   377.7  1906   388.1  1998   577.6  2004  1786.1  2000
  248.5  1999  185.9  1935  182.5  1978  135.6  1912  118.8  1920  122.7  1882  143.4  1894  162.1  1929  192.6  1992  235.9  1893  221.2  1980  241.0  1993   618.6  1920   376.8  1913   388.1  1895   576.8  2009  1780.0  1986
  246.1  1938  185.6  1999  181.3  1908  133.5  1985  116.9  2019  122.5  1948  142.7  1934  162.1  1918  189.6  1878  234.8  1984  220.9  2017  240.8  1951   613.1  1949   374.3  1949   386.6  2014   576.1  1869  1774.9  1989
  245.9  1949  183.5  1911  179.7  1913  131.6  2004  116.7  2005  122.2  1890  142.5  1877  161.9  1961  185.1  1946  226.9  1874  220.2  1914  235.1  1866   607.1  1983   371.3  1943   386.6  1923   575.5  2020  1766.8  1948
  245.3  1974  182.6  1928  178.6  1926  129.6  1992  116.1  1944  121.4  1913  141.8  2007  161.9  1894  183.9  1942  224.0  1989  219.8  1906  233.2  1929   602.2  1981   371.1  1966   385.7  1879   571.4  2017  1762.7  1982
  241.8  1927  182.1  2016  174.8  2021  128.8  1953  115.6  1872  121.4  1965  141.7  1891  161.7  1874  182.7  1983  223.5  1980  219.3  1912  233.2  1956   596.9  1863   367.8  1970   380.0  2007   567.7  2008  1754.4  2009
  238.6  2004  182.1  1949  173.6  1905  128.7  1925  115.5  1956  119.8  1991  141.7  2009  161.5  1964  182.5  1864  222.6  1877  219.2  1974  231.8  1957   593.8  1937   363.5  2019   377.2  1894   564.9  2005  1751.4  1954
  237.2  2002  182.1  1939  173.2  1982  127.8  1964  115.5  1954  118.2  1945  138.9  1906  160.3  1910  182.0  1984  222.5  1923  217.7  1869  231.0  1982   591.4  2004   363.4  1912   375.5  2016   563.7  1969  1750.8  1950
  236.6  1903  176.9  1962  171.2  1890  127.4  1870  113.2  1982  118.1  1947  137.7  1873  159.8  2007  181.0  2005  218.2  1934  212.0  1883  227.0  1924   590.5  1967   363.3  1920   375.2  1873   563.3  1947  1733.4  1981
  236.2  1906  176.5  1905  169.9  1868  127.4  1990  111.7  1894  116.4  1998  136.2  2019  159.5  2004  180.3  1918  218.1  2021  209.1  1928  224.7  1942   587.9  1922   360.6  1896   374.0  1862   562.9  1877  1732.1  1983
  234.3  1957  176.3  1864  166.2  2007  126.6  2005  111.6  1924  114.6  1954  134.0  2015  158.9  1943  179.7  1924  217.6  1909  208.6  1939  220.8  1863   587.0  1916   360.3  1876   373.1  1964   562.4  1903  1721.3  1900
  233.5  1994  173.5  1916  166.1  1987  126.4  1900  111.0  1902  113.1  2005  133.5  1961  158.5  1891  179.2  1927  217.4  1995  207.7  1911  218.3  2020   584.9  1898   360.0  1922   372.7  2004   560.2  1932  1720.5  1872
  230.2  2016  172.9  1970  165.8  1894  125.6  1948  110.7  1997  112.9  1901  131.6  1923  158.3  1895  176.6  1874  217.0  1961  205.6  1970  215.4  1914   583.9  1974   358.4  1899   369.9  1992   559.9  1967  1718.4  1923
  229.0  2012  172.1  1885  164.7  1902  123.4  1896  110.0  1888  112.5  1931  130.7  1900  157.0  1956  175.6  1987  214.9  1968  204.1  1972  214.1  1990   577.8  1957   358.2  1968   368.8  1950   559.5  1890  1716.5  1906
  228.0  1930  169.6  1889  163.7  1995  121.8  1972  110.0  1921  111.4  1962  130.3  1932  155.9  1912  175.3  1975  214.7  1930  201.3  1899  213.6  1998   572.5  1869   356.2  1868   366.7  1943   558.4  2018  1716.2  1979
  225.3  1872  169.4  1945  161.5  1897  121.6  1911  109.2  1953  111.0  1950  130.0  1931  155.6  2017  173.7  1896  214.2  1943  200.9  2008  212.0  1985   567.3  1925   356.1  1898   366.2  1940   557.6  1923  1702.6  1928
  224.2  1944  167.4  1908  160.7  1874  121.2  1933  108.1  1885  110.4  1912  129.5  1993  154.5  1904  172.8  1985  213.6  2018  200.4  1888  211.0  1897   556.8  1976   354.8  1927   364.1  1990   555.2  1929  1701.6  1970
  223.7  1920  166.7  1931  155.1  1864  118.9  1970  107.5  1973  110.1  2008  129.2  1915  153.8  1883  170.9  2012  210.6  2017  200.3  1984  210.1  1979   551.7  1962   354.5  1921   363.4  1896   553.0  1999  1696.9  2017
  223.5  1884  166.5  1906  155.1  2000  118.4  1991  107.2  1945  110.0  1881  128.8  1895  152.0  1924  169.4  1979  205.0  2011  200.1  1930  207.8  2019   551.0  1899   353.5  1926   362.6  1891   550.5  1983  1690.6  2019
  221.3  1986  165.8  1922  155.0  1999  117.7  2012  107.2  1904  107.7  1961  128.5  1862  150.9  1890  168.0  1999  199.8  1873  198.7  1872  207.5  1891   545.9  1994   349.4  1902   362.0  1970   548.2  1996  1688.7  1988
  219.1  1981  165.8  1925  153.9  2020  116.5  1999  106.8  1910  107.1  2019  128.5  1980  149.6  1952  167.3  1932  199.7  1971  198.2  1884  205.0  2012   543.2  1884   346.7  1982   361.3  1959   546.5  1878  1683.3  1863
  215.5  1984  165.1  1907  153.2  1970  113.5  1898  106.7  1862  106.1  1917  127.3  1882  148.4  1942  166.8  1954  199.3  2004  197.3  1971  204.5  1992   542.8  1866   345.0  1874   359.4  1965   543.3  2000  1678.9  1995
  214.0  2003  162.7  1961  150.7  1957  112.9  1874  105.8  1875  105.7  1981  127.1  1942  148.2  1879  166.7  1897  199.3  1932  196.4  1951  204.1  1862   537.9  1943   344.1  1908   358.0  1882   537.9  1979  1673.9  1893
  208.7  1874  162.0  1973  149.8  1920  112.4  1998  105.7  1934  104.6  1916  126.9  1964  147.4  1873  164.9  1919  199.1  1872  195.4  1881  202.1  1973   537.0  1906   342.9  2014   356.7  1868   534.8  1948  1673.7  1912
  205.8  1900  160.8  1950  149.8  2002  111.9  1914  105.6  2020  103.9  2015  126.3  1951  147.1  1917  164.6  1991  198.4  1888  195.2  2021  200.9  1877   534.6  1901   341.9  1932   356.6  1953   534.7  1874  1655.8  1956
  202.9  1937  159.5  1882  145.7  1998  109.9  1862  105.3  1914  103.8  1979  125.3  1979  145.2  1892  164.6  1891  196.0  1927  194.7  1882  198.8  2003   534.2  1958   341.6  1963   354.7  2015   534.6  1927  1655.5  1980
  198.7  2018  156.1  1988  142.2  1912  109.1  2000  104.7  1898  103.4  1959  124.7  1950  145.0  1951  164.2  1964  194.8  1990  194.7  1890  196.3  1883   524.6  1905   341.2  1947   354.1  1929   533.4  1986  1653.5  1957
  198.6  1931  154.6  1914  140.9  1906  108.2  2008  103.5  1955  103.0  1924  123.9  2002  143.7  1990  163.6  1923  194.3  1955  193.7  1932  195.8  1962   522.9  1992   341.0  1950   349.8  1912   530.6  1892  1651.8  1943
  195.4  1866  154.0  2004  140.2  1981  107.2  1922  102.9  1979  102.6  1952  123.1  1909  141.7  1935  162.3  1955  194.3  1900  193.3  1893  193.1  1901   518.7  1915   339.7  1995   346.8  1942   529.0  1930  1650.2  1882
  195.2  1892  152.4  1967  139.0  2014  106.3  1916  101.8  1878  102.6  1928  121.4  1974  141.4  1933  161.4  1917  194.2  1959  193.0  1880  193.0  1988   517.1  1928   339.4  1905   346.7  1900   528.2  1990  1647.4  1974
  193.7  1988  151.5  1948  137.9  2005  105.9  1940  101.5  1886  102.1  1935  120.3  1880  140.5  1960  159.9  1900  192.3  1948  192.6  1954  191.1  1967   516.4  1867   337.2  2002   346.4  1930   527.4  2021  1644.0  1890
  192.8  1934  150.8  1946  137.9  1898  105.4  1880  101.2  1943  101.1  1943  119.2  1875  137.9  2016  159.9  1965  191.9  1868  192.0  1998  190.7  2016   514.8  1923   337.1  1989   345.5  1874   519.9  1998  1629.5  1935
  191.6  1998  147.8  1893  137.7  1895  105.3  1997  100.8  2014  101.0  1929  118.7  1865  136.5  1877  159.7  2010  189.6  1884  191.0  2001  190.0  1971   510.6  1914   335.9  1914   345.4  2005   511.5  1918  1619.1  2012
  188.7  1894  145.9  1883  137.4  1907  105.2  1882   99.7  1938  101.0  1895  116.8  1911  135.8  1901  157.9  1873  188.7  1896  190.6  2000  188.6  1902   506.8  1956   333.0  1938   345.3  2011   509.6  1942  1618.8  1962
  185.3  1910  145.5  2015  136.7  1961  104.7  1895   98.0  1877   98.4  1868  116.8  1948  135.2  1875  157.0  1977  187.2  1878  190.5  2007  185.9  1984   506.3  1864   330.6  1897   344.6  1989   509.4  1961  1617.7  1966
  183.3  1965  145.0  1910  136.6  1993  104.3  1996   97.1  1976   98.0  1876  115.6  1886  134.6  1965  156.3  1988  187.2  1867  187.7  1966  185.9  1964   505.1  1892   328.6  2000   342.0  1892   508.5  1928  1617.4  1932
  182.8  1958  144.0  1876  136.2  1976  103.1  2014   97.1  1883   95.7  2001  114.7  1987  133.6  1934  156.2  2016  187.1  1969  187.6  1959  185.9  1868   504.3  1877   327.1  1948   341.8  1951   505.5  1883  1611.8  1973
  182.4  2014  142.4  1887  135.0  1878  102.7  1979   97.0  2021   95.4  1892  113.7  2020  133.2  1893  155.7  1879  185.7  1933  185.4  1903  185.5  1931   502.9  1887   326.4  2021   341.4  1973   504.4  1873  1606.4  2016
  181.8  1873  142.3  1938  134.0  1899  102.5  2011   96.8  1992   95.4  1863  113.7  1893  133.2  1896  155.2  1898  185.6  2009  182.9  1969  185.4  1869   502.2  1907   325.8  1888   339.5  1979   503.3  1974  1602.0  1918
  177.7  1915  142.3  2011  133.2  2017  102.0  1888   96.6  1891   94.3  1976  112.5  1884  133.1  1950  154.8  2009  184.4  1936  182.5  2011  185.1  1948   502.0  1955   319.7  1907   336.7  1934   501.4  1943  1598.0  1916
  177.4  1887  141.5  1937  127.3  1977  101.6  1901   96.5  1907   93.4  1930  112.3  1887  132.8  1953  149.8  1961  184.0  1895  180.9  1910  185.0  1894   500.1  1952   318.0  2008   335.7  1901   496.4  1884  1586.2  2013
  176.8  1862  138.1  1871  127.2  2006  101.3  2017   96.0  1913   92.2  1957  111.8  1914  131.4  1900  148.2  2020  184.0  1986  180.0  1866  184.5  1913   495.7  1931   317.1  1915   335.5  1952   496.1  1863  1583.5  1874
  176.7  1875  137.2  1996  126.4  1919  101.1  1903   95.7  1970   91.9  1997  111.3  1941  131.3  1963  148.0  1970  182.3  1958  179.1  1964  183.7  2017   495.1  1988   316.7  2013   332.2  1875   493.5  1900  1581.8  1961
  176.7  1865  136.5  1974  124.7  1991  101.1  1913   95.2  1972   91.3  1908  110.4  1954  130.4  1905  146.6  1994  182.3  1926  178.7  1920  183.2  1886   493.6  1997   316.1  1973   332.2  1935   490.2  1940  1581.4  1917
  174.8  1959  135.2  2017  122.8  1948  101.1  1906   95.1  1968   91.3  2011  110.2  1975  130.4  1919  144.9  1866  181.3  1928  177.6  1919  183.1  1885   492.6  1913   315.7  1919   329.4  1939   488.7  2012  1580.2  1869
  174.7  1869  134.1  2005  122.3  1889  100.9  1973   94.4  1900   91.0  1968  108.1  1968  130.2  1973  143.7  1974  180.8  1892  174.8  2020  182.9  1911   488.5  1890   314.9  1988   329.3  1927   483.1  1864  1579.9  1896
  174.5  1925  133.6  2012  122.3  1963  100.1  1917   93.7  1949   90.5  1879  107.4  1920  129.4  1970  142.1  1963  178.8  1957  174.5  1929  182.2  1873   488.3  2018   314.0  1998   326.4  1954   482.1  1973  1578.0  1991
  173.7  1926  133.4  2007  122.3  1939   99.8  2002   93.2  1897   90.4  1987  107.4  2017  128.9  1898  142.1  1905  178.7  2013  174.3  1886  179.3  1940   487.4  1930   313.9  1958   324.2  1966   478.4  1916  1576.7  1884
  171.5  1914  131.8  1863  120.4  1891   99.7  1956   91.8  1909   90.2  1873  106.7  1943  127.7  1866  141.4  1934  177.7  1991  172.6  2013  178.7  2000   484.5  1927   313.1  1983   323.9  1941   475.6  1885  1571.3  1883
  171.2  1951  130.9  1867  119.4  1952   99.6  1923   91.1  1929   88.9  1956  106.7  1883  127.1  1998  139.9  2017  176.3  1978  171.4  1944  178.3  1997   482.9  1945   311.9  1976   323.8  1910   470.8  1953  1567.7  1894
  170.9  1992  125.6  1915  118.7  1914   99.1  1935   90.8  1993   88.9  1867  105.8  1969  125.7  1958  139.8  1973  175.0  1883  171.4  1923  178.2  1864   480.8  1882   311.2  1987   323.7  1883   469.4  1926  1565.4  1997
  170.7  1905  124.9  1953  117.3  1915   99.0  1868   90.4  2012   87.7  1880  105.7  1937  125.6  1865  139.5  1929  173.3  1864  169.8  1878  177.7  1906   480.2  1932   310.9  1965   322.8  1928   468.0  1971  1565.1  1985
  170.5  1968  123.8  2019  115.9  1881   98.9  1967   90.2  1965   87.4  1937  105.6  1910  124.7  1922  139.2  1945  170.5  1956  168.5  2012  177.3  1904   479.5  1908   310.6  1985   321.9  2010   467.7  1906  1562.7  1934
  170.1  1904  123.4  1884  115.7  1971   98.0  2016   88.5  1881   87.1  1963  105.0  1928  124.1  2008  138.6  1967  170.2  1944  165.7  2004  176.5  1959   475.6  1946   310.2  2003   319.0  2002   467.3  1944  1561.3  1927
  169.2  1909  123.1  1941  114.3  1879   97.3  1960   88.4  1967   87.0  1898  104.2  1967  122.6  1980  137.7  1926  169.0  1988  165.6  1975  176.1  1884   472.9  1872   308.3  1993   318.7  2008   466.7  2013  1555.0  1862
  168.8  1898  123.0  1904  114.2  1943   97.2  1909   88.4  1873   86.5  1967  103.5  1965  122.0  1946  135.7  2006  166.6  1901  165.5  1918  171.0  1975   472.2  1939   306.0  1890   316.1  1871   464.8  1888  1552.5  1993
  168.6  2009  122.0  1976  113.8  1888   95.7  1869   88.2  1977   86.2  1911  102.6  1896  118.6  1888  135.3  1953  165.7  1918  165.1  1985  170.8  1918   468.3  1987   305.6  1894   316.0  1919   462.1  1905  1551.5  2002
  167.7  1908  121.4  1933  113.6  1925   95.5  1931   87.7  2002   86.1  1923  101.3  1892  117.5  1881  134.7  1952  164.9  1906  164.4  1916  169.0  1922   467.4  1935   304.7  1862   313.6  1933   460.1  1987  1550.8  1910
  167.1  1933  120.4  1960  111.5  1945   95.5  2010   87.3  1868   85.1  1874  100.3  1888  117.5  1906  133.1  1886  164.8  1869  163.6  1908  169.0  1944   463.4  1865   304.4  2004   309.4  2001   457.0  1909  1549.9  1944
  163.7  1877  120.0  1981  111.0  1949   94.7  1876   86.2  1971   85.0  1918   99.8  1922  116.9  2015  132.8  1925  163.3  1976  163.0  1898  168.6  1880   462.0  2021   304.2  1953   307.1  1937   455.7  1919  1548.3  1905
  162.4  1952  119.7  1958  110.1  2011   94.7  1920   85.7  1912   84.8  2016   99.8  1933  116.7  1926  132.7  1882  162.5  1952  162.6  1905  167.8  1952   461.7  1910   302.8  1991   306.6  1987   453.5  1956  1548.3  1921
  161.8  1948  119.3  1982  110.1  1901   93.8  1886   85.0  1987   84.7  1964   99.0  2001  116.6  2010  129.2  1997  162.3  1885  161.5  1950  167.5  1889   455.6  1911   302.1  1944   306.5  1917   453.3  1896  1539.9  1914
  161.5  1946  118.0  1955  109.5  1950   93.8  1984   84.6  2016   84.6  1989   98.8  1872  115.2  1928  128.6  2001  162.0  2005  160.6  1909  167.3  1926   452.3  1885   301.0  1864   303.9  1911   451.6  1912  1537.6  1892
  161.0  1991  117.9  1984  108.7  1885   92.2  2015   84.6  1932   84.6  1900   98.7  1874  114.8  2001  128.2  2007  161.6  2019  160.6  1967  167.3  1881   452.3  1938   300.0  2020   302.7  1963   450.6  1964  1534.2  1951
  161.0  2019  117.3  2009  108.3  1940   91.9  1887   84.5  1995   83.6  1985   97.8  1927  114.5  1986  128.0  1943  161.6  1963  159.4  1927  167.1  1941   450.9  1986   297.8  1911   301.8  1960   448.4  1963  1533.6  1904
  160.8  1978  116.7  1891  108.1  1934   91.5  1995   84.4  1926   83.6  1878   97.0  1997  114.0  1937  127.9  1956  159.8  1921  159.2  1943  165.7  1960   449.2  1874   296.6  1916   300.5  1922   448.3  1913  1532.2  1866
  159.3  1907  116.1  1951  107.7  1973   90.8  1872   84.2  1879   83.2  2006   96.5  1897  113.2  1884  125.8  1938  159.7  1941  155.0  1956  165.2  2007   448.1  1918   292.0  1895   300.0  1974   447.6  1891  1531.9  1953
  159.0  1886  115.8  1913  107.3  1871   90.5  1969   83.8  1974   83.1  1960   96.4  1991  111.8  2012  125.7  1870  159.5  1977  154.3  1994  164.7  1908   446.5  1961   291.8  1945   299.5  1898   447.3  2014  1530.7  1891
  158.9  1950  114.5  1912  106.3  1884   90.4  1926   81.3  1930   82.9  1993   94.8  1899  111.5  1878  125.7  1944  158.9  1982  154.2  2003  163.3  1945   446.5  2013   288.2  1964   299.5  2020   444.9  2010  1530.5  1984
  158.1  1956  110.5  1881  106.1  2004   89.3  1946   80.8  1899   82.7  1885   94.0  1947  111.5  1862  125.3  1915  158.7  1912  154.2  1949  160.8  1919   442.8  2017   288.0  1951   298.0  1994   443.5  1959  1528.4  1864
  156.8  1902  110.3  1957  105.4  2010   88.7  1958   80.0  1969   82.1  2003   93.7  1986  111.2  1938  123.8  1937  157.5  1905  153.6  1941  159.9  1882   442.7  1991   287.4  1900   297.1  1991   440.8  2007  1520.6  1926
  155.3  1896  108.7  1971  104.5  2016   87.8  1905   80.0  1908   82.1  2000   93.7  2012  110.6  1932  122.0  2019  154.5  1899  152.8  1946  159.9  1867   441.7  1883   287.1  2016   295.3  1888   440.4  1898  1516.1  1899
  154.0  1882  108.5  1865  102.4  1935   86.7  1944   79.8  1996   81.8  1983   93.2  1995  110.4  1979  121.7  1904  154.3  1950  149.4  1926  158.9  1865   440.7  1933   284.9  2017   295.2  1893   439.7  1966  1513.9  1908
  153.3  1878  107.5  1901  101.7  1985   86.4  1939   79.7  1903   80.8  1904   93.1  1966  110.2  1914  121.2  1887  153.7  1965  148.5  1894  158.3  1923   440.5  1921   283.5  1867   295.1  1945   438.1  1985  1513.6  1873
  152.7  2011  106.6  1954  101.5  1866   85.7  1907   79.6  1882   78.4  2007   92.7  1921  110.1  1909  121.0  1911  153.3  1949  146.7  1873  157.2  1953   436.9  1968   283.1  1863   293.8  1949   435.8  1934  1510.7  1920
  150.4  1867  106.3  1993  100.7  1865   85.6  1889   79.4  1911   78.2  1971   92.3  1992  108.1  1940  118.5  1883  153.1  1987  145.3  1948  156.7  1895   436.1  1878   281.7  1954   293.5  1931   433.9  1866  1508.3  1942
  150.2  1982  105.9  2018  100.7  1954   84.1  1924   78.7  1948   77.9  2012   91.8  1905  108.0  1882  118.4  1903  153.0  2010  144.8  1963  156.5  1910   432.8  2009   280.6  1872   293.3  1993   432.8  1965  1507.7  1977
  149.1  1899  104.6  1897  100.0  1932   82.8  1908   78.7  1865   77.8  1875   91.0  1929  107.7  2013  118.1  1928  152.6  1999  143.4  1995  155.8  1965   432.0  1880   280.2  1956   293.1  1967   431.6  1862  1503.7  1965
  147.6  2021  103.8  1956   99.9  2003   82.8  1963   77.9  1905   76.4  1888   91.0  2011  107.3  1908  116.8  1936  151.8  1902  142.6  1961  155.3  2001   430.7  1965   280.1  1878   292.0  1936   431.5  1952  1499.4  1959
  147.1  1939  103.6  1944   99.7  1910   82.6  1890   77.4  1952   76.0  1922   90.4  1999  105.8  2000  116.1  1920  150.8  1940  141.5  1892  153.0  1925   430.0  1900   279.3  1959   291.1  1904   430.8  1988  1495.6  1911
  145.7  1935  103.5  1872   99.2  1944   81.8  1871   76.3  1927   75.6  1886   90.0  1902  105.4  1872  116.0  1957  150.4  2002  140.2  2002  152.9  1928   428.5  1876   279.3  2012   290.7  1906   428.7  1886  1491.5  1930
  144.5  1945  103.2  2001   98.8  1883   81.0  1993   75.9  1942   74.8  1974   88.8  1916  105.3  1897  115.9  1966  150.1  1891  140.2  1863  152.2  1932   426.9  1944   277.8  1972   290.4  1863   427.9  1895  1486.5  1924
  143.6  2013  102.8  1966   98.4  1877   79.2  1955   75.7  1870   73.9  1977   88.4  1935  104.2  1994  115.4  2013  149.2  2012  139.3  1900  151.7  1915   424.4  2019   275.4  1885   289.3  1999   426.6  1880  1479.4  1907
  142.8  1918  102.4  1892   97.8  1928   78.6  1976   75.4  1985   73.9  1975   88.1  1945  103.8  1974  114.3  1930  148.9  1865  136.0  1875  150.9  1875   420.8  1926   275.1  1962   288.8  1886   425.8  1955  1470.4  1978
  142.4  1942  100.1  1896   97.0  1917   78.3  2018   71.9  1864   72.8  1926   87.3  1973  102.6  1921  114.0  2021  143.4  1992  135.9  1915  150.3  1876   419.4  1948   274.7  1884   283.7  1944   419.0  1882  1463.2  2018
  142.0  1891   98.5  1870   96.8  1911   77.1  2009   71.4  1874   72.5  2009   87.0  1901  102.4  1967  112.8  1867  142.8  1871  135.4  1895  147.2  1896   418.0  1886   274.2  1886   283.7  1982   418.5  1975  1459.7  1952
  141.3  1922   97.9  2013   96.4  1951   76.6  2001   69.4  1918   72.4  1933   86.7  1996  102.2  2018  112.7  1890  142.7  1870  135.2  1907  146.9  2008   417.9  1889   273.4  1940   283.5  2012   411.9  1911  1455.8  1878
  140.2  1954   96.9  1952   96.0  1984   76.3  1962   67.7  1989   72.2  1996   85.9  1990  101.8  1944  112.6  1976  140.4  1974  134.3  1952  145.4  1991   415.8  1960   270.5  1957   282.8  1909   410.1  1936  1449.8  2001
  139.6  1971   96.4  1942   92.3  1927   76.2  1928   67.6  1880   71.9  1894   85.9  2014  101.5  1987  110.6  1921  140.4  1931  134.1  1931  145.3  1987   414.9  1951   270.2  1923   282.5  1884   409.3  1994  1449.2  1964
  137.4  1917   96.1  2021   91.6  1922   76.1  1929   66.7  2004   71.3  1942   85.0  1876  101.5  2006  110.2  1880  136.1  1966  133.5  1990  144.4  1907   412.1  1896   269.6  1978   281.2  1914   407.7  1976  1442.1  1975
  136.2  1979   96.1  1924   89.8  1930   75.9  1897   66.2  1947   70.5  1951   84.8  1867  101.3  1954  109.9  1875  133.6  1993  133.0  1891  144.1  1871   411.9  1909   269.2  1975   280.5  1972   407.5  1908  1437.5  1946
  135.9  1883   95.9  1987   88.1  1862   75.0  1988   64.4  2000   70.5  1955   84.5  2008  101.1  1887  109.7  1962  130.5  1945  132.8  1904  143.3  1870   410.9  1953   268.2  1961   280.5  1864   406.5  1897  1430.9  1931
  135.5  1969   95.7  2006   84.7  1959   74.9  1941   63.8  1983   69.8  1970   84.3  1963  101.1  1972  108.7  1884  130.2  1863  132.2  2010  143.0  1938   410.1  1973   266.8  1909   276.3  1865   404.3  1949  1427.5  1885
  133.6  1876   94.1  1923   83.4  2018   74.5  1986   63.5  1863   69.8  1978   84.1  1981  100.9  1969  108.5  1895  128.2  1913  131.7  1976  140.6  1899   409.7  1980   265.5  1952   275.4  1969   402.2  1989  1427.0  1913
  132.6  1889   94.1  1926   81.9  1980   73.9  1864   63.2  1893   69.1  1902   83.6  1898  100.9  1911  107.9  1871  127.5  1876  131.4  1987  140.0  1972   405.9  1942   264.0  1883   274.3  1975   399.8  1924  1424.0  1940
  130.4  1893   93.4  1969   81.0  1869   73.7  1902   62.9  1917   69.0  1897   83.5  1912  100.5  1927  107.7  1914  125.8  1875  131.1  1874  139.6  2018   405.9  1912   261.1  1889   270.7  1897   397.8  1881  1422.8  2021
  128.7  1888   90.2  1977   80.8  1965   73.1  1945   62.6  1867   68.9  1869   83.3  1870  100.3  1936  107.6  1989  125.6  1925  128.9  1862  137.9  2021   404.0  1954   260.0  1917   270.1  1878   392.7  1870  1421.7  1929
  127.7  1967   85.3  1888   79.4  1975   71.5  1961   62.1  1937   68.7  1969   83.3  1952   99.8  1959  106.0  1940  125.1  1924  127.4  1864  136.7  1887   402.2  1871   258.7  2010   269.8  1876   392.3  1868  1421.3  1895
  126.5  1943   83.6  1900   79.0  1893   68.8  1952   61.1  1981   67.9  1984   83.0  1925   99.6  1871  105.3  1902  124.7  1881  126.6  1935  135.9  1934   401.8  1902   257.6  1877   268.4  1932   390.9  1957  1416.7  1922
  124.4  1980   82.4  2010   78.8  1886   68.5  1968   60.9  1941   66.3  1953   82.2  2018   97.8  1902  103.6  1876  123.3  1880  125.5  1889  134.3  1905   393.3  1893   257.5  1881   266.8  1981   381.3  1914  1415.5  1888
  123.4  1880   81.9  1878   77.8  1909   68.1  1883   60.0  1961   64.8  2014   81.2  1866   97.6  1886  102.9  2000  122.1  1898  125.5  1922  131.7  1916   390.1  1870   257.4  1971   266.3  1986   377.3  1879  1409.8  1886
  122.7  1901   78.5  1978   75.7  1880   67.4  2007   59.7  1991   63.3  1870   80.6  1864   93.0  1971  102.0  2003  122.1  2007  125.2  1901  131.4  1909   373.9  1904   254.9  1931   265.3  1905   376.6  1904  1406.0  1971
  120.8  1871   78.0  1909   74.7  1962   66.8  1892   59.2  1940   63.2  1883   78.3  1907   90.3  1975  100.9  1889  122.0  1904  124.3  1870  130.4  1930   372.2  1972   254.4  1891   265.1  1997   376.5  1901  1404.2  1880
  119.8  1936   76.0  1886   74.1  1872   65.6  1954   59.0  2001   62.7  2013   78.2  1960   89.8  1977   99.1  1958  121.8  1887  121.6  1897  130.2  1958   369.7  1924   252.6  1901   263.7  1968   376.3  1951  1401.7  1919
  119.8  2006   75.3  1927   71.4  1946   65.1  1875   57.8  2010   62.4  1891   77.9  2004   88.7  1945   98.5  2008  121.4  1886  121.0  2016  128.6  1946   369.0  2011   252.3  1892   262.7  1866   375.4  1941  1396.0  1987
  119.0  1960   75.3  1968   71.2  2012   65.0  1957   57.5  1959   62.1  2018   77.6  1978   88.4  1867   96.8  1949  118.1  1897  120.4  1865  127.5  1950   369.0  1959   249.5  1939   262.6  1908   375.1  2015  1394.6  1925
  118.1  1953   75.1  1972   70.9  1863   64.7  1983   57.2  1876   61.6  1899   77.5  1958   86.8  1876   90.4  1868  117.9  1979  119.3  1965  123.9  1878   363.4  2001   249.3  1879   262.6  1958   371.7  1875  1391.6  1876
  118.1  1961   75.1  1980   70.6  1916   63.6  1866   55.9  1998   60.5  1903   76.7  2006   85.5  1920   90.1  1877  116.5  1962  119.0  1887  121.9  1872   359.7  1941   248.7  1880   262.5  1926   369.5  2019  1388.4  1897
  117.4  1977   74.6  1921   69.9  2001   63.3  1936   54.8  1957   60.4  1934   76.7  2021   85.1  1915   88.9  1986  113.2  1919  117.7  2018  121.8  1879   356.9  1971   248.4  1924   262.1  1867   363.6  1968  1388.1  1901
  116.9  2017   74.5  1899   69.2  1873   61.6  1921   54.4  1887   59.4  1958   75.7  1930   84.8  1978   88.8  1951  109.0  1866  116.7  1997  120.4  1961   354.9  1873   245.9  1935   261.7  1887   362.7  1867  1385.2  1909
  115.6  1911   73.8  1936   67.9  1958   61.2  1873   54.1  1950   59.2  1914   75.1  1878   81.0  1991   85.0  1998  108.3  1994  115.6  1879  115.7  1888   352.7  1982   241.0  1981   261.4  2006   362.4  2003  1383.7  1969
  115.4  1924   73.6  1934   67.9  1904   61.1  1877   53.6  1990   58.1  1986   73.4  2003   80.8  1993   84.6  1901  108.0  1889  115.4  1885  115.1  1892   352.6  1970   239.5  1870   256.8  1902   361.9  1887  1380.5  1976
  111.4  1919   71.4  1994   66.5  1900   61.1  1989   53.2  1975   58.0  1939   73.0  1926   77.0  1981   82.9  1906  107.2  1964  111.4  2014  112.6  1917   350.6  1888   237.4  1875   256.0  1916   360.5  1871  1369.5  2003
  111.0  1895   70.7  1879   66.5  1875   60.6  2003   53.2  1889   57.9  1910   71.7  1976   76.9  1996   81.9  1960  106.2  2003  109.9  1868  108.7  1970   343.6  1985   237.0  1955   255.7  1889   358.2  1946  1367.2  1881
  110.7  1947   69.8  2003   66.3  1953   60.3  1982   52.7  1928   56.8  1884   71.1  1971   76.2  1997   81.6  1865  106.0  1879  109.8  1871  107.9  1939   341.6  1895   236.4  1996   250.2  1880   350.9  1865  1367.2  1945
  109.9  1955   68.7  1875   65.6  1887   60.3  1930   52.4  2018   53.7  1866   69.5  1977   75.4  1939   80.7  1913  104.7  1953  108.9  1936  107.9  1920   336.7  1875   233.2  1865   246.5  2018   348.6  1939  1364.6  1939
  109.2  1864   68.5  1940   65.0  1956   60.1  1987   52.2  1890   50.7  1940   66.7  1869   75.4  1864   78.8  1909  101.4  1910  105.6  1988  107.6  1969   330.9  2003   231.5  1930   243.0  1915   344.3  1972  1359.7  1947
  108.5  1912   68.0  1983   63.8  1933   60.1  1942   52.2  1869   49.6  1909   66.0  1885   75.0  1966   78.5  1996  100.2  1985  102.5  1876  106.1  1947   328.1  1966   231.2  1933   242.3  1971   344.0  2002  1350.6  1958
  108.2  1973   67.6  1991   62.1  1936   58.6  1885   51.5  1866   49.2  1949   64.7  2013   74.8  1925   77.6  1968   95.0  1907   98.9  1960  104.3  2005   324.4  1919   228.8  1869   239.3  1921   343.1  1920  1349.5  1867
  107.1  1972   64.0  1959   60.8  1867   56.3  1893   50.8  1988   48.3  1887   64.0  1908   73.4  2021   77.6  1881   91.6  1882   96.0  1957  102.3  1996   319.7  2006   226.9  1871   238.5  1920   342.8  1910  1337.6  1875
  106.2  1870   63.9  1862   60.7  1972   55.6  1971   50.4  2017   48.3  1893   63.6  1949   69.8  2002   75.4  1922   91.1  1951   95.1  1924  101.7  1989   318.4  1881   226.8  1928   236.6  2000   341.5  1958  1329.1  1902
  104.1  1885   62.9  1979   60.1  1941   54.5  2021   49.7  1895   46.2  1871   62.3  1989   68.4  1885   73.6  1912   90.7  1947   94.0  1962  100.3  1935   317.2  1978   218.8  1873   235.8  1996   341.1  1921  1323.2  1915
   95.1  1985   62.6  1985   59.5  1937   53.8  1865   48.7  1896   45.7  1992   60.9  1982   67.6  1869   71.0  1971   90.2  1973   90.9  1896   99.2  1943   316.8  1897   216.5  1866   235.2  2013   340.7  2016  1320.9  1889
   91.6  2010   61.5  1965   58.3  1892   53.1  1881   47.2  1936   45.6  1920   59.8  1962   67.0  1999   65.9  1888   90.2  1972   87.4  1942   97.1  2009   308.1  1969   214.2  2018   233.3  1977   334.5  1889  1317.7  1936
   91.0  1913   61.5  1964   55.5  1947   52.7  2019   46.4  1946   44.6  1995   59.4  1983   64.5  1968   65.2  1862   89.5  2015   85.8  2019   91.3  1874   306.8  1917   213.5  1984   232.2  1978   333.6  1876  1316.5  1996
   89.9  1964   58.4  1874   55.4  1918   51.9  1918   46.2  1933   44.0  1921   59.3  2005   63.6  1983   65.1  1939   84.3  1937   76.3  1934   87.5  1976   301.6  1934   211.9  1887   218.5  1947   331.6  1931  1310.6  1968
   81.5  2001   52.0  1902   54.3  1955   50.7  1879   44.4  1935   43.0  1905   59.2  1984   62.6  1916   62.5  1916   83.2  1911   73.8  1983   83.1  1981   299.2  1891   208.2  1969   217.1  1885   327.1  1997  1306.5  1871
   80.5  1997   51.2  1873   53.5  1974   48.2  1884   42.2  1978   42.5  1936   57.2  1994   61.5  2020   62.1  1941   81.2  1997   71.1  1968   80.8  1903   295.2  1977   207.1  1946   214.4  2003   325.6  1902  1304.5  1865
   76.8  1987   45.5  1895   52.7  1924   46.9  1966   40.9  1901   41.6  2010   55.8  1904   60.6  1870   61.7  1959   79.1  1922   70.7  1921   79.3  1968   294.0  1936   205.5  2001   210.7  1913   320.2  1962  1291.9  1887
   72.2  1970   42.2  1919   52.4  1942   46.0  1938   40.9  1939   41.5  1925   54.6  1972   58.8  2003   60.4  1910   77.6  1894   70.6  1989   78.1  1978   277.1  1979   200.1  1929   207.2  1870   319.4  1925  1273.5  2010
   69.5  1966   41.6  1975   52.3  1996   45.0  1978   40.1  1960   38.6  1988   53.3  1917   53.4  1984   57.1  1931   77.5  1975   69.2  1955   77.9  1977   271.0  2010   198.5  1893   206.3  1899   308.1  1915  1269.9  1879
   65.0  1879   38.6  1890   42.3  2013   43.4  1878   37.7  1871   37.4  2021   49.5  1944   51.6  1913   56.1  2014   74.9  1939   68.5  1902   77.7  1963   259.7  1879   196.0  1941   204.8  1983   303.2  1945  1264.5  1955
   65.0  1897   37.7  1917   39.9  1931   40.4  2020   34.7  1994   34.3  1906   49.0  1889   51.1  1931   56.0  1907   65.7  1960   66.6  1933   74.0  2010   259.2  1947   188.4  1942   203.2  1869   287.4  1933  1242.8  1941
   57.2  1941   28.4  1929   37.7  1969   39.7  1981   34.4  1915   32.0  1865   48.7  2000   49.9  1899   55.7  2015   63.6  2016   65.4  1993   63.9  1937   252.6  1963   176.7  1918   199.3  1925   286.2  1907  1227.4  1963
   56.5  1996   26.2  1930   36.7  1964   39.3  1937   29.7  1919   28.8  1941   47.3  1919   44.1  1995   53.4  2002   53.4  1914   62.8  1867   52.0  1995   245.6  1996   172.6  1936   187.7  1976   280.0  1922  1224.9  1972
   50.6  1929   19.9  1947   36.4  1870   37.4  1891   23.7  1984   28.7  1915   37.7  1913   42.1  1880   52.3  1993   48.5  1908   61.0  1925   47.1  2002   232.0  1929   172.3  1960   187.4  2021   262.2  1937  1187.4  1870
   46.4  1940   19.2  1932   35.1  1923   33.5  1980   23.6  1980   28.4  1982   34.4  1868   35.7  1955   50.0  1972   48.4  1920   60.1  1958   40.5  1890   229.2  1964   160.9  1937   181.9  1995   251.3  1993  1155.9  1933
   41.3  1963   17.6  1986   35.0  1960   28.2  1894   21.9  1951   27.5  1932   22.7  1955   21.7  1976   35.1  1933   46.9  1915   54.2  1937   35.2  1933   222.8  1940   146.9  1974   180.5  1984   246.5  1960  1138.5  1937
   39.3  1881   15.6  1963   33.0  1929    9.6  1974   20.7  2008   24.2  1889   14.5  1863    6.5  1947   19.8  1894   20.3  1946   33.4  1945   25.5  1927     ---  1862   139.1  1980   128.8  1955   246.0  1894  1125.7  1960