Areal values from HadUK-Grid 1km gridded climate data from land surface network
Source: Met Office National Climate Information Centre
Monthly, seasonal and annual number of days in the month with precipitation amount >= 1mm for Scotland N
Areal series, starting in 1891
Last updated 01-Jan-2022 11:00
    jan  year    feb  year    mar  year    apr  year    may  year    jun  year    jul  year    aug  year    sep  year    oct  year    nov  year    dec  year     win  year     spr  year     sum  year     aut  year     ann  year
   28.5  1928   25.8  1990   28.0  1994   26.0  1927   23.9  2011   26.0  1907   24.7  1940   26.7  1907   27.0  1899   28.2  1917   25.9  1939   28.8  1974    74.3  1894    63.2  1979    68.5  1907    75.2  1917   254.0  1923
   27.6  1983   25.0  1931   26.9  1967   24.1  1904   23.7  1902   22.8  1927   24.1  1953   26.3  1923   26.7  1950   28.1  1923   25.9  1947   28.5  1898    73.8  1995    62.8  1920    66.7  1946    75.0  1923   244.3  1903
   26.8  1923   24.8  2000   26.8  1921   24.0  1977   23.1  1906   21.9  1919   23.5  1924   25.7  1903   24.9  1918   27.3  1932   25.3  2017   27.8  1929    72.6  2000    62.6  1925    64.5  1923    73.4  1954   242.3  1900
   26.8  1993   24.7  2020   26.0  1903   23.9  1899   22.9  1925   21.5  1912   23.4  1988   25.2  1891   24.0  1932   27.3  1929   25.0  1940   27.5  1966    72.4  1916    61.6  1906    64.3  1924    70.4  1929   242.1  1898
   26.7  1900   24.5  2002   25.9  1897   22.9  1934   22.3  1924   21.1  1946   23.2  1900   24.9  1985   23.9  1927   27.1  1903   25.0  1899   27.4  1900    70.4  1920    61.6  1902    62.0  1922    69.7  1899   239.1  1905
   26.6  2007   24.4  1894   25.5  1992   22.7  1950   21.7  1986   20.7  2002   23.0  1920   24.8  1904   23.7  1982   26.7  1983   24.8  1986   27.2  2011    70.2  1999    60.9  1934    62.0  1985    69.5  1893   235.4  1906
   26.2  2015   24.4  1997   25.1  1905   22.5  1949   21.3  2003   20.7  2004   22.7  2016   24.0  1892   23.7  1923   26.6  1967   24.8  2000   26.7  1980    70.2  2014    60.7  1898    61.5  1895    69.4  1974   234.8  1907
   26.1  1921   24.2  1989   24.7  1896   22.3  1947   21.2  1894   20.6  1938   22.4  1946   23.7  1930   23.6  1954   26.2  1892   24.7  1992   26.6  1901    70.1  2020    60.5  1927    60.4  1928    69.2  1981   234.6  1928
   26.0  1975   23.9  1898   24.3  2008   21.8  1932   21.0  2015   20.5  1928   22.3  1915   23.6  1941   23.5  1974   26.1  1942   24.4  1991   26.2  1893    70.0  1989    60.4  1970    59.4  1903    69.1  2017   234.3  1922
   25.8  1995   23.8  1988   24.3  1989   21.7  1910   21.0  1923   19.9  1896   22.0  1950   23.4  1895   23.5  2018   26.1  1935   24.4  1938   25.7  1986    69.7  1931    60.0  1967    58.6  1896    68.4  1984   234.1  1916
   25.8  1892   23.7  1925   24.1  1983   21.7  1951   20.4  1963   19.9  1922   21.7  1936   23.3  1946   23.5  1893   26.0  1893   24.4  1917   25.7  1923    69.7  1937    59.6  1905    58.6  1950    67.7  1982   233.5  1893
   25.4  2004   23.7  1903   24.1  1966   21.6  1970   20.4  1920   19.7  1994   21.7  1922   23.2  1992   23.3  1891   26.0  1954   24.3  1970   25.6  1915    68.8  1898    59.1  1903    58.3  1929    67.6  1938   232.0  1926
   25.3  1994   23.6  1999   23.8  1990   21.4  1915   20.4  1916   19.6  1945   21.7  1895   23.2  1929   23.2  1978   26.0  1981   24.2  1951   25.6  1954    68.0  2005    59.0  2006    58.0  1918    67.2  1905   231.4  1938
   25.2  1938   23.2  1908   23.7  1902   21.4  1985   20.3  1979   19.3  1952   21.7  1909   23.2  1962   23.1  1980   25.9  1938   24.0  1979   25.6  2013    67.8  2015    58.8  1986    57.7  2017    67.1  1903   230.8  1950
   25.2  1944   23.0  1995   23.6  1988   21.3  1900   20.2  1921   19.2  1947   21.6  2010   23.2  1951   23.0  2011   25.8  2008   23.9  1971   25.5  1993    67.6  1892    58.4  1916    57.5  1952    66.8  1932   230.1  1925
   25.1  1916   22.8  1998   23.5  1979   21.2  1919   20.0  1926   19.2  1991   21.4  1931   23.0  1960   22.8  1984   25.7  1934   23.8  1954   25.5  1951    67.4  1922    58.4  1921    57.1  1938    66.7  1935   230.1  1954
   25.1  1990   22.7  1905   23.4  1913   21.1  2012   19.8  1955   19.2  1972   21.4  1939   22.9  1924   22.6  1917   25.5  1930   23.8  1928   25.4  2015    67.3  1945    57.9  1992    56.7  1927    66.6  1950   229.8  2017
   25.0  1962   22.1  2014   23.2  1914   21.1  1917   19.7  1945   19.1  1929   21.4  1932   22.8  1918   22.6  1946   25.2  1921   23.8  1944   25.3  1999    67.2  2016    57.5  1904    56.5  1891    66.5  1978   229.8  1967
   24.9  2005   22.0  1937   23.1  1978   20.8  1943   19.6  1892   19.0  2017   21.2  1903   22.6  1982   22.5  1925   25.1  1900   23.7  1906   25.3  1949    66.3  1952    56.7  1897    56.5  1894    66.4  2000   229.6  1927
   24.8  1920   21.9  1918   23.0  1970   20.8  1959   19.2  1958   18.8  1926   21.2  1938   22.4  1988   22.5  1948   25.1  2000   23.7  1972   25.3  1919    66.0  1943    56.7  1899    56.4  1930    66.3  1980   228.1  1943
   24.7  1981   21.7  1916   23.0  1995   20.7  1975   19.1  2005   18.5  2008   21.1  1891   22.2  1943   22.5  1935   24.9  1984   23.6  2021   25.0  1994    65.6  2012    56.6  1926    56.0  1953    66.1  1970   228.1  2004
   24.6  2008   21.5  1945   22.8  1895   20.5  2006   19.0  1898   18.5  1980   21.1  1974   22.0  2017   22.3  1985   24.8  1961   23.6  1981   24.9  2014    65.4  1923    56.5  1995    55.6  1961    65.9  1944   227.9  1934
   24.5  1949   21.2  1943   22.7  1912   20.3  1922   19.0  2007   18.2  1966   20.9  1923   21.9  1989   21.8  2012   24.8  1905   23.5  1943   24.8  1912    65.3  1974    56.5  1922    55.3  2019    65.2  1930   227.5  1904
   24.5  1927   21.1  1933   22.7  1968   20.3  1920   19.0  1934   18.2  1935   20.8  2015   21.9  1958   21.8  1947   24.7  1996   23.5  1903   24.7  1921    65.3  1967    56.4  1932    55.1  2015    65.2  1919   227.2  1998
   24.2  1931   21.1  1906   22.7  2019   20.2  1896   19.0  2006   18.1  1965   20.7  1902   21.8  2014   21.4  1975   24.5  2017   23.5  1919   24.6  1911    65.1  1925    56.3  1913    54.9  1956    64.8  1927   226.9  1952
   23.7  1976   20.9  1910   22.5  2009   20.0  2004   18.8  1904   18.1  1948   20.7  1985   21.8  1894   21.2  1897   24.4  1909   23.4  1912   24.6  1918    65.0  2007    56.3  2015    54.6  1980    64.8  1986   226.4  1896
   23.7  1958   20.8  1946   22.2  1938   20.0  1933   18.2  1908   18.0  1924   20.6  1942   21.8  2009   21.1  1892   24.0  2020   23.3  2001   24.5  2020    64.9  1908    55.1  1994    54.6  1900    64.7  1892   225.7  1892
   23.7  1894   20.7  1939   22.2  1920   19.9  1931   18.1  1913   17.8  1931   20.5  2009   21.8  1893   20.9  1942   23.4  1906   23.3  1905   24.4  2017    64.5  1900    54.6  1909    54.4  1943    64.2  1900   225.2  2015
   23.6  1898   20.6  1893   22.0  1898   19.8  1964   18.0  1931   17.7  1901   20.4  1970   21.8  1956   20.9  1957   23.4  2001   23.3  1929   24.4  1936    64.4  1981    54.4  1908    54.2  1960    63.3  1926   225.1  1979
   23.6  2020   20.5  1992   21.9  1925   19.7  1898   17.9  2009   17.4  1916   20.0  1894   21.8  1961   20.9  1896   23.4  1955   23.2  1923   24.3  1952    64.3  1958    54.1  1907    54.1  1951    63.3  1947   223.3  2020
   23.5  1906   20.4  1915   21.8  1906   19.7  1992   17.9  1976   17.4  1943   20.0  2007   21.5  1905   20.8  1919   23.3  1974   23.2  1982   24.1  1967    64.1  1907    53.8  1963    53.8  1912    63.2  1992   223.3  1931
   23.5  1974   20.4  1920   21.4  1986   19.7  1994   17.9  1922   17.3  1944   19.8  1905   21.4  1910   20.8  1934   23.2  1989   23.1  2006   24.0  1910    63.6  1926    53.8  1943    53.6  1902    63.1  2004   223.2  1924
   23.4  1937   20.3  1914   21.1  1899   19.4  1979   17.9  1956   17.3  1923   19.8  1998   21.3  1934   20.8  1908   23.0  1895   23.1  1978   23.9  1942    63.6  1906    53.8  1917    53.5  2009    63.1  1943   223.1  1918
   23.3  1999   20.2  1951   21.1  1940   19.3  1916   17.8  2002   17.2  2019   19.6  1993   20.9  1950   20.8  1987   22.9  1995   23.1  1910   23.9  1906    63.5  1918    53.4  1910    53.4  1998    62.4  2008   223.0  1990
   23.1  1984   20.1  1958   21.0  1908   19.1  2016   17.8  1995   17.1  1961   19.6  1928   20.9  2019   20.8  1983   22.8  1998   23.1  1969   23.8  1955    63.5  1903    53.0  1949    53.1  1948    62.2  1918   222.9  1899
   22.9  1922   20.0  2016   21.0  2015   18.9  1905   17.8  1966   17.0  1981   19.5  2020   20.8  1898   20.4  1926   22.8  1926   23.1  2015   23.8  1973    63.4  1957    52.9  2009    53.1  1892    62.0  2001   222.9  1944
   22.8  1910   19.9  1970   20.8  1998   18.9  1965   17.7  1897   16.9  1999   19.4  1916   20.7  1917   20.4  1924   22.8  1980   23.0  1973   23.6  2004    63.3  1910    52.8  1896    52.9  1940    62.0  1942   222.8  1902
   22.7  1968   19.9  1941   20.7  1997   18.8  1990   17.6  1909   16.8  2015   19.4  1896   20.7  1952   20.3  2004   22.7  1896   22.9  1913   23.6  1983    63.3  1905    52.8  1977    52.8  2016    62.0  1928   222.6  1917
   22.7  1956   19.8  1935   20.6  1939   18.1  1909   17.5  1973   16.8  1990   19.3  1918   20.6  1901   20.2  1970   22.6  2021   22.9  1914   23.5  1988    63.2  1998    52.8  1914    52.5  1954    61.8  1967   222.5  1921
   22.6  1952   19.8  1922   20.5  1982   18.0  1998   17.3  1943   16.7  1956   19.1  1899   20.4  1922   20.0  1952   22.2  1944   22.9  1904   23.5  1985    63.1  2002    52.3  1900    52.4  1893    61.7  1934   222.3  1970
   22.5  1957   19.7  1904   20.3  1981   18.0  1972   17.1  1932   16.7  1900   18.9  1979   20.4  1906   19.9  1944   22.2  1957   22.8  1996   23.4  1944    62.8  1902    52.0  2005    52.2  1904    61.6  2021   222.3  1992
   22.5  1926   19.6  2009   20.1  1926   17.8  1907   17.1  1907   16.6  1913   18.9  1911   20.3  1928   19.9  1955   22.1  1933   22.7  1959   23.2  1998    62.5  1956    51.3  1990    52.1  1988    61.3  2018   221.3  1930
   22.5  1918   19.5  1973   20.0  1987   17.8  1925   16.9  1967   16.4  1895   18.8  2002   20.2  1912   19.9  1929   22.1  1901   22.7  2009   23.1  1979    62.5  1915    51.3  1983    51.6  1974    61.2  1983   221.2  2009
   22.5  2000   19.4  2005   19.8  1999   17.7  1953   16.9  1938   16.4  1985   18.8  1893   20.0  1953   19.8  1965   22.0  1918   22.7  1977   23.0  1965    62.3  1949    51.2  2011    51.2  1901    61.2  2012   220.6  2011
   22.5  1932   19.2  1892   19.6  1917   17.7  1903   16.8  1910   16.3  2020   18.7  1954   19.9  1897   19.8  1992   22.0  1912   22.5  1974   23.0  1925    62.2  1899    51.0  1950    50.9  2008    61.2  1940   219.6  1951
   22.5  2014   19.0  1907   19.6  1961   17.6  1901   16.8  1964   16.3  1998   18.6  1987   19.5  1949   19.8  1900   22.0  2011   22.5  1953   22.9  1982    62.2  1984    50.9  1985    50.9  1916    61.0  1891   218.9  1891
   22.4  1930   18.9  1960   19.6  2006   17.4  2013   16.7  2014   16.1  1892   18.6  1951   19.4  1933   19.7  1964   21.9  2014   22.3  2007   22.9  1964    62.2  1901    50.8  1966    50.8  2004    60.8  1961   218.4  1999
   22.4  1988   18.6  1954   19.4  1891   17.3  2008   16.7  2019   16.0  1954   18.1  1980   19.4  1915   19.7  1979   21.9  1986   22.1  2012   22.9  1924    62.1  1924    50.6  1998    50.6  2007    60.8  2020   218.4  1894
   22.3  1945   18.6  1996   19.2  1907   17.2  1911   16.4  1969   15.9  1918   18.0  1967   19.4  1896   19.7  1981   21.8  2006   22.0  2013   22.8  1916    61.8  1994    50.4  1945    50.6  1993    60.5  2006   218.3  1988
   22.3  1989   18.4  1949   19.1  2020   17.1  1895   16.4  2013   15.7  1950   17.9  1933   19.0  2007   19.4  1920   21.8  2018   22.0  2004   22.7  1956    61.8  2018    50.0  1930    50.4  1931    60.5  1948   218.2  2008
   22.2  1902   18.4  2007   19.1  1951   16.9  1930   16.3  1891   15.5  1987   17.9  1930   19.0  2005   19.4  2017   21.7  1948   21.8  1950   22.7  1896    61.8  1990    49.8  1895    50.2  2002    60.2  1925   218.0  1949
   22.1  1934   18.2  1961   19.1  2017   16.9  2017   16.2  1962   15.5  1917   17.8  1934   18.9  2011   19.4  2019   21.7  1970   21.7  1998   22.7  1891    61.7  1975    49.8  1940    50.2  1965    59.9  2011   217.7  1974
   21.8  1909   18.2  1952   19.0  1934   16.9  1929   16.2  1927   15.5  1937   17.5  1952   18.8  1921   19.1  1905   21.6  1931   21.6  1927   22.6  1975    61.5  1983    49.6  1915    50.1  1905    59.5  1979   217.6  2000
   21.8  2016   18.2  1926   19.0  1909   16.9  1973   16.1  1965   15.5  1957   17.5  1941   18.6  1963   19.0  1943   21.5  1941   21.6  1930   22.6  1945    61.4  1968    49.6  1947    50.1  1926    59.4  1896   217.4  1986
   21.7  1986   18.1  1957   18.7  1916   16.7  1906   15.8  1970   15.3  1971   17.4  1959   18.6  1927   19.0  1995   21.2  1925   21.4  1949   22.4  1959    61.4  1988    49.5  1924    50.0  1934    59.4  1952   217.4  1920
   21.7  1936   18.1  1901   18.5  1919   16.4  1926   15.8  2021   15.2  1908   17.3  1992   18.6  1964   19.0  1911   21.2  1966   21.3  1911   22.4  1894    61.0  1993    49.4  1989    49.9  1979    59.2  1957   217.3  1929
   21.5  1893   18.1  1974   18.4  1915   16.4  1996   15.7  1929   15.1  1959   17.3  1966   18.6  1926   18.9  1988   21.1  1916   21.3  2008   22.3  1922    60.9  2004    49.4  1999    49.9  1909    59.0  1969   217.3  1919
   21.5  1919   18.0  1953   18.3  1977   16.2  1967   15.7  1949   15.1  2001   17.3  2019   18.5  1990   18.9  1962   20.9  1919   21.2  1922   22.2  2012    60.9  1955    49.3  1912    49.9  1964    59.0  2009   217.2  1895
   21.4  1908   18.0  1928   18.3  1927   16.2  1924   15.7  1905   15.0  2011   17.2  1960   18.4  1902   18.9  1963   20.9  2004   21.2  1894   22.0  1908    60.8  1951    49.1  2002    49.9  1915    58.6  1966   217.0  1908
   21.2  1891   18.0  1962   18.3  1922   16.1  1958   15.7  1900   15.0  1898   17.1  1906   18.3  1948   18.8  1940   20.8  1968   21.2  1916   21.8  2019    60.8  1946    49.1  1938    49.8  1942    58.5  1963   216.8  1912
   21.2  1907   17.9  1911   18.1  1971   16.0  1935   15.5  1930   14.9  1976   17.0  1925   18.3  1909   18.8  1961   20.8  1982   20.7  1984   21.8  1928    60.7  1953    49.0  1931    49.6  1935    58.0  1906   215.8  1948
   21.2  1939   17.8  2011   18.1  1957   16.0  2005   15.4  1996   14.9  1964   16.9  1986   18.3  1940   18.5  1898   20.8  1949   20.7  1946   21.4  1897    60.6  1927    49.0  1968    49.3  1992    58.0  1977   215.2  1994
   21.1  1951   17.8  1950   18.1  2007   15.9  2010   15.4  1914   14.8  1930   16.7  1948   18.2  2013   18.5  1990   20.8  2009   20.5  1980   21.3  1926    60.4  1950    48.6  2004    49.2  1936    57.8  1995   214.9  1909
   21.1  1915   17.5  1967   18.1  1963   15.8  1995   15.4  1903   14.7  1911   16.7  1981   18.1  1980   18.3  2016   20.6  1943   20.5  1963   21.2  1931    59.9  1939    48.5  1958    48.9  1957    57.6  1904   214.8  1910
   21.0  1948   17.4  2012   18.1  1901   15.7  1946   15.4  1948   14.7  1993   16.7  1961   17.9  1919   18.2  1930   20.5  1928   20.4  2020   21.0  1914    59.8  1962    48.3  2014    48.8  1898    57.4  2013   214.6  2007
   21.0  2012   17.2  1955   17.8  2002   15.7  1948   15.3  1944   14.6  1973   16.7  2017   17.8  2018   18.0  1986   20.4  1907   20.4  1966   20.9  1895    59.6  1960    47.9  1973    48.8  2014    57.4  1955   214.4  1932
   20.9  1943   17.1  1900   17.8  2000   15.7  1986   14.9  1953   14.6  1894   16.5  1914   17.8  2008   17.9  1937   20.2  2013   20.2  1952   20.9  1940    59.5  1893    47.5  1919    48.7  1966    57.0  1998   214.0  2014
   20.9  2018   16.7  2001   17.7  1950   15.5  1923   14.9  1971   14.6  2003   16.5  1956   17.8  1954   17.9  2005   20.2  1978   20.1  1926   20.8  1971    59.2  1911    47.5  2007    48.6  1987    57.0  1991   213.1  1935
   20.9  2003   16.7  2015   17.6  1928   15.5  1961   14.9  1952   14.5  2016   16.4  1964   17.6  1957   17.8  1921   20.0  1958   20.0  1893   20.8  1990    59.1  1976    47.4  1951    48.6  1897    56.7  1909   212.7  1957
   20.8  1899   16.7  1948   17.6  1985   15.5  2000   14.9  1912   14.5  1962   16.3  1969   17.5  1942   17.7  1902   19.6  2002   19.8  1994   20.7  1984    58.8  1912    47.4  1944    48.5  2001    56.6  1898   212.4  2019
   20.7  1895   16.6  2019   17.6  1930   15.4  1963   14.7  1893   14.5  1897   16.2  1921   17.5  1965   17.7  1928   19.5  1976   19.8  1907   20.6  1941    58.7  2008    47.2  1976    48.5  1962    56.3  1996   212.4  1897
   20.6  1905   16.5  2017   17.5  1932   15.3  1936   14.3  1999   14.5  1968   16.0  1929   17.5  2015   17.6  2007   19.5  1969   19.6  2005   20.6  1899    58.7  1935    47.0  1982    48.2  1917    56.1  1999   211.6  1961
   20.6  1969   16.5  2008   17.4  1944   15.3  1969   14.3  1954   14.5  1979   16.0  2001   17.5  1974   17.4  1999   19.3  1927   19.6  1931   20.5  1930    58.5  1914    46.8  2019    48.2  1941    56.0  1953   211.4  1901
   20.5  1978   16.5  2018   17.3  1991   15.2  1999   14.2  1974   14.4  1902   15.9  1975   17.4  1998   17.4  1994   19.3  1999   19.5  1901   20.5  1957    57.2  1919    46.8  1933    48.2  1959    56.0  1911   211.1  2012
   20.5  1904   16.4  2004   17.0  2014   15.2  1908   14.1  1987   14.1  1899   15.9  1957   17.4  2001   17.4  1938   19.3  1956   19.4  1975   20.5  1913    56.9  1930    46.4  1997    48.1  1911    55.8  1973   210.9  1914
   20.4  1979   16.4  1912   17.0  2005   15.0  1956   14.0  1968   14.0  1904   15.8  1945   17.0  2000   17.2  1973   19.2  1952   19.4  1898   20.3  1962    56.4  2009    46.3  1965    47.9  1920    55.7  1987   210.7  1956
   20.4  1903   16.3  1923   16.9  2010   14.9  2001   14.0  1940   14.0  1960   15.8  1907   17.0  2012   17.0  1966   19.2  1963   19.4  1999   20.3  1997    56.2  1936    46.1  2008    47.8  1990    55.7  1895   210.4  1915
   20.4  1924   16.2  1944   16.7  1952   14.8  2018   13.8  2020   13.9  2005   15.6  1937   16.6  1935   17.0  1977   19.1  1891   19.4  1908   20.3  1934    56.0  1944    46.0  2010    47.6  1939    55.6  1921   210.2  1985
   20.4  1967   16.0  1897   16.6  1937   14.8  1892   13.6  1982   13.7  1914   15.4  2012   16.5  1979   16.8  1953   19.1  1936   19.3  1967   20.3  1907    56.0  1909    46.0  1955    47.5  1958    55.3  1916   209.8  1966
   20.2  1965   16.0  1956   16.6  1993   14.8  1940   13.6  1918   13.6  1967   15.3  1927   16.5  1936   16.6  2000   18.9  1987   19.3  1900   20.1  1904    55.6  1965    45.9  2017    47.4  1991    55.0  1897   209.3  1980
   20.2  1942   16.0  1924   16.4  2021   14.8  1913   13.6  1993   13.6  1963   14.9  1935   16.5  1986   16.5  2010   18.8  1904   19.1  1941   20.0  2006    55.2  1948    45.9  2000    47.3  1906    54.9  1971   208.8  1981
   20.1  2002   15.8  1936   16.3  1893   14.7  1928   13.5  1947   13.5  2000   14.8  1943   16.3  1993   16.5  1969   18.7  1992   19.1  1909   19.8  1958    55.2  2021    45.6  1923    47.3  1933    54.7  1912   208.7  1911
   20.1  1998   15.5  1984   16.3  1976   14.7  1945   13.5  1981   13.4  2012   14.7  1958   16.3  1914   16.4  1903   18.7  1898   19.0  1960   19.7  1909    55.2  1954    45.6  1894    47.2  2020    54.3  1949   207.8  2005
   20.0  1959   15.2  1993   16.2  2011   14.6  1944   13.3  1997   13.1  1939   14.6  2008   16.2  2004   16.4  2003   18.6  1902   18.8  2003   19.5  1950    54.8  1928    45.6  1892    46.7  1919    54.2  1901   207.7  1946
   19.7  2019   14.9  1987   16.1  1945   14.5  2014   13.3  2010   13.0  1974   14.5  1965   16.2  2010   16.4  2020   18.4  2019   18.6  1891   19.5  2016    54.8  1904    45.4  2016    46.5  1914    53.7  2007   207.7  1953
   19.6  2011   14.9  1977   16.0  2004   14.4  1991   13.1  1917   13.0  1983   14.5  1991   16.0  1978   16.1  1945   18.3  1977   18.5  1920   19.4  1948    54.7  1942    45.1  1948    46.5  1963    53.7  1994   207.2  1962
   19.1  2009   14.7  1969   16.0  1935   14.4  1993   13.0  1983   12.9  1978   14.3  1995   15.8  2006   16.0  1991   18.3  1990   18.3  1897   19.3  1902    54.5  1938    44.9  1952    46.3  1910    53.6  1931   206.6  1940
   19.0  1971   14.7  1927   15.9  1911   14.3  1957   12.9  1942   12.8  2014   14.3  1968   15.7  1925   15.9  1904   18.0  1950   18.2  1985   19.2  1960    54.1  1933    44.9  1911    46.2  2010    53.5  2005   206.1  1982
   18.8  1896   14.6  1968   15.8  2016   14.2  2015   12.9  1989   12.8  1997   14.2  1963   15.6  1944   15.8  1922   17.9  1913   18.1  1935   19.2  2000    53.7  1896    44.8  1975    46.2  1945    53.4  1939   205.8  2016
   18.6  1935   14.4  1938   15.8  1975   14.2  1902   12.9  1933   12.5  1989   14.2  2014   15.6  1959   15.8  1967   17.9  1971   18.0  2010   19.1  1917    53.6  2019    44.8  1961    46.1  1981    53.0  1913   205.8  1983
   18.6  2021   14.2  1971   15.7  1943   14.2  1983   12.8  1941   12.5  1903   14.1  2003   15.6  2016   15.8  1895   17.8  2010   17.8  2002   19.1  1992    53.5  1897    44.7  1988    46.0  1921    52.9  1985   205.2  1973
   18.5  1925   14.0  1896   15.2  1900   14.1  1914   12.7  1992   12.5  1977   14.1  1897   15.5  1973   15.6  2006   17.8  1960   17.7  2016   19.0  2003    53.4  1913    44.6  1901    46.0  1967    52.8  1964   205.0  1942
   18.4  1954   14.0  1902   15.2  1980   14.1  1960   12.7  2004   12.4  1951   14.1  1997   15.4  1938   15.5  1914   17.7  1899   17.6  1915   19.0  1905    53.0  1980    44.6  1993    45.9  2012    52.7  1914   204.8  2006
   18.3  1953   14.0  1980   15.1  1954   14.1  1939   12.6  1972   12.1  1969   14.0  1908   15.2  1908   15.5  2009   17.4  1940   17.5  1956   18.9  1970    52.8  1921    44.6  1891    45.1  1994    52.3  2010   204.7  1995
   18.3  1960   13.9  1942   15.0  1894   13.5  2002   12.6  2000   11.9  1893   13.9  2004   14.8  1900   15.4  2021   17.3  2012   17.5  1964   18.7  1935    52.7  1961    44.4  1971    45.1  1989    52.2  2019   204.6  1939
   18.1  1955   13.8  1982   15.0  1962   13.4  1941   12.2  1991   11.8  1953   13.7  1999   14.5  1969   15.4  2008   17.1  1894   17.4  1962   18.4  2001    52.5  1941    44.3  1959    44.9  1944    52.2  1956   203.7  1958
   18.1  1977   13.7  2010   14.8  1910   13.3  1952   11.9  1985   11.7  1942   13.5  1910   14.5  1987   15.4  1956   16.8  1988   17.4  1892   18.2  1953    52.4  1987    44.3  2021    44.8  2011    52.2  1975   202.0  1965
   17.8  1914   13.6  1966   14.8  1949   13.2  1955   11.8  1998   11.6  1984   13.5  1996   14.5  1911   15.3  2001   16.7  1953   17.3  1936   18.0  1938    52.2  1970    44.0  1928    44.4  1908    52.1  1990   202.0  1936
   17.8  1912   13.5  1978   14.5  1904   13.1  1897   11.8  1911   11.6  2007   13.4  1904   14.4  1967   15.2  2013   16.6  2003   17.2  1961   17.9  1939    52.1  2017    44.0  1991    44.4  1972    52.0  1902   201.2  1945
   17.4  2013   13.3  1913   14.4  2018   13.0  1976   11.7  1899   11.4  1996   13.1  1892   14.4  1932   14.4  1997   16.6  1993   16.9  1895   17.8  1932    52.0  1971    43.7  1962    43.6  1937    51.9  2003   200.5  1993
   17.4  1946   13.0  1981   14.0  1948   12.9  1982   11.7  1928   11.4  1910   13.0  1898   14.2  1920   14.4  1960   16.6  1991   16.6  1976   17.7  2007    51.9  1973    43.7  1939    43.2  1932    51.9  1988   200.4  2002
   17.3  1950   12.9  1899   14.0  1933   12.5  1962   11.6  1936   11.3  1949   12.9  1901   14.2  1996   14.4  1915   16.5  1994   16.4  1925   17.7  2008    51.8  2011    43.5  1957    42.9  1969    51.8  1907   200.0  1989
   17.3  1911   12.9  2006   13.9  1984   12.4  2009   11.6  2012   11.3  2009   12.9  1978   14.1  1994   14.2  1936   16.1  2005   16.2  1948   17.5  1969    51.7  1895    43.5  2012    42.6  1973    51.8  1962   199.2  1978
   17.2  2010   12.9  1934   13.8  1947   12.4  1997   11.1  1957   11.2  2013   12.8  1947   14.0  1916   14.1  1976   15.8  1979   16.2  1965   17.5  1947    51.5  1932    43.4  1964    42.4  1949    51.6  1908   196.7  2001
   16.7  1901   12.9  1891   13.5  1973   12.3  1893   11.1  1937   11.0  1921   12.7  1926   13.8  1991   14.0  1951   15.7  1911   16.1  1957   17.4  1892    51.5  2013    43.3  1893    42.2  1970    51.3  1941   196.0  1969
   16.5  1982   12.8  1976   13.5  2001   12.3  1954   10.6  1950   11.0  1936   12.5  2018   13.7  1972   14.0  1989   15.7  1959   16.1  1988   17.3  2018    51.0  1959    43.2  1987    42.2  1899    51.2  1951   195.9  2013
   16.2  1972   12.4  1965   13.5  1959   12.2  1968   10.6  2016   11.0  2006   12.5  1973   13.4  1970   13.3  1909   15.6  1973   16.1  1987   17.3  2021    50.1  1986    43.1  1972    42.1  1925    51.2  1960   193.7  2018
   16.1  2017   12.1  1909   13.3  1936   12.2  1989   10.5  2001   10.9  1934   12.4  1990   13.1  1966   13.2  1971   15.6  1947   16.0  2018   17.3  1946    50.0  1969    42.9  2013    41.9  2005    50.8  1922   193.3  1959
   15.9  1980   12.1  1972   13.3  1946   12.2  1984   10.4  1977   10.9  1955   12.2  2006   13.1  1939   13.0  1916   15.5  1964   15.9  1997   17.1  2009    50.0  1977    42.7  2003    41.8  1978    50.6  1936   193.2  1977
   15.7  1973   12.1  2021   13.2  1958   12.0  2021   10.1  1959   10.9  1958   12.1  1912   12.9  1971   12.6  1901   15.5  1962   15.9  1995   17.0  1976    49.5  1978    42.6  2020    41.5  1986    50.3  1976   192.2  1913
   15.4  1917   11.9  2013   12.9  1941   11.7  1912   10.0  2018   10.8  1975   12.1  1976   12.6  1937   12.5  1998   15.5  1897   15.9  1896   16.8  1961    49.2  1997    42.1  1956    40.8  2013    50.1  1924   192.1  1971
   15.3  1913   11.6  1921   12.9  1955   11.4  1988    9.9  1895   10.7  1920   12.1  1917   12.4  1981   12.4  1931   15.3  1924   15.7  1902   16.8  1972    49.2  1972    41.6  1954    40.6  1999    50.0  1965   191.6  1964
   15.2  1961   11.4  1991   12.5  1972   11.3  1921    9.9  2017   10.2  1891   11.9  1944   12.3  1997   12.3  1958   15.3  1997   15.4  1932   16.1  2005    49.0  1917    41.6  1981    40.2  2003    48.2  1989   191.3  1975
   15.2  1933   11.3  1959   11.9  2003   11.3  1971    9.8  1961   10.0  1933   11.7  1949   12.1  1975   12.2  1939   15.2  1939   15.4  1990   15.6  1978    48.1  1992    41.3  1978    40.0  1968    48.2  1946   191.3  1960
   15.2  1991   11.1  1919   11.6  1942   11.1  2011    9.8  1915    9.9  1909   11.5  1972   11.5  2021   12.2  1913   15.0  1945   15.4  2014   15.5  1977    48.1  2001    41.2  1969    39.2  1996    47.4  1910   190.9  1941
   14.8  1897   11.0  1994   11.3  1965   10.6  1942    9.7  1988    9.9  1906   11.4  2013   11.5  2003   12.1  1949   14.4  1937   15.3  1918   15.4  1991    47.9  2010    41.1  1953    39.2  1997    47.4  2014   190.4  1984
   14.7  1970   10.9  1983   11.1  1931   10.4  2007    9.1  1939    9.8  1940   11.3  1994   11.3  2020   12.0  1968   14.3  1914   15.2  1934   15.2  1987    47.3  1991    40.6  1996    38.9  2006    47.2  1959   190.4  1991
   14.5  1947   10.9  1917   11.1  1892   10.1  1980    9.0  1901    9.4  1925   10.9  2011   11.3  1968   11.6  1907   13.9  2007   15.0  1942   15.1  1920    47.3  1966    40.3  1936    38.9  2000    46.9  1937   189.9  2010
   13.5  1985   10.3  1940   11.0  1924   10.0  1938    8.8  1990    9.3  1995   10.8  1962   11.1  1931   10.8  1906   13.9  1965   15.0  2011   15.0  1937    45.5  1934    39.6  1935    38.8  1971    46.4  1920   189.4  1987
   13.3  2006    9.7  1929   10.8  2012   10.0  1937    8.8  1978    8.8  1992   10.8  1977   10.7  2002   10.8  1993   13.8  1922   14.6  1937   14.7  1968    44.9  1979    39.2  2018    38.8  1975    46.4  2002   188.5  1937
   13.1  1964    9.5  1964   10.6  1918    9.7  2020    8.4  1975    8.8  1905   10.7  1971   10.7  1977   10.7  1910   13.6  1910   14.5  2019   14.7  1943    44.4  1982    39.2  1941    38.6  2018    46.3  2016   186.7  1955
   12.9  1929    9.4  2003   10.0  1974    9.6  1918    8.3  1946    8.4  1970   10.6  1989   10.7  1945   10.6  1941   13.1  1951   14.4  1924   14.6  1903    44.4  1929    38.9  2001    38.2  1982    45.9  1894   186.3  1997
   12.3  1992    8.9  1979    9.5  1969    9.5  2003    7.8  1896    8.4  2010    9.9  1982   10.0  1999   10.1  2014   12.6  2015   14.1  1955   14.5  1996    42.4  2006    38.3  1929    33.9  1977    45.6  1997   186.1  1963
   12.2  2001    8.6  1895    9.2  1956    9.5  1978    7.8  1919    8.2  2018    9.8  1984    9.4  1983    9.9  2015   12.4  1985   14.0  1933   14.4  2010    41.6  1985    37.7  1937    33.9  1913    45.6  2015   185.5  1947
   11.8  1996    7.8  1932    9.1  2013    9.3  1894    7.7  1960    8.2  2021    9.1  2005    9.4  1913    9.3  1912   11.8  1915   13.8  1983   14.1  1981    40.3  2003    37.4  1946    33.9  1947    44.2  1958   185.0  1933
   11.7  1987    7.5  1985    9.1  1923    9.1  1987    7.7  1935    8.1  1915    8.9  2021    8.9  1899    9.0  2002   11.4  1908   12.6  1921   13.0  1963    39.9  1940    35.2  1942    32.4  1995    44.1  1933   184.5  1968
   11.7  1941    7.0  1975    8.8  1996    9.0  1966    7.4  1994    8.1  1986    8.6  1983    8.7  1995    9.0  1972   11.3  1975   11.9  1958   10.8  1989    39.6  1996    33.8  1918    31.7  1976    43.8  1915   184.1  2003
   11.6  1940    6.8  1947    8.4  1953    8.8  1891    6.8  1984    7.4  1932    8.3  2000    8.6  1984    8.9  1996   10.8  1972   11.0  1989   10.5  1933    38.6  1947    32.8  1984    31.1  1983    43.5  1968   182.7  1976
   10.7  1966    6.7  1930    7.7  1960    7.9  1981    6.7  1951    7.1  1941    7.9  1913    8.3  1955    8.8  1959   10.4  2016   10.6  1968   10.0  2002    35.7  1964    31.7  1980    30.0  1984    43.4  1972   182.5  2021
   10.4  1997    4.9  1986    6.8  1964    7.5  2019    6.5  1980    6.2  1988    6.9  1919    4.6  1976    8.0  1933    8.5  1920   10.4  1993    9.3  1995    34.6  1963    29.5  1960    28.6  2021    38.2  1945   180.9  1996
   10.1  1963    4.2  1963    5.7  1929    2.3  1974    4.5  2008    5.7  1982    5.0  1955    1.8  1947    7.6  1894    4.9  1946    7.1  1945    8.4  1927     ---  1891    26.5  1974    24.2  1955    37.8  1993   176.0  1972