Areal values from HadUK-Grid 1km gridded climate data from land surface network
Source: Met Office National Climate Information Centre
Monthly, seasonal and annual number of days in the month with precipitation amount >= 1mm for Scotland
Areal series, starting in 1891
Last updated 01-Jan-2022 11:00
    jan  year    feb  year    mar  year    apr  year    may  year    jun  year    jul  year    aug  year    sep  year    oct  year    nov  year    dec  year     win  year     spr  year     sum  year     aut  year     ann  year
   27.8  1928   23.9  1990   26.2  1903   22.0  1904   22.8  1906   24.1  1907   23.8  1988   24.9  1985   25.0  1950   27.2  1903   24.7  1939   26.6  1900    69.4  2014    57.3  1920    62.6  1907    68.5  1954   232.3  1903
   25.2  1900   23.1  2002   25.1  1994   21.5  1899   22.4  1925   21.9  1912   23.1  1953   24.8  1903   23.5  1899   25.3  1917   23.5  1951   25.9  1929    67.6  1894    56.7  1925    60.6  1946    66.0  1923   228.2  1923
   24.7  1921   23.1  2020   24.4  1897   21.1  1927   22.4  1924   20.5  2002   22.9  1940   23.8  1891   22.7  1954   25.2  1932   23.3  1938   25.6  1974    67.5  1916    55.6  1986    60.6  1985    64.7  1938   225.4  1900
   24.6  1993   22.8  2000   24.1  1905   20.2  1977   21.7  1986   20.2  1927   22.7  1924   23.7  1907   22.1  1918   24.7  1935   23.2  1992   25.4  2015    66.0  1995    55.5  1905    59.9  1924    64.4  1917   220.2  1928
   24.6  2008   22.5  1894   24.0  1921   20.1  1947   21.4  2011   20.0  1928   22.2  1920   23.2  1895   21.5  1980   24.7  1923   22.6  1970   25.3  2011    65.9  2016    55.4  1903    56.5  1928    64.2  1935   216.8  1916
   24.6  1975   22.3  1925   22.9  1992   19.9  1932   20.9  2003   19.6  1946   22.1  1931   22.8  1923   21.4  1946   24.4  1967   22.5  1959   25.0  1911    65.2  1937    55.4  1979    56.3  1903    63.7  1903   215.8  1906
   24.4  1990   22.3  2014   22.5  1913   19.8  1934   20.6  1902   18.9  2004   21.3  1900   22.6  1930   21.4  1927   24.3  1930   22.4  2015   25.0  1898    64.7  1922    55.3  1902    55.8  1895    63.0  2000   214.0  1954
   23.9  1983   22.2  1997   22.4  1967   19.4  1950   19.9  1894   18.8  1938   21.2  2015   22.4  1992   21.2  1974   24.3  1938   22.4  1940   24.5  1912    64.7  1920    54.7  1967    55.7  1927    61.7  1984   213.5  1905
   23.7  1994   21.6  1918   22.3  1914   19.0  1985   19.3  1945   18.7  1991   21.1  1936   22.4  1943   21.1  1891   23.8  1983   22.4  1929   24.5  1949    64.3  2000    54.7  1904    55.7  1923    61.5  1982   212.2  1927
   23.4  2016   21.6  1910   22.3  1912   19.0  2012   19.3  1967   18.7  1947   21.0  1915   22.0  1904   21.1  1923   23.5  1954   22.4  1954   24.5  1966    63.7  2020    54.1  1913    55.5  2017    61.3  1950   211.8  1938
   23.3  2004   21.5  1931   21.8  1983   18.8  1910   18.9  2015   18.6  1935   20.6  1950   22.0  1941   20.9  2011   23.4  1906   22.3  1986   24.2  1915    61.4  1923    53.5  1934    55.1  1950    60.9  1900   210.3  1904
   23.3  2007   21.0  1989   21.7  1989   18.7  1959   18.9  1963   18.5  1945   20.5  1932   21.7  1960   20.6  1896   23.3  1934   22.2  2000   24.1  1919    61.3  1931    53.5  1906    53.8  1922    60.9  1981   209.7  1926
   23.2  2014   21.0  1903   21.6  2008   18.7  1949   18.7  1916   18.4  1896   20.3  1939   21.6  1929   20.6  1908   23.2  1929   22.1  1944   24.0  1986    60.9  1999    52.6  2006    53.6  1960    60.7  2017   209.6  1907
   23.0  1916   20.8  1937   21.4  1978   18.4  1920   18.7  1926   18.4  1972   20.3  1985   21.5  1924   20.5  1978   23.1  1900   22.0  2009   23.8  1959    60.7  1900    52.5  1992    52.9  1930    60.2  1974   209.6  1950
   23.0  1974   20.5  1995   21.1  1896   18.3  1992   18.6  1920   18.3  1948   20.2  2009   21.4  2009   20.3  1934   23.0  2001   21.8  1928   23.8  2013    60.6  1926    52.4  1963    52.9  1900    60.1  1970   208.9  2011
   23.0  1938   20.3  1945   21.0  1902   18.2  1900   18.2  1979   18.2  2017   20.2  1946   21.3  1951   20.2  1982   22.9  2020   21.6  1913   23.5  1901    60.5  1974    52.4  1927    52.8  2009    59.7  1980   208.1  1898
   22.9  1995   20.3  1914   20.7  1988   18.2  1905   18.1  1976   18.1  1919   19.9  2016   21.1  1910   19.9  1985   22.9  2000   21.5  1979   23.4  1954    60.3  1925    52.2  1947    52.7  1912    59.4  1944   206.8  1967
   22.8  1922   20.3  1916   20.5  1995   18.0  1898   18.1  1892   17.9  1931   19.9  1922   21.1  1962   19.8  1935   22.8  1996   21.4  1914   23.4  1999    60.2  1943    52.0  1899    52.6  1943    59.4  1930   206.3  1934
   22.8  1920   19.9  1939   20.2  1920   18.0  1975   18.0  2006   17.5  1980   19.8  1903   21.1  1892   19.8  2018   22.6  2021   21.3  1905   23.2  1893    59.1  1945    51.9  1916    52.4  1953    59.3  1929   206.2  1924
   22.7  1937   19.7  1915   20.2  1979   17.9  2004   18.0  1904   17.1  1944   19.8  2010   21.1  1917   19.8  1975   22.4  1942   21.3  1982   23.2  1993    59.0  1903    51.6  1897    52.2  1938    59.1  1932   205.9  1998
   22.7  1927   19.6  1898   20.0  1895   17.7  1964   17.8  2002   17.1  1966   19.6  1960   20.8  1946   19.7  1948   22.2  1961   21.2  1906   23.2  1980    58.9  1967    51.2  1932    52.2  1896    58.7  2011   205.8  1931
   22.7  1926   19.6  1908   19.7  2019   17.6  1931   17.6  2007   16.9  1994   19.5  1923   20.8  1956   19.7  1932   22.1  2008   21.2  1919   22.7  1923    58.8  1994    51.2  1983    52.2  1929    58.6  1899   205.7  2004
   22.6  1948   19.4  1922   19.6  1986   17.6  1915   17.6  1921   16.9  1943   19.3  1909   20.8  1905   19.7  1984   22.1  1909   21.2  1991   22.7  1910    58.6  2007    50.8  1921    52.2  2015    58.5  1905   205.6  2015
   22.6  2015   19.3  1905   19.6  1939   17.5  1925   17.5  1969   16.7  1965   19.3  1895   20.6  2019   19.6  1925   22.0  2011   21.1  1947   22.7  2020    58.6  1912    50.6  1926    52.1  2019    58.4  1927   205.4  2017
   22.6  1984   19.2  2011   19.6  1908   17.5  1970   17.3  2005   16.7  2020   19.2  1970   20.5  1988   19.5  1893   22.0  1916   21.0  2006   22.6  1994    58.5  1910    50.5  1898    52.0  1948    58.3  1928   204.6  1943
   22.5  1906   19.2  1923   19.6  1990   17.5  1994   17.3  1958   16.6  1900   19.1  2020   20.5  1950   19.5  1942   22.0  1995   21.0  1931   22.5  1921    58.5  1960    50.3  1908    52.0  1956    57.9  1892   204.0  2008
   22.5  1923   19.1  1935   19.5  1940   17.4  1951   17.3  2009   16.6  1926   19.0  1938   20.2  1906   19.5  1983   21.9  1984   20.9  1974   22.4  1934    58.4  1915    49.0  1909    51.4  1954    57.8  2006   204.0  2020
   22.2  1962   19.0  1904   19.0  1966   17.3  1998   17.3  1908   16.5  1990   18.8  1998   20.1  1897   19.4  1892   21.8  2017   20.9  1963   22.4  1918    58.3  1984    48.9  1914    51.1  2002    57.6  1992   203.5  2014
   22.1  1930   18.9  1999   18.9  1981   17.2  1943   17.2  1923   16.4  2019   18.7  1942   20.1  1989   19.3  1992   21.8  1892   20.9  1981   22.3  1951    58.3  1990    48.9  2015    50.9  1894    57.1  1893   203.4  1925
   22.0  1894   18.9  1988   18.7  1928   17.0  2008   17.2  1955   16.2  1929   18.6  1974   20.0  2017   19.0  1970   21.8  1907   20.8  1946   22.2  1956    58.3  1939    48.7  1907    50.9  1931    57.0  2001   203.1  1922
   21.8  1988   18.8  1893   18.6  1977   17.0  1979   17.1  1907   16.2  1952   18.4  2002   20.0  1982   18.8  1924   21.7  1981   20.7  1953   22.1  1942    58.0  1957    48.7  1995    50.7  1891    56.9  2004   203.0  2009
   21.7  1999   18.6  1958   18.5  1963   17.0  1919   17.1  1931   16.1  2008   18.2  2007   19.9  1928   18.6  2012   21.6  1901   20.6  1903   21.9  1896    58.0  1899    48.6  1994    50.5  2008    56.9  1891   202.8  1990
   21.5  1944   18.5  1998   18.4  2006   16.8  1965   16.7  1966   15.9  1922   18.2  1902   19.8  1958   18.6  1917   21.4  1998   20.6  1900   21.8  1965    58.0  1975    48.5  1977    50.4  2012    56.9  1967   202.5  1920
   21.2  1981   18.4  1992   18.3  1957   16.7  1916   16.6  1913   15.9  1998   18.1  1891   19.8  2014   18.6  2017   21.3  2014   20.5  1899   21.7  1985    57.9  1898    48.2  1970    50.4  1998    56.8  1918   202.3  1948
   21.2  1931   18.4  1941   18.0  1982   16.7  1996   16.3  2014   15.8  1999   18.1  1918   19.7  1927   18.5  1961   21.1  1989   20.5  1917   21.6  1955    57.8  1901    47.2  2005    50.2  1918    56.3  1926   201.7  2000
   21.1  1892   18.3  1951   18.0  2009   16.6  1909   16.3  1938   15.8  1916   17.6  1993   19.6  2008   18.5  1962   21.1  1893   20.4  1949   21.6  1936    57.8  1892    47.2  2009    50.0  1988    55.9  1934   201.3  1918
   20.8  1986   18.1  1926   17.8  2015   16.6  2016   16.2  1973   15.8  1954   17.5  1894   19.6  1918   18.4  1897   20.9  1928   20.3  1911   21.4  1916    57.7  1918    46.7  2002    49.8  1980    55.7  2018   201.2  1930
   20.7  1899   18.0  1906   17.8  1899   16.3  1901   16.1  1995   15.8  1897   17.4  1916   19.4  1894   18.3  2004   20.6  2006   20.3  1977   21.4  1924    57.7  2015    46.6  1910    49.4  1952    55.7  1961   200.4  1912
   20.7  1934   17.9  1920   17.8  1987   16.2  1961   16.0  1934   15.7  1924   17.4  1905   19.2  1961   18.3  1987   20.5  1918   20.3  2017   21.3  1952    57.5  1989    46.5  1966    49.3  1904    55.6  1978   200.4  1992
   20.6  1976   17.8  1960   17.8  1927   16.1  1917   15.9  1932   15.7  1892   17.3  2012   19.2  1893   18.3  1981   20.5  1921   20.2  1923   21.3  2014    57.5  2012    46.4  2014    49.0  2016    55.5  1963   200.3  1974
   20.5  2005   17.8  1943   17.7  1909   16.1  2006   15.8  1898   15.7  2011   17.3  1954   19.0  1912   18.3  1965   20.4  2004   20.1  1916   21.3  1983    57.4  1906    46.1  1949    49.0  2004    55.3  2020   200.1  1902
   20.5  2020   17.8  1933   17.7  1934   16.1  1972   15.8  1943   15.5  1913   17.3  1896   18.9  1898   18.1  1947   20.2  1905   20.1  1984   21.1  1906    57.1  1950    45.8  1940    48.9  2020    55.2  1943   200.0  1979
   20.4  1919   17.3  1950   17.6  1997   15.8  1896   15.7  2021   15.5  1987   17.3  2017   18.8  1963   18.0  2019   20.0  1976   20.0  1998   20.8  2012    57.0  2002    45.6  1943    48.9  1902    55.1  2012   199.4  1899
   20.3  1957   17.1  2016   17.6  1968   15.7  1922   15.7  1983   15.4  1985   17.3  1933   18.7  1921   18.0  2000   20.0  2013   20.0  1960   20.6  1891    56.8  1908    45.4  1985    48.7  1897    55.1  1979   199.4  1894
   20.2  1936   17.0  1974   17.4  2017   15.6  1933   15.6  1947   15.4  1981   17.0  1930   18.7  1934   17.9  1926   20.0  1982   19.9  2002   20.5  1973    56.6  2005    45.2  1917    48.7  1958    55.1  2021   199.3  1988
   20.2  1949   17.0  1954   17.4  1951   15.6  1953   15.3  1965   15.3  1901   16.7  1893   18.7  1948   17.9  1944   19.9  1895   19.9  2001   20.4  1914    56.5  1998    45.0  1945    48.6  1951    55.0  2008   198.9  1999
   20.2  1943   17.0  1946   17.3  1970   15.4  1935   15.2  1910   15.3  1956   16.6  1928   18.7  1901   17.8  1999   19.6  1948   19.8  2012   20.3  1998    56.3  1935    45.0  1999    48.0  1892    54.9  1940   198.6  1944
   20.2  1969   16.9  2007   17.3  1906   15.4  1911   15.2  1964   15.2  2012   16.5  1934   18.3  1954   17.8  1955   19.6  1912   19.7  1969   20.2  2004    55.9  1949    45.0  1922    47.7  1963    54.6  1906   198.6  1951
   20.2  1951   16.9  1961   17.0  1938   15.4  1990   15.2  1981   14.7  1963   16.5  1979   18.0  1953   17.8  1957   19.5  1980   19.6  1926   20.1  2019    55.8  1958    45.0  1894    47.6  2007    54.2  1919   198.6  1910
   19.9  1932   16.9  1949   16.8  1998   15.2  1926   14.9  2013   14.6  2016   16.3  1967   18.0  1922   17.7  1919   19.5  1944   19.6  1935   20.1  1982    55.7  1981    44.7  1931    47.0  1910    53.9  1948   198.3  2002
   19.9  1903   16.8  1996   16.7  1925   15.0  1913   14.9  1972   14.5  1959   16.3  1906   18.0  2011   17.6  1964   19.4  1896   19.6  1996   20.0  1945    55.3  2008    44.7  1990    46.9  1961    53.7  1977   198.1  1893
   19.9  1910   16.6  1928   16.7  1898   15.0  1963   14.7  1897   14.3  2015   16.3  1899   18.0  1942   17.6  2016   19.2  1968   19.5  1927   20.0  1944    55.2  1988    44.6  1998    46.8  1916    53.7  2009   197.8  1896
   19.8  1918   16.6  1970   16.7  1926   15.0  1907   14.6  2019   14.1  1997   16.1  1951   17.9  1952   17.2  1900   19.1  1949   19.4  1978   19.9  1979    55.1  1924    44.4  1976    46.7  1974    53.6  1998   197.6  1908
   19.8  1904   16.6  1911   16.6  1907   15.0  2013   14.6  1909   14.0  1950   16.0  1958   17.9  2012   17.1  1938   19.1  1960   19.3  2007   19.9  1925    55.1  1952    44.4  1989    46.3  1965    53.4  1983   197.4  2012
   19.6  1956   16.6  1967   16.5  1947   14.9  1903   14.6  1929   14.0  1894   15.9  1941   17.6  2018   17.0  1943   19.0  1943   19.3  1910   19.8  1984    55.0  1905    44.3  2011    46.2  1906    53.3  1896   197.3  1994
   19.5  2018   16.3  2017   16.5  1980   14.8  2005   14.5  1891   14.0  1937   15.9  1937   17.5  1957   17.0  1905   18.7  1926   19.2  1943   19.8  1922    54.9  2021    44.3  1950    46.1  1905    53.3  1916   196.6  1970
   19.5  1958   16.1  1892   16.5  1916   14.8  1923   14.5  1949   13.9  1961   15.9  1956   17.2  2000   17.0  1995   18.7  2009   19.2  1930   19.7  1908    54.8  1904    44.3  1924    46.1  1936    53.0  1995   195.9  1892
   19.3  1924   16.0  1900   16.4  1891   14.7  2018   14.4  1999   13.9  2001   15.8  1927   17.1  1990   16.8  1988   18.7  2002   19.1  1972   19.6  1964    54.8  1951    44.2  1965    46.1  1942    53.0  1960   195.8  1986
   19.3  1942   15.9  1966   16.3  1917   14.7  1940   14.4  1944   13.8  1902   15.8  1987   17.1  1915   16.6  1920   18.7  1986   19.0  2010   19.6  1928    54.5  1956    43.9  2008    46.1  1909    52.7  1947   194.8  1897
   19.1  1952   15.8  2005   16.3  1999   14.6  1993   14.3  1996   13.7  1898   15.7  1911   17.1  1964   16.5  1963   18.7  1941   18.9  1971   19.6  1907    54.2  1911    43.8  1972    45.8  1893    52.4  1986   194.7  1935
   19.1  1939   15.8  1912   16.1  2014   14.6  2001   14.3  1900   13.7  2007   15.7  1980   16.9  1902   16.4  1979   18.7  1957   18.8  1994   19.6  1897    54.1  1902    43.8  1900    45.7  1926    52.1  1942   194.5  1949
   19.0  2002   15.5  1948   16.0  2002   14.4  1895   14.3  1903   13.6  2003   15.6  1992   16.7  1926   16.3  2006   18.6  1990   18.8  1950   19.5  1899    54.0  1955    43.3  1912    45.7  1920    51.5  1987   194.5  1891
   19.0  1909   15.5  1957   15.9  1901   14.4  2000   14.2  1962   13.6  1971   15.3  1957   16.7  2015   16.2  1967   18.4  1987   18.7  1904   19.5  1894    53.9  1930    43.3  2004    45.6  1915    51.2  1966   194.3  1921
   18.8  1968   15.5  1962   15.8  1976   14.3  1999   14.1  1922   13.5  2005   15.3  1952   16.6  2004   16.1  1953   18.4  1970   18.7  1980   19.5  1997    53.8  1946    43.1  1968    45.6  1934    51.1  1901   193.3  1966
   18.8  1978   15.4  1977   15.7  1930   14.3  1986   14.0  1954   13.3  1930   15.3  1981   16.6  1980   16.1  2010   18.3  1933   18.6  1941   19.4  1895    53.7  2018    43.1  1933    45.6  1992    51.1  2010   193.0  1901
   18.8  1898   15.4  1973   15.7  1985   14.1  1924   13.8  1914   13.3  1923   15.2  2019   16.5  1909   16.0  1977   18.3  1952   18.5  2003   19.4  1958    53.7  1913    43.0  1993    45.4  1987    51.0  1999   192.9  1914
   18.8  1945   15.2  2018   15.6  2020   14.0  1930   13.8  1956   13.3  1895   15.0  2001   16.5  1896   15.9  1903   18.2  1891   18.4  2020   19.3  1938    53.6  1928    42.9  1896    45.4  1957    51.0  1953   192.6  1917
   18.7  2003   15.1  1907   15.6  1991   14.0  2014   13.8  1968   13.3  1964   15.0  1948   16.5  2005   15.9  1898   18.2  1974   18.4  1894   19.0  2017    53.3  1914    42.7  1951    45.3  1901    50.8  1898   192.5  2019
   18.7  1902   15.0  1955   15.5  1919   13.9  1948   13.6  1933   13.1  1908   14.9  1975   16.4  1933   15.9  1945   18.1  1955   18.3  1912   18.8  1948    53.3  1983    42.6  2019    45.2  2011    50.5  1949   192.5  1985
   18.5  1998   14.7  2009   15.4  1932   13.9  1960   13.5  1927   13.0  1904   14.8  2008   16.3  1979   15.9  2005   18.1  1963   18.3  2018   18.7  1988    53.0  1948    42.3  1930    45.2  1940    50.5  1925   192.5  1946
   18.4  1972   14.7  1980   15.3  1922   13.8  1902   13.5  1974   12.9  2000   14.8  1907   16.3  1949   15.9  1940   18.1  1966   18.2  2021   18.6  1930    52.9  1927    42.1  1895    45.2  1979    50.3  2013   192.3  1929
   18.3  1893   14.7  2008   15.2  2007   13.7  1944   13.4  1970   12.8  1917   14.6  1925   16.2  2001   15.9  1930   17.9  1925   18.2  2004   18.6  1967    52.7  2004    42.1  1923    45.2  1935    50.2  1939   192.1  1932
   18.2  1915   14.5  1984   15.2  1993   13.6  1983   13.4  1971   12.8  1958   14.5  1921   16.2  1974   15.8  1937   17.7  1931   18.1  1966   18.5  1940    52.4  1907    42.1  1958    45.2  2001    50.1  2005   191.4  1960
   18.2  2000   14.5  1897   15.1  1971   13.5  1973   13.3  1953   12.6  1918   14.4  1959   16.0  1978   15.5  1928   17.6  2018   17.8  2008   18.5  1904    52.3  1962    42.0  1988    44.8  2014    50.0  1996   191.3  1980
   18.2  2012   14.4  1936   15.1  2005   13.5  1908   13.3  1948   12.6  1957   14.4  2003   15.7  1998   15.5  1956   17.5  1898   17.8  1973   18.4  2006    52.2  1919    42.0  1901    44.6  1990    49.9  1952   191.0  1895
   18.0  1895   14.2  2021   15.1  1915   13.4  1929   13.2  1905   12.5  1976   14.4  1929   15.7  1925   15.5  1952   17.5  1988   17.6  1908   18.3  1960    51.9  1893    41.7  1964    44.5  1941    49.7  1957   190.5  1952
   18.0  2021   14.2  1972   15.0  2018   13.3  1906   13.2  1997   12.4  1911   14.4  1910   15.7  2007   15.3  1902   17.5  1977   17.6  1997   18.3  2000    51.4  1993    41.5  1928    44.3  1966    49.6  1976   190.1  1957
   17.9  2009   14.2  2001   14.9  2000   13.3  1991   13.2  1993   12.4  1993   14.3  1914   15.6  1965   15.2  1990   17.5  1950   17.6  1891   18.3  1931    50.9  1936    41.5  1957    44.2  1939    49.4  1969   189.9  1909
   17.9  1967   14.0  2012   14.7  1937   13.2  1939   13.0  1893   12.4  1979   14.3  1904   15.6  2010   15.1  2008   17.4  1927   17.4  1895   18.2  1902    50.8  1938    41.5  1915    44.2  1991    49.4  1991   189.6  1961
   17.9  1989   14.0  1901   14.7  1904   13.1  2010   13.0  1918   12.3  1969   14.3  1963   15.5  1919   15.0  1966   17.2  1979   17.4  2005   18.1  1932    50.7  1961    41.4  2000    44.1  1964    49.4  2019   188.7  2007
   17.9  1891   14.0  1944   14.6  1950   13.0  1928   12.9  1942   12.3  1960   14.2  1945   15.2  1914   15.0  1994   17.1  1958   17.3  1898   18.1  1962    50.5  1954    41.4  1959    44.0  1993    49.3  1908   188.5  2016
   17.7  1912   13.9  1927   14.4  1961   13.0  1941   12.8  1917   12.2  1962   14.2  1986   15.1  2013   14.9  1922   16.9  2005   16.9  2013   18.0  1978    50.2  1968    41.2  1939    44.0  1917    49.2  1931   188.1  1939
   17.7  2013   13.8  2015   14.3  2021   12.9  1967   12.8  1899   12.2  1939   14.0  1966   15.0  1900   14.4  1976   16.8  1936   16.9  1907   17.9  1990    50.0  1921    40.7  1981    44.0  1944    49.1  1904   188.1  1919
   17.7  1908   13.7  1982   14.2  1911   12.9  2002   12.6  1930   12.1  1968   14.0  1991   14.9  1986   14.4  1904   16.8  2019   16.8  1892   17.7  1957    49.7  1897    40.7  1919    43.5  1898    49.1  1994   187.9  1982
   17.5  1965   13.7  1952   14.1  2004   12.9  1969   12.5  1912   12.0  1967   14.0  1965   14.9  1973   14.4  1968   16.7  2012   16.7  1999   17.5  2021    49.7  1933    40.6  2007    43.5  1962    49.0  1909   187.5  1958
   17.2  1971   13.6  1978   14.0  2016   12.8  1989   12.3  1982   12.0  1973   13.9  1908   14.7  1940   14.3  2021   16.5  1940   16.6  2014   17.4  1913    49.6  1980    40.6  2013    43.5  1933    49.0  1913   187.4  1940
   17.2  1901   13.6  1953   14.0  1936   12.8  1958   12.2  2000   11.9  1974   13.8  1997   14.5  2006   14.2  1911   16.5  1902   16.6  1936   17.3  1953    49.2  2013    40.5  1997    42.9  2010    48.5  1895   187.3  2005
   17.2  1905   13.2  2019   13.8  2010   12.7  1914   12.1  1987   11.7  1983   13.8  1969   14.4  1936   14.1  1901   16.5  1999   16.5  1893   17.3  1946    49.2  1953    40.3  1973    42.6  1945    48.5  1955   187.1  1956
   17.1  1913   13.2  1956   13.8  1933   12.6  1945   12.0  1941   11.7  1903   13.7  1961   14.4  1938   14.1  2003   16.2  1913   16.4  1920   17.0  1909    49.1  1970    40.3  1982    42.5  1937    48.2  1924   186.8  2006
   17.1  1979   13.1  1924   13.8  1954   12.5  1897   12.0  1952   11.7  1899   13.7  1964   14.4  2016   14.1  2001   16.0  1904   16.3  1975   16.9  1905    48.7  1944    40.1  2016    42.2  1967    48.1  1911   186.6  1942
   16.8  1946   13.0  2004   13.7  1952   12.3  1894   11.7  2010   11.5  1910   13.7  1947   14.1  1944   13.9  2020   16.0  2010   16.3  1967   16.8  1920    48.6  1966    40.1  2003    41.7  1921    47.9  1988   186.5  1981
   16.8  1960   12.9  1969   13.7  2011   12.1  2015   11.6  1940   11.5  2014   13.6  1968   14.1  1987   13.9  1969   15.9  1971   16.1  1897   16.6  2009    48.6  1976    40.1  1911    41.5  1911    47.5  1946   186.1  1911
   16.6  1970   12.9  1938   13.6  1959   12.0  1995   11.5  1957   11.3  1953   13.5  2014   14.0  1908   13.9  1936   15.8  1969   16.1  1952   16.6  2016    48.6  1972    40.1  1961    41.3  1994    47.5  1907   185.8  1915
   16.6  1925   12.8  1968   13.5  1935   12.0  1956   11.3  2012   11.3  1978   13.5  2004   14.0  1993   13.9  1960   15.8  1956   16.0  1922   16.6  1976    48.5  1909    39.7  1944    41.1  1908    47.3  1936   185.4  1983
   16.2  1954   12.8  2010   13.3  2001   12.0  2009   11.3  2004   11.2  1989   13.3  1943   13.9  1967   13.7  2007   15.8  1978   15.8  2011   16.3  2003    48.3  1941    39.7  1938    40.6  1914    47.3  1990   184.8  1936
   16.1  1907   12.7  1971   13.2  1945   11.9  2017   11.3  1992   11.1  2009   12.9  1995   13.7  1935   13.7  1929   15.6  1894   15.7  1962   16.3  1926    47.9  1986    39.6  1891    40.6  1972    47.2  1902   184.5  1965
   16.1  2011   12.5  1987   12.9  1949   11.8  1962   11.0  1937   11.1  1951   12.8  1935   13.6  1971   13.6  1973   15.4  1924   15.7  1985   16.3  1950    47.9  2009    39.6  1987    40.0  1981    47.2  1897   184.4  1945
   15.9  1977   12.5  1976   12.9  1972   11.8  1937   10.8  2020   11.1  1914   12.8  1999   13.6  1916   13.5  1991   15.4  1919   15.5  1965   16.3  1941    47.8  1977    39.5  1948    39.8  1970    47.0  1914   184.3  1953
   15.6  1914   12.3  1899   12.8  1894   11.7  1968   10.7  1985   11.1  1977   12.7  1897   13.5  1969   13.3  2013   15.3  1994   15.5  1902   16.3  1917    47.6  2017    39.4  1955    39.6  1959    46.6  1964   183.8  1995
   15.6  1955   12.1  1913   12.8  1941   11.7  1957   10.4  1911   10.9  1955   12.7  1944   13.3  1911   13.2  1921   15.1  1992   15.4  1901   16.2  1935    47.5  2011    39.4  1969    39.6  1969    46.5  1962   183.5  1978
   15.5  1947   12.1  1896   12.7  1946   11.7  1955   10.4  1998   10.8  1984   12.6  1973   13.2  2020   13.0  1951   14.8  1991   15.4  1964   16.2  1972    47.3  1942    39.2  2017    39.5  1989    46.5  1975   183.3  1962
   15.5  1982   12.0  1994   12.7  1984   11.4  1952   10.3  1950   10.6  1996   12.5  1926   13.2  1920   13.0  2009   14.6  1939   15.2  1976   16.1  2018    47.1  1987    39.2  1996    39.4  1973    46.5  1941   181.6  2018
   15.4  1961   11.9  1902   12.6  1942   11.4  1988   10.3  1936   10.6  1936   12.0  1996   13.1  1966   12.9  1909   14.5  1899   14.9  1961   16.0  1992    47.0  1978    38.9  2012    39.4  1932    46.4  1951   181.0  1993
   15.4  1896   11.7  1942   12.6  1943   11.3  1946   10.0  1988   10.4  1934   11.9  1978   13.0  1994   12.8  1997   14.3  1945   14.7  1987   16.0  1903    46.9  1896    38.7  2010    39.3  1919    46.4  1912   180.7  1913
   15.3  1950   11.7  1991   12.5  1910   11.2  1892    9.9  2017   10.3  1920   11.8  1912   12.6  1937   12.5  1958   14.2  1959   14.6  2019   15.9  1971    46.2  1969    38.4  2021    39.1  1978    46.1  1921   180.7  1963
   15.1  2010   11.5  2006   12.3  1948   10.9  1936    9.8  1989   10.2  1909   11.6  2011   12.5  1932   12.4  1914   14.2  1953   14.6  1948   15.9  2007    46.1  1973    38.3  1978    39.1  1997    46.1  2002   180.2  2001
   15.1  2019   11.3  1940   12.3  1893   10.8  1966    9.8  1901   10.0  1949   11.4  2018   12.4  1996   12.2  1989   14.1  1937   14.4  2016   15.8  1969    45.9  1965    37.9  1892    38.9  1999    45.8  1965   180.1  1977
   15.0  1980   11.3  1981   12.0  1958   10.5  1976    9.8  1928    9.9  2013   11.4  1994   12.2  2002   12.2  1998   13.6  1964   14.2  1932   15.5  1975    45.2  1971    37.9  2018    38.5  2005    45.8  1985   179.4  1937
   14.9  1911   11.3  1929   12.0  1965   10.0  1982    9.8  1977    9.9  1893   11.3  1901   11.7  1970   11.5  1986   13.6  1911   14.1  1918   15.3  1970    44.9  2001    37.8  1941    37.9  2000    45.5  1971   179.3  2013
   14.7  1935   10.7  2013   11.8  1975    9.8  1942    9.7  1990    9.8  1933   11.2  1892   11.7  1939   11.5  1993   13.5  1947   14.1  1909   15.2  2008    44.6  1895    37.6  1991    37.5  1986    45.5  2003   177.3  1969
   14.7  1991   10.7  1993   11.7  1944    9.7  1893    9.5  1961    9.7  1906   11.2  2013   11.5  1975   11.4  1915   13.3  1993   14.0  1995   15.0  2005    44.5  2010    37.5  1962    37.5  1971    45.5  2014   177.2  1947
   14.6  2017   10.0  1959   11.5  1974    9.7  1987    9.5  2016    9.6  2006   11.0  1990   11.5  1991   11.3  1895   13.2  1914   13.9  1924   15.0  1937    44.4  2019    37.5  1937    37.5  1925    44.8  1968   175.6  1989
   14.6  1973    9.8  1909   11.5  1962    9.6  1954    9.3  1946    9.5  1975   10.9  1972   11.5  1977   11.2  1913   12.9  2003   13.5  1988   14.8  2001    44.2  1991    37.4  1954    37.2  2018    44.6  1956   174.8  1941
   14.5  1959    9.3  1983   11.2  1900    9.6  1997    9.1  1959    9.4  1942   10.9  1898   11.3  2021   11.2  1916   12.9  1973   13.4  1990   14.8  1892    44.2  1917    37.2  1975    36.8  1982    44.4  2007   174.5  1973
   14.3  1953    9.3  1919   10.6  2013    9.3  1978    8.8  1915    8.9  1970   10.5  2006   11.3  1972   10.9  1949   12.7  1997   13.3  1956   14.8  1947    43.9  1959    37.2  1971    36.5  2003    44.3  1973   174.0  1987
   13.8  1933    9.1  1964   10.6  1955    9.3  2011    8.6  2001    8.7  1891   10.3  1971   11.2  1997   10.9  1939   12.6  1897   13.3  1957   14.6  1977    43.3  1997    37.1  1952    36.3  1949    43.8  1959   173.4  1984
   13.7  1917    9.0  1917   10.6  1973    9.3  1921    8.6  1991    8.5  1921   10.2  1976   10.8  1931   10.7  1971   12.3  1962   13.3  1896   14.6  1961    42.6  1932    36.5  2001    36.2  1899    43.1  1997   173.0  1959
   13.6  1996    8.9  1891   10.4  2003    9.0  1984    8.4  1939    8.4  1986   10.2  1962   10.7  1959   10.6  1931   12.2  1910   13.1  1933   14.5  1987    42.4  1979    35.7  1953    36.2  2013    43.0  1989   172.9  1997
   13.3  1897    8.8  1965   10.1  1923    8.8  2003    8.2  2018    8.3  1995   10.1  1917   10.3  1999   10.0  1906   12.2  1915   13.0  1925   13.6  1939    41.9  1992    35.6  1956    35.9  1975    42.8  2015   172.9  2010
   12.5  2001    8.5  2003   10.1  1931    8.7  1971    8.2  1919    8.1  2018   10.1  1949    9.9  1968    9.3  1910   12.1  1965   12.9  1915   13.2  1943    41.6  1982    35.3  1942    35.6  1968    42.3  1922   172.5  1964
   12.4  1985    8.5  1921   10.0  1960    8.6  1891    7.9  1960    8.1  1982    9.4  1977    9.9  1945    9.2  1941   11.9  2015   12.6  1955   13.2  1991    41.4  1929    35.2  1935    35.0  1996    42.3  2016   170.8  1976
   11.9  2006    8.2  1947    9.9  1918    8.5  1912    7.9  1951    8.0  1905    8.7  1982    9.3  1981    8.8  1907   11.3  1922   12.5  1921   13.1  1968    41.0  1947    35.2  1936    34.6  2006    42.1  1920   170.8  1991
   11.7  1940    8.2  1934    9.8  1956    8.4  2021    7.7  1895    7.7  1940    8.7  2021    8.7  1913    8.5  2015   11.3  2007   12.2  1934   12.4  1996    40.5  1996    35.0  1893    33.8  1947    40.8  1937   169.9  2021
   11.4  1941    7.8  1975    9.0  1969    8.3  2019    7.6  1978    7.6  1992    8.6  2005    8.5  2003    8.5  1912   11.1  1908   11.2  1968   12.4  1981    39.5  2003    33.4  2020    32.0  1977    40.8  1910   168.2  1972
   11.4  1964    7.4  1979    8.8  1964    7.7  2007    7.4  1975    7.6  2010    8.4  1984    8.3  1899    7.6  1996   10.4  1975   10.9  1937   12.3  2010    39.2  1934    33.3  1946    30.9  1913    39.6  1894   168.1  1968
   11.0  1966    7.1  1895    8.7  1892    7.6  1918    6.3  1935    7.6  1915    8.2  1989    8.0  1955    7.5  2014   10.2  1985   10.7  1993   12.2  2002    38.9  1985    33.0  1929    28.7  1995    39.3  1958   167.5  1975
   10.6  1987    6.6  1985    8.6  2012    7.0  2020    6.2  1984    7.2  1925    7.8  2000    7.7  1984    7.5  2002   10.2  2016   10.2  1942   10.3  1933    38.5  2006    31.8  1960    27.1  1976    38.4  1933   167.1  1996
   10.5  1929    6.0  1930    8.2  1996    6.6  1981    6.1  1980    6.8  2021    7.0  1983    7.7  1983    7.0  1959    9.9  1951   10.2  1983   10.3  1963    36.6  1940    30.5  1918    27.0  1984    37.5  1945   166.8  1933
   10.3  1992    5.9  1963    7.8  1924    6.4  1938    6.0  1994    6.6  1941    6.7  1913    7.6  1995    7.0  1933    9.3  1972    9.7  1989   10.0  1995    32.9  1963    28.9  1980    26.8  2021    36.5  1915   166.1  1971
    8.9  1963    5.5  1986    6.8  1953    6.3  1980    5.9  1896    6.3  1932    5.7  1919    4.5  1976    6.5  1972    9.0  1920    9.6  1958    9.9  1989    30.8  1964    27.8  1984    26.4  1983    35.5  1993   165.6  2003
    8.6  1997    4.3  1932    5.0  1929    2.7  1974    5.3  2008    5.8  1988    4.2  1955    1.5  1947    5.6  1894    5.3  1946    7.3  1945    9.2  1927     ---  1891    27.7  1974    23.2  1955    34.9  1972   163.2  1955