Areal values from HadUK-Grid 1km gridded climate data from land surface network
Source: Met Office National Climate Information Centre
Monthly, seasonal and annual number of days in the month with precipitation amount >= 1mm for Scotland W
Areal series, starting in 1891
Last updated 01-Jan-2022 11:00
    jan  year    feb  year    mar  year    apr  year    may  year    jun  year    jul  year    aug  year    sep  year    oct  year    nov  year    dec  year     win  year     spr  year     sum  year     aut  year     ann  year
   28.9  1928   25.6  1910   29.4  1903   24.0  1904   24.7  1925   24.2  1907   26.1  1988   27.2  1985   26.8  1950   29.4  1903   25.7  1992   29.0  2011    76.7  2014    59.6  1920    62.8  1985    72.6  1954   241.6  1903
   28.0  1990   25.6  2000   27.1  1994   20.5  1947   23.8  1986   22.8  1912   24.2  1920   26.6  1903   25.1  1954   27.0  1930   25.7  1986   28.7  1974    70.7  1922    59.0  1913    62.5  1907    69.5  1938   231.6  1923
   27.8  1921   25.5  2014   26.4  1921   20.5  1949   23.0  2011   22.4  2002   23.5  1931   24.7  1895   24.4  1980   26.7  1923   25.2  1938   28.2  1911    70.7  1894    58.9  1986    61.4  1924    68.2  2000   227.0  2011
   27.4  1975   25.4  1990   25.8  1905   20.1  1899   22.9  1924   21.1  1928   23.5  1960   24.4  1907   24.0  1946   26.3  2011   24.8  1959   28.1  1912    70.2  1920    58.0  1904    59.7  1946    68.0  1903   225.9  1928
   27.1  2008   25.1  2020   25.4  1992   19.8  1964   22.5  2003   20.5  1931   22.9  1953   24.3  2009   23.1  1891   26.1  1938   24.8  1931   28.0  1900    70.0  1995    57.7  1967    59.3  1927    67.6  1923   224.8  1900
   26.8  1900   24.7  1918   25.2  1897   19.7  1996   22.4  1906   20.4  1972   22.7  1923   24.2  1930   23.1  1934   25.9  1983   24.7  1951   27.8  2015    70.0  2020    57.6  1947    59.2  1928    66.4  2011   221.8  1904
   25.8  1974   24.3  1997   24.7  1912   19.6  1927   21.3  1967   20.3  1947   22.1  1924   24.2  1943   23.0  1923   25.7  1906   24.7  1939   27.3  1929    69.8  2016    56.7  1903    58.7  2017    66.0  1935   221.6  1954
   25.7  2014   23.9  1914   23.8  1967   19.6  1932   20.6  1920   20.1  1945   21.6  1985   24.0  1891   22.8  1899   25.6  1967   24.4  1929   27.2  1949    67.9  1937    56.6  1925    58.6  1950    65.2  1917   219.5  1906
   25.7  2016   23.8  1945   23.8  1902   19.5  1977   19.9  1976   20.0  1935   21.5  2010   24.0  1992   22.7  1908   25.5  2001   24.3  1913   26.4  1959    67.8  1916    56.5  1992    57.3  1943    63.4  1950   217.0  1920
   25.7  1983   23.5  1894   23.3  1913   19.4  1992   19.5  1963   19.5  1946   21.4  1932   23.5  1929   22.1  1974   25.4  1935   24.1  1979   26.3  1986    67.8  2000    56.3  1905    56.3  1903    63.3  1981   216.8  1938
   25.6  1930   23.4  2002   23.3  1983   19.0  1950   19.3  2015   19.4  1948   21.2  2015   23.3  1924   22.0  1948   25.0  1901   24.0  2015   26.2  1919    67.4  1974    55.5  1902    56.0  1923    63.3  1982   216.0  1905
   25.6  1916   22.9  1937   23.2  1995   19.0  1959   19.0  2009   19.2  1938   21.0  2020   23.2  1950   21.9  2011   24.9  1932   23.9  2002   25.8  1966    65.1  1975    55.4  1963    55.8  2012    63.3  2006   215.7  1990
   25.4  1993   22.9  1939   22.8  1989   18.9  1994   19.0  1908   19.2  1943   21.0  1936   22.8  2008   21.7  1978   24.9  1917   23.5  1953   25.8  1898    64.7  1923    52.9  1983    55.8  1930    62.9  1979   215.1  1967
   25.4  1920   22.7  1989   22.7  1978   18.5  1910   19.0  2002   19.0  2017   20.9  1900   22.3  2019   21.7  1892   24.8  2000   23.4  1954   25.5  2013    64.2  1931    52.6  1921    54.8  1931    62.7  1970   215.0  2020
   25.3  1927   22.6  1995   22.6  1986   18.2  1961   18.8  1947   18.9  1927   20.8  1950   22.3  1923   21.6  1918   24.6  1934   23.4  1970   25.3  1921    64.0  1925    51.9  1897    54.6  2008    62.6  2017   214.9  1916
   25.3  1994   22.3  1925   22.4  1914   18.2  1925   18.8  1981   18.9  1980   20.7  1940   22.3  1962   21.4  1942   24.3  2021   23.1  2009   25.2  1951    64.0  2012    51.9  2009    54.6  2020    62.6  1984   214.8  2017
   25.2  1906   22.1  1922   22.0  1988   18.0  1905   18.7  1916   18.6  2004   20.7  1939   22.1  1927   21.3  1961   24.2  1996   23.0  1944   25.1  1934    63.9  1943    51.6  1994    54.6  1954    62.0  1891   214.8  1943
   25.1  1948   22.1  2011   22.0  1896   17.8  1943   18.4  1945   18.5  1994   20.6  2009   21.9  1989   21.3  2000   24.2  1916   23.0  1982   25.1  1918    63.5  1999    51.6  2006    54.6  1960    61.8  1900   214.0  1924
   24.5  1984   21.8  1903   21.5  1920   17.6  1985   18.4  1907   18.0  1896   20.2  1922   21.8  1905   21.1  2016   24.1  1954   22.8  1960   25.0  1993    63.4  1990    51.5  2014    54.5  1900    60.5  1929   213.6  1931
   24.5  1988   21.6  1923   21.5  2008   17.6  1920   18.3  1913   17.9  1944   20.0  1993   21.8  1917   21.0  1896   24.0  1929   22.5  2006   25.0  1954    63.1  1994    50.7  2002    54.5  2002    60.0  1918   213.6  1927
   24.1  2004   21.3  1931   21.4  1957   17.4  1913   18.3  1904   17.7  1897   19.7  1946   21.6  1941   21.0  1927   24.0  1995   22.3  1974   24.8  1999    62.5  1918    50.6  1934    54.4  2009    59.9  1992   213.4  2014
   23.8  1926   21.1  1935   21.1  2019   17.3  1898   18.2  1892   17.6  2020   19.7  1974   21.5  1906   20.9  1975   23.9  2017   22.1  2000   24.5  1994    62.2  1926    50.6  1908    54.0  1895    59.8  1928   213.4  1994
   23.7  1938   21.0  1992   20.8  1895   17.2  1915   18.1  2007   17.6  1900   19.6  2012   21.4  1910   20.7  1999   23.9  1984   22.1  2012   24.4  1893    62.1  1906    50.1  1927    53.9  1922    59.6  1967   213.0  1992
   23.6  1962   20.5  1908   20.7  1990   17.0  1900   18.0  2006   17.5  1990   19.5  1905   21.4  1897   20.6  1970   23.6  1928   22.1  1916   24.3  1956    62.0  1912    50.1  1979    53.6  1929    59.5  2012   212.3  2008
   23.6  1999   20.5  1998   20.1  1963   16.9  2018   17.9  1931   17.5  1919   19.4  2017   21.2  1988   20.4  2012   23.5  1907   21.9  1991   24.3  1910    61.4  1913    50.0  1907    53.5  1912    59.5  1980   212.2  1907
   23.5  2007   20.1  1905   19.7  1940   16.9  2006   17.6  1902   17.2  1954   19.4  1915   21.2  1904   20.4  1955   23.5  1900   21.8  1940   24.0  1980    61.4  1900    49.8  1914    53.1  1956    59.2  2001   211.9  1950
   23.3  1922   19.9  1926   19.5  1966   16.9  1931   17.5  1964   17.0  1965   19.3  2016   21.1  2018   20.4  1983   23.0  1989   21.8  1949   23.6  1915    61.4  1984    49.5  1995    53.1  1988    59.1  1978   211.3  1934
   23.2  1944   19.9  1915   19.4  1981   16.9  2004   17.5  1926   17.0  2011   19.3  1942   20.7  1982   20.2  1924   22.9  2014   21.5  1946   23.5  2014    61.3  1989    49.1  1899    52.8  2015    59.1  1944   210.7  1918
   23.0  2015   19.7  1898   19.4  1977   16.6  1965   17.4  1921   16.7  1991   19.2  1970   20.6  1918   20.2  1982   22.6  1998   21.4  1981   23.5  1942    61.1  2015    48.7  1966    52.6  1897    59.0  1930   209.9  1974
   23.0  1995   19.6  1949   19.4  1927   16.5  1916   17.4  1972   16.5  1913   19.1  1909   20.6  1892   20.2  1992   22.5  1893   21.4  1928   23.4  1965    61.1  1967    48.6  1906    52.5  2019    58.9  2004   209.4  2002
   22.9  1934   19.5  1974   19.1  1939   16.5  1919   17.4  1966   16.4  1966   18.9  2002   20.5  1956   20.1  1985   22.3  2008   21.4  1998   23.4  1924    60.9  1910    48.0  2015    52.4  1904    58.8  1963   209.3  1948
   22.8  2020   19.3  1943   19.0  2017   16.5  1990   17.3  1894   16.3  2019   18.8  1998   20.5  1946   20.1  2004   22.3  2020   21.3  1935   23.2  1923    60.7  1949    47.8  1990    52.3  1948    58.6  1961   209.2  2015
   22.8  1904   19.2  1893   19.0  1908   16.4  2008   17.3  2014   16.2  2012   18.7  1903   20.4  2017   20.1  2018   22.1  1909   21.3  1903   23.1  1936    60.6  2008    47.8  1977    51.8  1998    58.5  1974   208.9  1999
   22.8  1894   18.8  1958   18.9  2014   16.4  1972   16.9  1983   16.0  1924   18.5  1967   20.3  1951   20.0  2006   22.0  2013   21.0  1994   23.0  2004    60.5  1903    47.6  1926    51.8  1938    58.1  1934   208.3  1998
   22.6  1923   18.8  1999   18.9  1997   16.4  1894   16.7  1973   16.0  1998   18.5  1895   20.2  1942   19.9  1981   22.0  1981   21.0  1969   22.7  2020    60.5  1899    47.4  1894    51.7  1980    57.9  1948   208.3  1988
   22.1  1969   18.6  1916   18.6  2009   16.3  1934   16.4  1979   15.9  1959   18.3  1927   20.1  1961   19.7  1917   22.0  1963   21.0  1914   22.4  1916    60.4  1950    47.4  1972    51.5  1896    57.9  1916   208.2  2009
   22.1  1924   18.6  1928   18.5  1928   16.2  1901   16.3  1999   15.6  1981   18.2  1954   20.1  1921   19.5  1987   21.9  1942   20.9  2003   22.3  1901    60.3  1998    47.3  1999    51.4  1958    57.8  2020   208.2  1926
   22.0  1981   18.6  1920   18.4  1987   16.2  1975   16.2  1934   15.4  2007   18.1  1928   20.1  2012   19.4  2019   21.8  1961   20.8  2001   22.1  1973    59.8  2007    47.2  1949    51.2  1918    57.2  1932   207.7  2004
   21.9  1937   18.3  1906   18.3  1947   16.1  1909   16.1  1958   15.3  1958   18.1  1956   20.0  1928   19.3  1984   21.6  1918   20.7  1900   22.1  1984    59.6  1935    47.0  1932    50.9  1953    57.1  1892   207.3  2000
   21.9  1931   18.3  1911   18.2  1938   16.1  1999   16.1  2005   15.3  1929   18.0  1918   19.9  1934   19.2  1935   21.1  1949   20.6  1917   22.1  2019    59.6  1957    46.7  1916    50.2  1920    57.0  1977   206.6  1908
   21.8  1899   18.3  1961   18.1  1982   16.1  1948   16.0  1903   15.2  1999   18.0  1930   19.9  1990   19.2  1962   20.8  2006   20.5  1978   22.1  1906    59.2  1960    46.6  1943    49.8  1974    56.8  1899   205.7  2012
   21.8  2018   18.2  1950   18.1  1934   15.9  1940   15.8  1969   15.2  2008   18.0  1906   19.8  1960   19.0  2017   20.8  1990   20.5  1906   22.0  1985    59.0  1939    46.4  2011    49.6  1905    56.5  1927   205.4  1912
   21.7  1951   18.1  1960   18.0  1979   15.8  1963   15.8  1938   15.2  1922   17.9  1902   19.6  1901   18.4  1979   20.7  1948   20.5  2020   22.0  1908    58.4  1898    46.1  1976    49.4  1990    56.4  2018   203.6  1898
   21.6  1976   17.8  1967   18.0  1907   15.8  1993   15.7  1965   15.1  1892   17.9  1938   19.5  1957   18.4  1925   20.7  1950   20.1  1926   21.6  1983    58.4  1915    46.0  1940    49.4  1963    56.4  1906   203.0  1949
   21.5  1949   17.7  2017   17.8  1980   15.6  1979   15.3  1933   15.1  1963   17.7  1896   19.2  1954   18.4  1947   20.5  1891   20.0  1963   21.4  1982    58.2  1945    46.0  1964    49.3  2004    56.3  2021   202.9  1930
   21.4  1932   17.4  1951   17.4  2015   15.5  2005   15.3  1995   15.1  1894   17.6  1933   19.1  1898   18.4  1919   20.3  1979   19.9  1904   21.3  1891    58.2  1908    45.9  1989    49.1  1910    56.3  2008   201.5  1979
   21.4  1892   17.4  1973   17.2  1968   15.5  2013   15.2  1943   15.0  1997   17.4  1947   19.0  2014   18.3  1938   20.3  1987   19.8  1894   21.2  1955    58.1  1981    45.8  1910    48.9  1906    56.2  1943   201.0  1921
   21.1  1943   17.4  1988   16.9  1930   15.4  1998   15.2  2013   15.0  1987   17.4  1904   18.9  1963   18.2  1943   20.2  1976   19.8  1972   21.1  1998    58.1  1904    45.6  1933    48.6  1936    56.2  1953   200.5  1910
   20.8  2002   17.4  1904   16.8  1933   15.3  1896   15.0  1929   14.7  1950   17.3  1958   18.8  2000   18.1  1926   20.2  1982   19.7  2017   21.1  1914    58.1  1958    45.4  1965    48.6  2016    55.8  1987   200.2  1902
   20.8  1903   17.0  1996   16.7  2006   15.3  2014   14.9  1949   14.6  1901   17.3  1981   18.7  1958   18.1  1932   20.1  1986   19.7  1905   21.1  1896    58.0  1914    45.3  1957    48.5  1894    55.7  1901   199.9  1925
   20.8  1919   16.8  1977   16.6  2002   15.2  1911   14.8  1955   14.6  2003   17.2  1934   18.7  1893   18.1  1964   20.1  2004   19.6  1977   21.0  1997    57.8  1905    45.3  1898    48.3  2007    55.6  2009   199.7  1986
   20.7  1918   16.8  1966   16.5  1993   15.1  2002   14.8  1923   14.6  1956   16.8  1992   18.7  1948   17.9  1988   20.0  1943   19.6  1899   21.0  1930    57.8  1911    45.2  2005    48.2  1934    55.4  1983   198.8  1944
   20.6  1957   16.7  1897   16.5  1998   15.0  1923   14.7  1910   14.5  1952   16.7  2007   18.5  1922   17.9  1893   20.0  1977   19.3  1984   20.9  1952    57.6  1901    44.9  1993    48.1  1944    55.0  1998   198.8  1982
   20.5  1936   16.7  1946   16.1  1936   15.0  1970   14.5  2021   14.4  2015   16.6  2008   18.5  2011   17.9  1897   19.8  1968   19.3  1996   20.8  2012    57.4  1988    44.9  1959    47.7  1942    54.8  1926   198.2  1897
   20.4  1913   16.4  1954   16.1  1959   15.0  1924   14.4  1974   14.3  1898   16.6  1937   18.2  1926   17.7  1900   19.7  1921   19.1  2007   20.8  1958    57.1  2002    44.8  1912    47.7  1992    54.6  1893   198.1  1946
   20.2  1978   16.4  1933   16.0  1991   15.0  1935   14.3  1956   14.1  1985   16.4  2003   18.1  1925   17.7  1953   19.4  1957   19.1  2018   20.7  2006    56.9  1927    44.2  1981    47.6  1891    53.9  1986   198.0  1951
   20.2  1909   16.3  2016   15.8  1899   14.9  2012   14.3  1900   13.9  2005   16.3  1941   17.8  1912   17.6  1967   19.4  2005   19.0  1930   20.5  1931    56.5  1924    43.7  1970    47.5  2011    53.8  1940   197.8  1894
   19.9  1986   16.2  1982   15.8  1904   14.7  2001   14.0  1970   13.9  1976   16.0  1951   17.8  1894   17.4  1968   19.2  1944   18.7  1997   20.4  1922    56.3  1892    43.7  1909    47.1  1902    53.7  2005   196.4  1960
   19.8  2009   16.1  1972   15.7  2020   14.6  1926   14.0  1932   13.8  1904   15.8  1979   17.8  1974   17.4  1977   19.1  1988   18.7  1971   20.3  1960    56.0  2021    43.6  1988    47.0  1961    53.7  1999   196.1  1935
   19.8  1942   16.0  1980   15.7  1951   14.5  2016   13.9  1898   13.8  1961   15.8  1893   17.7  1953   17.4  1937   19.1  1912   18.7  2004   20.3  1907    56.0  1930    43.5  2008    46.8  1951    53.1  2013   195.5  1922
   19.7  1946   16.0  2008   15.5  1926   14.5  1991   13.7  1944   13.8  1926   15.7  1894   17.7  1933   17.3  1903   18.8  1970   18.7  1936   20.2  1938    55.9  1952    43.3  1924    46.7  1935    53.1  1960   195.3  1914
   19.6  1958   16.0  1941   15.4  1976   14.5  1953   13.7  1922   13.7  1969   15.6  1910   17.2  1980   17.3  2005   18.6  2009   18.4  1927   20.2  2021    55.8  1946    43.1  1931    46.7  1952    53.0  1949   194.4  1961
   19.6  1956   15.8  1900   15.3  1917   14.5  1895   13.7  1914   13.7  2016   15.6  1908   17.1  2015   17.3  1957   18.2  1952   18.4  1891   20.1  1928    55.4  2018    43.0  1945    46.6  1892    52.7  1994   194.0  2019
   19.5  1898   15.7  2012   15.2  1942   14.4  1951   13.7  1968   13.7  1916   15.6  1980   17.1  1998   17.2  1920   18.2  1958   18.3  1947   20.1  1944    55.4  2005    42.9  2003    46.5  1994    52.6  1904   194.0  1891
   19.4  1902   15.7  1971   15.1  2007   14.3  2009   13.6  1971   13.6  1930   15.5  1986   17.0  2004   17.1  1956   18.2  1980   18.3  2011   20.1  1932    55.2  1928    42.9  1950    46.4  1909    52.6  1924   193.8  1913
   19.3  2012   15.7  1912   14.9  1891   14.3  1960   13.4  1897   13.6  2001   15.4  1916   17.0  1952   17.1  1965   17.8  1904   18.2  1895   19.8  1894    54.7  1921    42.3  1917    45.9  1965    52.5  1905   193.8  1929
   19.3  2005   15.6  2007   14.9  1999   14.2  1944   13.4  1909   13.6  2000   15.3  1963   16.9  1964   16.9  1944   17.7  1971   18.2  1911   19.7  1948    54.2  1983    42.1  1968    45.5  1967    52.3  1908   193.7  1981
   19.3  1910   15.6  1962   14.8  1970   14.2  1989   13.4  1996   13.3  1955   15.2  1921   16.9  1919   16.9  2008   17.5  2002   18.2  1892   19.7  1957    54.1  1902    41.8  2004    45.5  1941    52.2  1995   193.6  2006
   19.2  1989   15.5  2018   14.8  2000   14.1  1902   13.3  1917   13.2  1964   15.1  1952   16.8  1979   16.9  1945   17.4  2019   18.1  1976   19.6  1979    54.0  1961    41.8  1961    45.5  1933    52.0  1931   193.5  2018
   19.2  1968   15.4  2021   14.6  1954   14.0  1937   13.2  1891   13.2  1937   15.1  1975   16.6  1973   16.8  1901   17.3  1924   18.1  1943   19.5  1988    53.9  1973    41.6  1896    45.1  1964    51.7  1913   193.5  1980
   19.1  1905   15.3  1970   14.6  2021   13.7  1939   13.2  1899   13.1  1920   15.0  1899   16.6  1909   16.8  1963   17.3  1966   17.9  1907   19.5  1972    53.0  1951    41.6  2019    45.1  1926    51.6  1976   193.4  1899
   18.9  1998   15.2  1984   14.3  2018   13.7  1914   13.2  1918   12.8  1902   15.0  1957   16.5  1978   16.7  1905   17.2  2018   17.8  1920   19.4  1945    52.8  1948    41.3  1939    44.8  2001    51.6  1996   193.0  1896
   18.7  1972   14.7  1927   14.2  1909   13.7  1917   13.2  1954   12.7  1917   15.0  1964   16.4  2006   16.5  2010   17.2  1892   17.8  1898   19.3  1897    52.6  1919    41.0  1998    44.7  1979    51.5  1942   192.9  1957
   18.6  1952   14.7  1957   14.2  2016   13.6  1907   13.0  1962   12.6  1908   14.9  1891   16.4  2001   15.9  1898   17.2  1927   17.8  1908   19.2  1964    52.6  1993    41.0  2017    44.6  2010    51.2  1969   192.5  1970
   18.5  1891   14.7  1948   14.2  1906   13.6  1928   12.9  1893   12.6  1918   14.8  2001   16.3  1949   15.9  1922   17.2  1931   17.8  1923   18.9  2018    52.5  1962    40.9  1985    44.5  1901    51.1  1946   191.8  1901
   18.5  1901   14.6  2015   14.1  1898   13.5  1933   12.9  1942   12.4  1962   14.8  1929   16.3  1914   15.9  1940   17.1  1936   17.4  1973   18.8  1899    52.2  1907    40.6  1923    44.5  1962    50.2  1988   191.4  1966
   18.3  1925   14.3  1976   14.0  1971   13.3  1897   12.7  1997   12.4  1971   14.8  1969   16.3  1902   15.8  1995   17.1  1925   17.3  1964   18.8  1913    51.3  1955    40.5  1997    44.2  1991    49.9  1955   191.0  2007
   18.0  1912   14.1  1936   13.9  1985   12.8  1955   12.6  1953   12.4  1974   14.6  1944   16.3  1965   15.6  2021   17.1  1895   17.2  1941   18.8  1940    51.1  1954    40.4  2007    44.2  1993    49.9  1898   190.5  1893
   17.9  2003   14.0  1907   13.9  1948   12.7  1983   12.6  1993   12.1  1979   14.6  1959   16.2  2005   15.4  2003   17.0  2012   17.2  1902   18.7  1946    51.0  1909    40.2  2013    44.1  1917    49.8  1896   190.0  1936
   17.9  2021   13.6  1892   13.7  1925   12.6  1967   12.4  1905   12.1  1910   14.4  1911   16.2  2007   15.3  1951   16.9  1913   17.2  1966   18.7  1904    50.9  2017    40.2  1982    43.7  1916    49.7  1936   189.7  1942
   17.6  2013   13.4  1896   13.7  1894   12.6  1908   12.4  1982   12.0  1984   14.3  1997   16.1  2020   15.2  1994   16.8  1978   17.1  2008   18.5  1905    50.9  1933    39.9  1895    43.7  1908    49.3  1947   189.5  1958
   17.6  1970   13.2  1929   13.6  1943   12.6  1952   12.2  1957   12.0  1968   14.3  1948   16.0  1900   15.0  2020   16.8  1896   17.1  2005   18.5  1953    50.8  1936    39.9  1987    43.7  1957    49.3  1907   189.4  1917
   17.5  1908   13.2  2019   13.6  1941   12.5  1986   12.0  1912   12.0  1967   14.3  1991   15.9  1971   14.9  1904   16.7  1955   17.0  1999   18.4  1925    50.8  1976    39.7  1901    43.5  1898    49.2  1964   188.8  1892
   17.4  1967   13.1  1938   13.6  1972   12.4  1941   11.8  1992   12.0  1973   14.2  1987   15.9  1936   14.8  1928   16.6  1926   16.9  1912   18.2  2017    50.8  1893    39.7  1948    43.3  1987    49.2  2010   188.4  1932
   17.4  1915   13.1  2005   13.6  2005   12.1  2010   11.8  2017   11.9  1996   14.2  2014   15.8  1896   14.8  1990   16.6  1969   16.9  1980   18.2  1895    50.4  1966    39.5  2018    43.1  1915    49.1  1975   188.4  1983
   17.4  2000   13.0  1913   13.5  1950   12.0  1906   11.7  1941   11.8  1936   14.1  1995   15.8  1915   14.6  1966   16.5  1994   16.9  2013   18.2  1920    50.3  1944    39.3  1928    43.1  1972    49.1  1966   188.0  2016
   17.1  1979   12.8  1899   13.5  1961   12.0  1988   11.6  2000   11.7  1983   14.1  1914   15.7  2010   14.6  1902   16.4  1933   16.9  2010   18.0  1903    50.1  1938    39.0  1996    43.1  1939    49.0  1951   186.2  1978
   17.0  1973   12.8  1994   13.5  2004   12.0  2000   11.4  2004   11.7  1911   13.9  1907   15.7  1944   14.1  2013   16.3  1960   16.9  1910   17.9  1902    50.0  1980    38.9  1919    42.8  2014    48.9  1957   186.0  1956
   17.0  1991   12.8  1944   13.5  1932   11.9  1966   11.1  1937   11.6  1978   13.9  2019   15.6  2016   14.0  1960   16.2  1940   16.8  1975   17.9  1978    49.6  2004    38.6  1973    42.7  1937    48.7  2019   185.9  1985
   16.8  1971   12.7  2001   13.4  1901   11.8  1945   11.0  1927   11.4  1993   13.9  1943   15.5  1908   13.9  1936   16.1  1898   16.8  1918   17.8  2000    49.5  1977    38.5  1930    42.7  1893    48.7  2002   185.7  1940
   16.7  1893   12.6  1940   13.2  2010   11.8  1958   11.0  2019   11.3  1960   13.7  2004   15.3  2013   13.9  2009   16.1  1905   16.7  1919   17.5  2007    49.5  1897    38.4  1938    42.5  1921    48.4  1991   185.6  1953
   16.6  2017   12.5  1978   13.0  1965   11.7  1957   10.9  1911   11.2  1939   13.6  1925   15.0  1967   13.8  1997   16.1  1941   16.5  2021   17.5  1976    49.5  1956    38.4  2000    42.5  1940    48.1  1990   185.3  1977
   16.6  1982   12.5  1959   13.0  1919   11.5  1962   10.8  1930   11.2  1982   13.5  1935   14.6  1938   13.6  1969   16.1  1902   16.5  1967   17.3  1992    49.3  2013    38.2  2016    42.4  1969    47.9  1902   184.9  2013
   16.2  1954   12.3  1902   12.9  2011   11.4  1903   10.6  1990   11.0  1934   13.5  1897   14.6  1916   13.6  2007   16.0  1999   16.3  1897   17.1  1917    49.2  1970    37.8  1951    42.2  1945    47.4  1968   184.1  2005
   16.2  1965   12.3  1968   12.8  1945   11.3  1968   10.5  1940   11.0  1923   13.4  1999   14.6  1994   13.4  1958   15.7  2010   16.0  1987   17.0  1990    48.8  1972    37.8  1900    42.2  1981    47.4  2003   183.6  1995
   16.1  1907   12.2  1981   12.6  1910   11.2  2015   10.5  1987   10.9  1903   13.4  1994   14.2  1940   13.3  1976   15.1  1956   16.0  2014   17.0  1967    48.6  1978    37.8  1942    41.9  1932    47.3  1971   183.5  1989
   16.0  2019   12.1  1952   12.5  1946   11.2  1969   10.3  2012   10.8  1895   13.1  1926   14.1  1987   13.0  1911   15.0  1953   15.8  1950   16.9  1926    48.4  2011    37.7  1941    41.5  2018    46.3  1909   182.1  1993
   16.0  1939   11.9  1953   12.5  1935   11.1  1987   10.3  1950   10.7  1909   13.0  1961   14.1  1932   12.9  1930   14.8  1959   15.5  1961   16.6  2016    48.4  1968    37.5  1958    41.2  1982    46.1  1897   182.0  1911
   15.9  1895   11.8  1987   12.4  1915   11.0  1922   10.2  2010   10.6  1989   12.9  1912   14.0  1911   12.9  2001   14.6  1945   15.2  1948   16.4  1941    48.0  2019    37.4  1911    41.1  1973    46.0  1997   181.4  1909
   15.7  1947   11.7  2009   12.1  1922   11.0  1995   10.1  1901   10.5  1951   12.7  1945   13.9  1969   12.8  1991   14.4  1899   15.1  1924   16.3  1962    47.2  1896    36.9  1915    40.9  1997    46.0  1959   181.2  1964
   15.6  2011   11.5  1991   11.9  1949   10.9  1946   10.0  1961   10.4  2013   12.6  1965   13.3  1986   12.8  1989   14.2  1937   14.6  1922   16.3  1969    47.1  1953    36.9  1922    40.8  1966    45.9  1925   180.9  1997
   15.5  1896   11.2  1924   11.8  1960   10.8  1930    9.8  1959   10.3  1953   12.5  1973   13.3  1991   12.5  1914   14.2  1974   14.2  1932   16.2  1935    46.9  1987    36.9  1891    40.7  1999    45.7  2007   180.8  1963
   15.5  1996   11.1  1901   11.6  1893   10.8  1976    9.8  1948   10.2  1977   12.3  1972   13.3  1935   12.1  1929   14.0  1992   14.2  1893   16.1  1909    46.7  1992    36.9  1954    40.2  1914    45.7  1989   180.6  1945
   15.5  1961   11.0  2010   11.5  1916   10.5  1973    9.7  1936   10.2  1933   12.1  1996   13.1  2002   12.0  1909   13.9  1964   13.9  1901   15.9  1977    46.3  2009    36.7  1978    40.2  1911    45.3  1912   180.6  1972
   15.3  1914   11.0  1955   11.4  1952   10.4  2011    9.6  1988   10.1  1970   12.1  1990   13.0  1937   11.9  1921   13.8  1991   13.7  1962   15.6  1987    46.0  1971    36.6  1991    40.0  1989    45.2  1939   180.1  1959
   15.3  1955   10.8  2013   11.3  2001   10.4  1892    9.5  1960    9.9  1899   12.1  2011   13.0  1975   11.9  1993   13.5  1997   13.6  1965   15.1  1991    45.7  1942    35.7  1960    39.9  2000    45.1  1919   180.0  1976
   15.2  1977   10.5  2004   11.3  1973   10.3  2017    9.4  2016    9.7  1914   12.0  2013   12.9  1920   11.9  1952   13.5  1894   13.3  2016   15.0  2003    45.5  2001    35.6  2010    39.9  1978    45.0  1920   179.7  1947
   15.2  1911   10.0  2003   11.3  1911   10.1  1929    9.4  1985    9.7  1986   11.9  1966   12.8  1993   11.8  1973   13.0  2007   13.2  1988   14.9  1975    45.5  1991    35.5  1944    39.7  1970    45.0  1956   179.6  1939
   15.1  2001    9.9  1964   11.0  1956    9.8  1956    9.3  1919    9.6  2014   11.8  1978   12.6  1977   11.6  1916   12.9  1965   13.1  1952   14.9  1892    44.4  1997    35.3  1892    39.7  1959    45.0  1914   179.4  2001
   15.0  1950    9.8  1993   10.9  2003    9.7  1942    9.2  2020    9.6  1975   11.3  2018   12.5  1966   11.1  1998   12.6  1947   12.9  1985   14.8  2009    44.1  1986    35.2  1956    39.0  1971    44.8  1962   179.0  1965
   14.7  1960    9.8  2006   10.7  1923    9.6  1982    9.2  1998    9.5  2009   10.9  2006   12.0  1999   10.9  1971   12.0  2015   12.8  1956   14.8  2008    44.0  1959    34.9  1937    38.9  1919    44.5  2014   177.6  1895
   14.5  1933    9.8  1917   10.6  1974    9.5  2019    9.2  1952    9.5  1906   10.9  1892   11.7  1996   10.6  1913   11.9  1962   12.8  1955   14.6  2005    43.2  1917    34.8  1955    38.5  1947    44.3  1895   177.5  1962
   14.4  1980    9.5  1942   10.3  1984    9.4  2003    9.0  1989    9.2  1957   10.8  1968   11.6  1997   10.1  1949   11.9  1908   12.5  1990   14.3  1943    42.9  1941    34.8  2001    38.5  1986    44.0  1921   177.2  1984
   14.4  1953    9.2  1969    9.9  1918    9.1  1954    8.9  1977    9.1  2018   10.6  1971   11.5  2021   10.1  1931   11.9  1897   12.4  1995   14.0  1971    42.9  1969    34.5  2021    38.4  2005    43.7  1965   176.7  1973
   14.3  1945    8.9  1975    9.8  1937    8.9  1997    8.8  2001    9.0  1949   10.3  1901   11.2  1939   10.1  1906   11.6  1915   12.4  1921   13.8  1950    42.7  1932    34.5  1971    38.3  1925    43.2  1952   176.6  1919
   13.4  1935    8.9  1909    9.6  1958    8.9  1921    8.8  1946    8.7  2006   10.1  1898   10.8  1931    9.7  1910   11.5  1911   12.3  1957   13.5  1970    42.6  1982    34.5  2012    38.2  2003    43.2  1985   175.7  1937
   12.2  2006    8.8  1921    9.5  2013    8.7  1891    8.5  1939    8.7  1891   10.1  1976   10.4  1972    9.5  1939   11.5  1914   12.2  1909   13.3  1937    42.1  1979    34.0  1969    37.6  2013    43.1  2015   175.2  1969
   12.0  1940    8.8  1956    9.3  2012    8.4  1893    8.2  2018    8.3  1905    9.8  1962   10.4  1970    9.5  1941   11.4  1973   12.0  1896   13.3  1961    41.8  1929    33.8  1936    37.6  1975    42.8  1941   175.1  1987
   11.8  1964    7.6  1891    8.7  1975    8.4  1984    7.7  1951    8.2  1893    9.8  1977    9.8  1968    9.3  1915   11.3  1975   12.0  2019   13.0  1947    40.9  1895    33.8  1953    36.0  2006    42.7  1911   174.6  1952
   11.7  1897    7.2  1979    8.6  1964    8.3  1978    7.3  1915    8.1  1942    9.6  1917    9.4  1945    9.3  1912   11.1  2003   11.7  1993   12.9  2001    40.4  1996    33.2  1952    35.7  1996    42.6  2016   172.8  1991
   11.7  2010    7.1  1983    8.3  1931    8.1  1912    7.3  1928    7.9  1915    9.2  1982    9.3  1981    9.0  1895   11.0  1939   11.0  1933   11.9  1996    39.9  1947    32.9  1893    34.6  1949    41.4  1958   171.8  1915
   11.0  1917    6.9  1985    8.1  1962    8.0  1936    6.3  1975    7.7  1940    9.2  1949    9.2  1959    8.1  1996   10.2  1985   10.5  1934   11.6  1968    39.9  1965    32.6  1935    34.0  1899    40.6  1973   171.3  2003
   10.7  1959    6.8  1919    7.5  1944    7.3  2007    6.2  1980    7.6  1941    8.2  2005    9.1  1899    8.1  1986   10.1  1972   10.4  1925   11.3  2002    39.2  1934    32.6  1962    32.6  1977    40.0  1937   170.7  1996
   10.6  1992    6.3  1934    7.2  1955    7.0  2020    6.1  1991    7.4  2010    8.0  1984    9.1  1955    7.9  1907   10.0  1919   10.2  1968   11.3  1939    39.1  2003    32.2  1946    32.5  1968    38.9  1922   169.3  2021
   10.2  1966    5.5  1947    7.0  1969    6.9  1971    5.8  1978    7.2  1921    7.5  2000    8.8  1984    7.2  2002   10.0  1920   10.0  1915   10.7  2010    39.1  1985    31.9  2020    30.9  1913    37.9  1945   169.1  1975
   10.1  1985    5.2  1895    6.8  1892    6.1  1918    5.6  2008    7.1  2021    7.5  1989    7.8  1913    7.1  2015    9.9  1910    9.9  1989   10.1  1989    37.5  2010    31.2  1975    28.9  1976    36.5  1910   167.3  1971
    8.8  1987    4.9  1963    6.6  1953    6.0  1981    5.6  1994    6.8  1992    6.7  1913    7.6  1995    6.5  1959    9.2  1993    9.8  1958    9.9  1933    36.5  2006    30.6  1929    28.8  1984    35.8  1894   166.5  1941
    8.5  1929    4.5  1965    6.5  1900    5.5  2021    5.2  1984    6.7  1995    6.7  1983    7.3  1983    5.9  1972    9.0  1951    9.1  1983    9.8  1981    35.9  1940    29.1  1918    28.4  1995    35.8  1972   165.1  1968
    8.2  1941    3.1  1930    5.9  1996    4.4  1938    5.2  1935    6.6  1925    6.4  2021    7.2  2003    5.6  2014    8.3  1922    8.4  1937    7.9  1963    29.6  1964    27.9  1980    26.4  1955    32.8  1993   164.5  1933
    8.2  1997    2.2  1986    5.6  1929    3.9  1980    4.6  1895    6.4  1932    4.5  1919    4.8  1976    5.2  1933    8.1  2016    8.2  1942    7.9  1995    25.8  1963    27.6  1974    25.6  1983    32.7  1933   162.7  2010
    4.6  1963    0.8  1932    5.4  1924    2.6  1974    4.3  1896    5.8  1988    3.9  1955    0.9  1947    2.5  1894    5.6  1946    6.4  1945    7.7  1927     ---  1891    23.9  1984    25.0  2021    30.9  1915   158.6  1955