Areal values from HadUK-Grid 1km gridded climate data from land surface network
Source: Met Office National Climate Information Centre
Monthly, seasonal and annual total precipitation amount for Scotland W
Areal series, starting in 1862
Last updated 01-Jan-2022 11:01
    jan  year    feb  year    mar  year    apr  year    may  year    jun  year    jul  year    aug  year    sep  year    oct  year    nov  year    dec  year     win  year     spr  year     sum  year     aut  year     ann  year
  357.0  1928  330.7  1990  277.1  1994  214.2  1947  227.7  2011  217.1  1872  226.5  1988  296.1  2009  326.3  1950  312.5  1903  339.9  2009  381.6  2015   906.9  2014   528.7  1986   588.3  1985   793.4  1954  2280.2  2011
  322.8  1993  330.3  2020  272.7  1903  189.2  1867  224.4  1986  187.5  1938  217.8  1985  294.4  1985  274.5  1981  308.8  1995  328.8  2015  369.1  1929   861.2  2016   491.1  1992   540.9  2009   765.8  2011  2206.5  2015
  319.6  1975  301.0  1997  255.7  1992  183.4  1949  213.7  1925  183.0  2002  193.3  1873  267.9  1992  268.6  1985  308.4  1983  316.0  1877  342.6  1986   801.9  2020   471.3  1947   518.2  1872   752.1  1981  2159.4  1877
  316.3  1974  290.7  2002  240.2  1990  180.1  1972  176.7  2015  178.2  1931  190.8  1882  245.3  2019  247.6  1980  303.1  1874  314.6  2006  341.2  2013   796.0  1995   471.2  2015   509.5  2012   733.8  1938  2141.8  2020
  310.0  2008  290.3  1894  238.0  1921  178.0  1991  169.6  1920  177.0  2012  189.7  2010  238.9  1989  240.7  1869  298.9  1967  297.2  1938  335.1  1999   785.6  2000   469.2  1963   501.2  2020   708.3  1982  2139.5  1990
  301.9  1990  289.6  2014  224.3  1989  173.0  1925  164.7  1906  173.1  2017  188.4  1953  236.9  1962  239.7  1978  298.2  1935  290.4  1986  329.5  2011   743.4  1990   463.0  1994   497.1  2019   699.4  2006  2132.8  1872
  297.5  1877  239.6  1989  218.1  2019  170.9  1904  161.6  1976  166.2  1912  186.7  1862  234.0  1903  238.7  1885  296.5  1938  290.1  1890  306.9  2006   719.9  1877   461.8  1925   496.0  1877   689.8  1935  2051.4  1954
  293.5  1872  236.3  1995  217.1  1978  163.9  1993  157.2  2003  162.0  1897  183.6  2020  229.5  1910  238.2  2011  295.7  2008  270.7  1982  305.5  1994   718.6  2015   443.4  1993   495.9  2017   688.5  1874  2050.4  1903
  291.9  1962  236.1  1868  216.5  1963  149.4  1994  149.7  1892  158.1  1948  179.8  1998  223.2  1923  238.0  1872  295.2  1954  270.5  1954  305.1  1912   713.2  1894   437.4  1913   493.2  1998   688.1  2000  2028.5  1928
  291.1  2015  234.5  2000  212.8  1986  148.5  1992  149.6  1967  157.1  1928  178.5  1950  220.7  2004  232.7  1923  293.9  2011  266.6  1979  304.5  1993   711.3  2007   428.7  1920   491.0  1948   681.0  1984  2027.6  2014
  276.1  2014  232.5  1903  206.6  2015  143.2  1996  148.5  2002  156.5  1980  177.9  2015  215.5  1988  227.7  1954  290.7  1998  265.6  1939  299.7  1949   704.0  1920   428.0  2011   474.4  1988   662.3  1977  2002.3  1992
  274.4  1921  226.0  1945  201.9  1988  140.6  1977  145.6  1963  156.5  1890  177.8  1959  211.2  1930  226.0  1982  288.9  2000  262.6  1953  281.3  1951   685.7  1872   421.1  1967   473.2  1950   657.5  1917  2000.1  1999
  271.5  2016  225.0  1918  196.7  2008  139.1  1960  145.1  2009  156.0  1907  175.1  2009  209.3  1961  223.1  1948  288.4  1862  262.5  1931  280.4  1974   681.0  2012   420.1  1868   467.1  1980   647.8  1923  1996.6  1998
  268.3  1999  223.8  1914  196.5  1868  139.1  1961  143.0  1907  155.8  1877  175.0  1939  207.1  1868  220.0  2000  287.1  1943  257.5  1991  275.4  1911   673.1  1994   418.3  1903   463.2  1956   638.7  1970  1995.1  1948
  268.1  1932  223.2  1915  192.7  1979  138.9  1862  142.8  1972  151.0  1972  171.8  1936  207.0  1892  218.7  1946  285.1  1996  255.4  1917  273.2  1932   673.0  1974   417.8  1990   463.2  1879   637.7  2009  1991.5  1938
  263.6  1873  222.6  1998  190.3  1983  135.5  2005  138.6  2006  150.3  1965  170.0  1956  205.7  1948  218.4  2004  280.9  1917  252.6  1981  273.0  2014   663.6  1975   416.1  2009   459.1  2008   637.4  1877  1989.9  2008
  262.8  2007  220.8  2011  187.4  1896  135.3  1899  138.5  1916  150.0  2020  166.8  1970  203.0  1891  214.2  1962  277.1  2014  250.6  1951  271.3  1919   653.3  2008   415.9  1972   449.3  2004   634.5  2020  1984.0  2009
  259.5  1884  213.9  1992  187.1  1897  134.4  1880  137.6  1945  145.4  1881  164.9  1884  200.8  1943  212.4  1975  272.9  2021  244.2  1992  269.7  1900   648.9  1884   414.1  2006   446.6  1873   633.3  1950  1953.2  2000
  259.4  1983  209.6  1939  186.3  1913  134.2  1932  137.1  1922  141.2  1927  163.6  1938  200.6  1929  210.3  1879  271.2  1990  240.2  1929  269.4  1980   645.6  1869   403.7  2002   444.8  1938   629.4  1872  1939.7  1986
  258.0  1984  209.2  1910  185.8  1967  131.5  1913  136.7  2005  141.1  1879  160.8  1879  194.4  1895  210.3  1935  261.1  1984  238.9  1984  261.4  1891   645.2  1903   397.7  2014   444.6  1897   621.6  1918  1933.5  2006
  255.7  1994  208.0  2016  185.3  1987  131.2  2004  136.4  2013  139.6  2004  159.7  1881  193.8  1956  209.0  1927  260.2  1930  237.5  1944  260.1  1959   641.8  1937   395.3  1999   444.5  1923   621.5  1980  1928.9  1982
  255.4  1866  206.9  1920  184.7  1981  131.0  1999  131.2  2014  137.4  1919  157.6  2012  193.4  2008  207.5  1977  256.5  2001  236.4  1947  258.7  1862   640.9  2002   392.5  1976   444.2  1903   614.2  1979  1927.1  1994
  254.2  1995  206.5  1911  182.4  1982  130.7  1950  130.2  1862  136.5  1945  156.4  1957  193.4  1907  207.5  1874  254.4  2020  235.3  1978  258.4  1921   640.8  1998   390.3  1921   440.5  1881   611.9  1928  1912.9  2002
  252.8  1938  200.6  1869  182.3  1995  130.5  1910  130.0  1964  134.2  1990  156.2  2016  193.3  1950  204.0  1999  252.9  1928  233.8  2011  256.3  1966   638.3  1863   389.3  1907   440.1  1929   605.7  1967  1908.2  2012
  252.3  2005  197.5  1871  179.8  1876  130.3  1943  129.6  1924  133.2  1994  154.9  1888  189.9  1877  202.2  1934  252.3  1934  232.5  1883  254.4  1914   632.3  1999   388.7  1862   439.9  1928   603.3  1890  1906.5  1923
  249.5  1863  195.8  1935  177.2  1908  129.3  1863  129.2  1870  133.0  1876  154.5  1895  189.7  1874  201.8  1866  249.3  1909  232.0  1928  253.6  1898   628.3  1989   387.2  2005   435.9  1907   596.3  1998  1900.6  2004
  246.8  1930  194.9  1885  175.9  1914  128.8  1911  129.0  1947  132.5  2007  153.9  1924  186.9  1998  201.3  1918  246.9  1923  231.5  1881  251.8  1924   628.2  1930   372.9  1899   434.1  1927   593.3  1953  1876.1  1988
  246.4  2004  193.1  1884  175.0  1968  126.9  2013  128.7  1993  130.0  1954  153.6  1896  185.0  1897  200.4  1961  246.5  1916  230.6  1963  249.9  1982   627.3  1915   371.2  1977   432.2  1882   588.4  1978  1823.7  1862
  244.1  1875  191.6  1877  174.6  1920  126.6  1909  126.6  1884  129.0  1966  152.4  1923  183.2  1921  200.3  2006  246.5  1977  229.5  1882  246.8  1868   619.7  1984   371.2  1904   428.8  1910   584.0  1944  1811.0  2017
  242.9  1948  187.6  2017  174.2  1912  126.0  1871  126.3  1966  128.6  1863  150.3  1877  181.1  1883  199.7  1970  242.6  2013  226.2  1974  246.6  1942   619.4  1922   367.6  1983   428.4  1965   583.2  2018  1787.4  1950
  242.6  2018  183.9  1872  169.4  1905  124.7  1901  123.1  1888  128.0  1882  148.6  1871  178.9  2017  198.9  1924  239.3  1877  222.1  1872  245.0  1877   609.4  1916   366.2  1979   425.8  1892   581.2  1930  1782.3  1967
  242.1  2002  183.2  1923  167.4  2014  124.1  1965  122.8  2007  127.8  1991  148.4  1937  178.7  1873  198.2  1908  235.9  1968  221.9  2003  243.6  1934   606.8  1943   363.4  1966   425.6  1862   581.1  1991  1781.1  1868
  240.6  1890  182.2  1922  166.7  1882  123.5  1916  122.8  1999  127.1  1943  148.4  2019  176.3  1942  197.2  1953  232.7  1961  220.7  2020  243.6  2000   595.7  1950   363.1  1991   423.5  1992   576.2  1948  1777.3  1882
  239.0  1988  181.8  1916  166.2  1977  120.9  1927  119.6  1913  127.0  1935  148.2  1909  175.0  2012  195.7  1892  228.9  1873  220.7  1960  243.2  2019   594.0  1933   358.2  2019   421.7  2015   574.9  1927  1766.3  2019
  238.4  1903  181.5  2021  161.6  2017  120.0  1915  119.1  1900  126.5  1998  145.6  1940  174.6  1898  195.7  1891  227.0  1918  220.3  1999  242.8  1936   586.4  1949   356.4  1897   421.5  1930   573.8  2008  1766.1  1949
  236.0  1926  180.6  1883  160.3  2006  119.0  1959  118.8  1929  126.3  1944  144.5  1921  174.2  1941  195.1  1942  226.8  1932  218.1  2018  241.9  2012   586.4  2005   353.8  1989   420.9  1961   572.5  1903  1761.0  1980
  233.7  1927  175.6  1996  160.2  1881  118.0  1970  116.6  1943  125.8  1862  144.4  1867  173.1  1906  191.0  1864  226.0  1949  217.1  1940  237.7  1954   586.2  1988   351.9  1882   420.4  1943   571.2  1961  1753.8  1884
  228.4  2020  175.0  2008  155.2  1991  116.1  2009  116.4  1878  123.8  2008  143.9  2017  170.9  1951  189.7  1992  225.1  1929  215.6  1959  236.0  1955   583.1  1957   348.1  1914   420.2  1962   568.3  1996  1753.8  1920
  227.8  1934  173.7  1937  154.9  2009  115.1  2006  114.5  1938  123.7  1947  142.9  1931  170.0  1979  188.4  1974  225.0  1981  215.4  1888  236.0  1997   581.4  1913   347.3  1988   412.1  1954   564.0  2012  1747.4  1981
  227.6  1957  172.5  1866  154.8  1976  115.0  1990  114.1  1954  121.3  1999  142.4  1967  169.8  1982  184.9  2016  223.8  1970  215.2  1970  234.4  1956   576.6  1981   346.1  1906   408.1  2002   562.6  1963  1744.7  1961
  227.5  1862  171.4  1893  154.7  1957  114.7  1934  112.2  1886  119.9  1896  142.3  1932  169.6  1980  184.5  1863  221.4  2017  213.1  1926  231.8  1884   575.1  1925   345.2  1927   407.0  1890   562.3  2004  1744.2  1943
  225.7  1920  171.3  1880  154.3  2021  114.0  1898  112.1  1983  118.7  1981  141.9  2008  169.5  1889  184.3  1988  221.3  1906  211.9  2002  230.8  1876   573.0  1868   345.1  1968   402.2  2007   561.1  1992  1739.3  1927
  225.2  1937  170.6  1943  154.3  2007  113.7  2002  111.3  1934  118.6  1946  141.9  1958  168.8  1904  181.3  1964  219.9  2005  211.0  1998  230.8  1948   568.6  1983   342.3  1949   398.0  1895   559.5  1995  1738.5  1974
  222.0  1946  170.4  1949  152.5  1907  113.4  1964  111.0  1931  116.6  2011  141.0  1980  167.7  1987  181.0  1984  218.3  1989  208.9  1996  229.9  1983   567.2  1866   341.2  1905   397.2  1987   558.2  1940  1729.7  1926
  220.2  1916  169.3  1926  152.4  1940  113.1  1868  111.0  1958  115.4  2005  139.6  1903  167.5  2020  180.8  1968  216.8  2004  208.7  2012  229.3  2004   566.7  1928   340.8  2007   396.5  1958   556.0  1891  1724.5  1883
  216.0  2000  165.1  1928  150.8  1993  112.2  1923  110.5  1868  115.1  1892  138.5  1933  165.6  1917  179.8  1945  216.1  1948  208.3  1977  227.2  1872   561.8  1910   338.8  1987   394.1  1924   555.3  2017  1723.9  1991
  215.3  1976  165.1  1961  150.3  1938  111.3  2016  110.0  1865  115.0  1901  138.1  1929  165.1  1872  179.8  1983  211.6  1982  206.6  1913  226.8  1897   559.9  1960   333.7  1997   389.9  1931   550.8  2010  1721.2  1979
  214.9  1868  163.9  1950  149.9  1966  110.5  1935  110.0  1981  108.6  1864  138.1  1947  165.0  1927  179.6  2018  207.5  1891  203.9  1946  221.5  1869   559.6  1962   332.6  1908   388.6  1876   550.7  1986  1714.2  1874
  213.9  2012  162.2  1925  149.6  1874  110.5  1985  108.9  1944  108.4  1952  137.1  1910  164.9  1866  179.4  1987  205.9  2002  202.1  1930  218.6  1990   559.4  1885   331.7  1943   388.3  1912   546.6  1926  1712.0  2013
  213.6  2009  161.8  1876  148.9  1928  109.6  2018  108.9  1917  108.3  1900  136.6  1915  161.6  1901  177.3  1965  204.3  1876  200.9  1969  216.6  1985   558.8  1992   330.2  1867   383.7  1989   545.9  1932  1711.8  2018
  212.9  1989  161.4  1870  147.7  1948  107.2  1963  108.4  1899  108.0  1875  135.9  1872  161.3  1879  177.3  2012  204.2  1986  198.3  2010  215.4  1940   558.2  1883   330.1  1981   380.3  1957   542.7  1983  1708.7  1918
  210.4  1894  160.6  1898  144.8  2000  106.1  1882  106.7  1955  107.3  1913  135.2  1920  160.0  2011  176.6  1878  202.2  1942  197.7  1949  215.1  1866   555.0  1945   327.7  1995   378.6  1946   539.3  2001  1704.4  2007
  208.7  1883  160.4  1931  141.5  2002  104.9  1874  103.1  1973  106.9  2015  132.6  1946  159.8  1928  175.1  2019  202.1  1987  196.9  1911  212.5  1893   549.9  1967   325.0  1965   378.4  2016   537.5  1999  1703.6  1985
  207.3  1986  159.9  1967  141.5  1997  104.4  1948  102.0  1904  105.7  1987  132.1  1890  159.1  2014  173.4  2017  201.2  1980  196.2  1914  211.0  1964   549.5  1993   323.5  1982   376.7  1964   533.3  2005  1697.9  1989
  204.9  1942  159.5  1960  141.5  1999  103.6  1914  101.9  1997  104.1  1969  132.0  1993  158.9  1934  172.4  1886  197.8  1893  195.9  1972  210.7  1998   547.9  1899   322.3  1945   376.2  1896   533.2  1883  1697.6  1900
  201.2  1906  159.1  1988  136.8  1864  103.1  1951  101.2  2021  103.5  2019  131.0  1960  158.5  1900  171.5  1967  197.0  1870  194.9  1869  210.5  2020   547.0  1926   322.1  1934   376.0  1953   531.3  1968  1694.0  2005
  199.8  1900  157.6  1970  135.6  1998  103.0  2010  101.2  1968  103.0  1959  130.4  1954  157.5  1952  169.9  2010  196.2  1900  193.3  1918  210.2  1979   546.6  2021   318.2  2004   375.8  1994   531.1  1929  1685.6  2016
  198.2  1869  154.9  1966  134.9  2020  102.3  1900   99.7  1872  102.9  1964  129.7  1922  156.8  1964  167.5  1890  194.5  1940  192.9  1899  208.8  1965   538.1  1912   315.2  2013   375.2  1900   525.8  1943  1683.3  1993
  198.2  1981  154.5  2015  132.7  1927  101.0  1924   98.5  1965  102.2  2001  129.3  1961  156.5  1958  167.0  1944  194.4  1907  190.5  1994  208.3  1871   536.1  1935   314.6  1961   374.3  1888   524.5  1869  1681.6  1932
  193.7  1944  153.7  1882  131.1  1939   99.9  1955   97.8  1942  101.4  1950  127.9  1927  154.2  1865  164.8  1947  194.2  1971  186.6  1880  207.6  1973   535.8  2018   314.4  1916   374.0  1952   521.1  2021  1679.9  1930
  193.3  1899  153.3  1999  129.5  1926   99.0  2014   97.7  1969  101.4  1955  127.3  1948  153.1  1905  164.1  1896  193.4  1926  184.7  1916  207.4  1915   530.1  1923   313.2  1932   374.0  2011   510.6  1987  1679.7  1929
  191.7  1965  151.5  1948  129.3  1879   98.9  1905   96.6  1982  101.4  1929  126.5  1942  152.5  1876  163.1  1898  193.2  1963  183.5  1976  207.0  1918   528.0  1878   312.9  1886   369.4  1883   507.9  1990  1678.5  1916
  190.7  1958  150.6  1982  129.3  1899   98.7  1998   96.3  1877  100.6  1937  125.8  1893  152.4  1965  162.3  1899  192.6  1878  181.3  1935  199.9  1944   526.8  1873   312.7  2008   367.1  1926   507.2  1934  1676.9  1977
  189.6  1874  149.2  1974  129.0  1871   97.8  1877   96.0  1889  100.5  1930  125.7  1965  151.7  1954  161.4  1932  192.2  1959  179.2  2000  199.8  1907   525.6  2004   312.6  1874   363.7  1942   507.0  1882  1674.6  1866
  189.6  1943  147.6  1962  128.9  1890   97.6  1944   95.8  1926   99.4  1956  125.2  1887  151.0  1920  161.3  1966  189.3  1979  178.8  1895  196.2  1883   523.6  1987   311.1  1910   362.6  1990   504.7  1900  1670.1  1921
  189.5  2013  145.7  1977  128.1  1947   97.5  1919   95.6  1921   98.8  1973  123.8  1987  151.0  1949  159.6  2005  189.2  1976  178.3  1927  195.4  1896   522.1  1952   311.1  1964   358.9  1920   503.2  1949  1668.4  1962
  187.6  1951  141.6  2007  127.3  1895   96.7  1885   95.5  1911   98.6  1894  123.1  1928  150.8  1924  159.4  2020  187.6  1927  178.1  1894  195.2  1991   521.6  2013   308.9  1922   356.2  1970   502.5  2013  1666.7  1970
  186.9  1878  140.5  1954  126.8  1919   94.9  1922   94.4  1894   98.1  1958  121.6  2007  149.7  1926  158.3  1979  186.6  1991  177.8  1874  193.8  1909   520.5  1931   307.7  1926   354.9  1937   501.4  1985  1659.4  1912
  185.8  1982  139.6  1933  125.4  1872   94.8  1975   92.9  1953   97.3  1926  120.6  1975  149.4  1957  156.9  1875  185.5  2018  174.0  1898  193.3  1960   516.8  1898   307.3  2003   354.7  1874   500.7  1975  1658.3  1934
  185.2  1949  137.7  2012  124.6  1886   93.7  1907   92.3  1908   97.0  1963  120.2  1974  148.1  2007  156.3  1955  185.4  1988  172.7  1980  191.8  1984   514.8  1914   305.2  1950   354.4  1921   499.4  1873  1654.7  1907
  182.5  1909  135.7  1867  124.1  1884   93.2  1895   92.0  1956   95.5  1908  120.1  1926  146.5  2005  152.9  1873  184.8  1883  170.1  1975  189.8  1881   511.2  1961   303.5  1912   352.2  1904   498.5  1976  1647.6  1983
  182.1  1998  134.8  1904  122.6  1902   93.1  1933   91.6  1927   94.7  2003  120.0  2001  146.3  1863  151.0  1956  184.5  2006  170.0  1866  188.0  1987   510.1  1908   302.6  1948   351.0  2001   496.8  1974  1646.9  1863
  181.9  1923  134.8  1907  121.6  1980   92.9  1979   91.2  1881   93.8  1922  119.8  1908  144.2  1914  149.5  1997  183.0  1957  168.4  1973  186.4  1957   507.1  1882   299.9  1909   350.5  1951   494.4  1916  1645.9  1951
  181.9  1908  133.3  1881  121.1  1954   92.2  1962   90.5  1909   92.8  1898  119.4  2002  143.3  2018  147.1  1990  182.6  2010  168.2  1923  184.2  2003   506.9  1918   299.8  1996   350.4  1908   493.0  1863  1630.2  1944
  181.2  1933  131.9  1971  119.9  1894   91.4  1986   89.7  1875   92.5  1962  118.2  1992  140.9  1893  146.6  1940  180.0  1901  168.1  2001  183.4  1863   506.1  1939   299.1  1957   349.5  1871   489.7  1899  1624.7  1995
  180.1  1931  131.9  1984  119.9  1891   90.3  1997   89.7  1996   92.5  1883  117.6  1918  140.8  2016  145.9  1958  179.5  1944  166.0  1900  183.2  1923   502.9  1870   298.6  2016   347.2  1979   487.3  1875  1623.6  1984
  179.0  1972  130.3  1905  119.7  2004   89.2  1953   88.6  2019   92.3  1888  117.5  1995  140.8  1994  143.0  1919  179.4  1868  162.2  1884  182.5  1928   495.9  1911   298.0  1881   345.2  1866   486.4  2015  1619.4  1966
  178.9  1952  130.1  1973  119.6  1862   88.4  2011   87.8  1903   92.1  1878  117.1  1964  138.6  1953  142.5  1900  179.0  1936  161.9  1875  182.4  1958   494.8  1958   296.8  1884   343.0  1933   485.6  1885  1615.8  1987
  178.8  1922  130.1  1863  118.7  1950   88.3  2001   87.1  2016   91.7  1917  115.4  1951  138.3  1990  142.0  1882  178.0  2012  161.4  1892  180.0  1930   490.8  1892   295.3  1888   342.8  1944   485.3  1892  1615.3  1965
  177.7  1978  128.6  1980  115.9  1906   87.9  1897   86.9  1992   91.6  2006  114.0  1899  137.0  2015  140.3  1904  176.6  1867  161.4  1905  179.6  1889   489.8  1991   292.1  1863   341.1  1960   485.0  1886  1613.8  1906
  176.6  1991  128.4  1941  115.2  1951   87.9  2015   86.9  1883   90.3  1982  113.6  1874  136.9  2000  140.1  1926  174.9  2019  161.4  2014  178.2  1931   488.2  1921   291.9  1877   340.9  1867   483.0  1866  1611.6  1942
  176.3  1924  128.4  1908  115.1  2010   87.6  1887   86.7  1902   89.9  1976  111.7  1981  136.5  1894  140.1  1938  174.2  2009  161.3  1920  178.0  1946   488.2  1954   291.7  1970   340.4  1936   483.0  2002  1608.3  1890
  176.1  1954  126.6  1887  114.9  2005   87.2  1966   85.7  1995   89.4  1924  111.0  1945  135.4  1881  139.1  1951  172.4  1950  160.6  2017  176.4  1908   487.1  1946   291.6  1998   335.3  1894   480.5  1988  1603.7  1935
  172.2  1918  125.4  2019  114.5  1945   87.1  2012   85.7  1932   89.0  2018  110.7  2003  135.2  1908  138.9  1963  169.5  1884  159.2  1886  176.3  1952   486.7  1948   291.5  1954   335.1  2010   476.7  1947  1596.8  1957
  172.1  1886  124.0  1906  112.3  1952   86.1  2008   85.3  1974   88.9  1996  110.5  1880  135.1  1875  137.0  1991  169.3  1872  158.2  1966  175.9  1901   480.1  1867   291.4  1896   333.5  1901   473.8  1964  1589.8  1931
  167.7  1913  122.0  2018  111.9  2011   86.0  1878   85.1  1910   87.2  1967  110.2  1941  134.6  1963  136.9  1897  168.5  1875  157.9  1964  175.8  1988   467.5  1938   291.2  1878   333.4  1922   466.8  2014  1586.8  1898
  167.7  1947  121.1  1957  107.0  1930   85.7  1967   85.1  1890   87.0  1989  109.7  1930  132.9  1986  135.8  2008  167.5  1952  157.7  1932  174.7  1972   465.0  1966   288.9  1871   330.9  1967   466.3  1884  1581.5  1997
  165.0  1904  117.7  1958  105.5  1942   85.0  1989   84.0  1918   86.9  1911  109.2  1916  130.3  1871  134.6  1884  167.0  1945  154.1  1971  174.4  1902   463.0  1900   287.0  1938   330.6  1959   461.3  1959  1579.4  1876
  164.3  2003  117.0  1912  104.9  1959   84.5  1920   83.4  1885   85.9  2000  108.9  1979  128.8  2001  134.2  1902  164.2  1965  153.9  2007  173.4  1962   462.4  1906   285.8  1940   327.9  1934   460.6  1898  1578.6  1873
  164.1  1968  116.6  1897  103.8  2018   84.1  1940   83.4  1933   85.2  1983  108.4  1900  128.3  1960  132.7  1901  159.3  1863  153.8  2005  172.6  1910   462.3  2001   285.6  2000   326.4  1909   458.8  1901  1578.5  1914
  163.6  1882  114.8  1946  103.7  1961   83.8  1889   82.7  1863   82.3  1961  108.1  1952  127.4  1912  132.2  1936  159.2  1912  152.8  1891  172.0  1895   459.3  2017   283.6  1885   326.0  1963   458.7  1931  1576.8  1924
  162.1  2011  114.6  1938  103.5  1885   83.6  1883   82.6  1873   81.8  1960  108.0  1999  127.4  1946  131.4  1867  156.8  1941  152.5  1906  171.6  1953   457.9  1909   282.9  1960   325.7  1906   456.8  1969  1574.8  1894
  161.1  1925  113.4  1976  102.5  1965   82.5  1926   82.1  1898   81.5  2016  108.0  1886  127.0  1888  130.0  2013  156.6  1925  151.0  1912  171.6  1916   453.7  1997   281.3  1942   324.4  2014   455.8  1862  1571.0  1911
  158.7  1910  113.0  1994  100.2  2016   81.7  1937   82.0  2012   81.2  1933  107.8  1906  126.7  1918  129.8  1887  154.0  1865  149.1  1863  171.2  1886   452.8  1890   280.6  1872   323.4  2018   452.0  1936  1559.9  1978
  154.7  2021  112.8  1951   98.6  1933   81.6  1988   81.9  1970   80.4  1970  107.5  2014  125.0  1977  129.3  1995  153.6  1921  149.0  1997  171.1  2017   451.9  1980   280.2  1911   322.0  1974   450.6  1906  1552.9  1908
  152.9  1961  112.8  1889   98.2  1904   80.7  1952   81.4  1897   80.3  1939  106.9  1944  124.1  1971  127.0  1928  153.5  1886  146.3  1941  170.2  2018   449.7  1887   279.9  1902   321.8  1939   446.2  1924  1550.8  1899
  152.3  1892  112.6  1865   97.8  1877   79.8  1973   81.3  1941   80.1  1909  104.9  1904  123.8  1973  126.3  1870  152.5  1958  146.1  1901  168.9  1882   449.4  1932   279.7  1876   320.6  1941   445.5  1942  1544.7  1904
  151.9  1887  112.3  1900   97.4  1866   79.1  1896   80.7  1867   79.3  1974  104.8  1866  123.3  1933  125.8  1943  145.7  1890  142.3  2008  168.2  2007   449.1  1876   279.6  1894   320.3  1893   443.5  1946  1543.1  1960
  150.7  1936  109.5  1864   97.3  1985   78.0  1942   80.6  1979   78.9  1997  103.7  1892  122.5  1974  125.7  1976  145.6  1969  140.7  1936  166.9  2021   447.4  1973   279.2  2017   319.0  1898   440.5  1966  1542.7  1910
  149.7  1992  109.0  1981   96.3  1888   77.4  1870   79.6  1893   78.5  1904  103.1  1876  120.8  1867  125.6  1903  142.2  1871  140.1  1907  166.2  1906   445.9  1955   278.2  2021   317.5  1917   439.9  1951  1539.6  1953
  149.7  1915  108.6  1913   96.1  1934   77.3  1928   79.4  1987   77.3  1934  102.8  1902  120.6  1916  123.6  2009  141.7  1931  138.5  1919  165.0  1922   444.4  1904   275.4  1985   316.3  1891   438.7  2019  1539.1  1897
  148.8  1919  106.8  1927   95.6  1946   77.2  1864   79.1  1882   76.7  1993  102.6  1991  119.8  1878  123.2  2021  141.5  1885  138.1  1961  163.0  1992   443.5  1927   275.2  1933   313.4  1991   437.5  1878  1531.3  1946
  145.9  1902  106.1  1972   95.5  1910   76.2  1976   77.8  1962   76.6  1984  102.1  1986  118.4  1890  121.2  1917  135.4  1882  137.0  1985  160.6  1875   441.1  2011   273.8  1951   313.3  1945   434.2  1939  1530.8  1891
  145.7  1912  104.7  2005   94.7  1971   76.1  1886   77.4  1923   76.1  1985  102.0  1969  117.7  1919  120.4  1957  134.8  1955  137.0  1948  160.3  1920   440.6  1901   273.4  1880   311.5  1875   433.7  1864  1527.5  1871
  143.3  1889  103.5  1896   93.9  1936   75.9  1888   76.3  1971   75.8  1867  101.9  1994  117.7  1925  119.7  1937  134.6  1964  135.6  1864  160.1  1888   439.7  1970   272.0  1928   310.7  1982   430.8  1965  1520.1  1909
  142.6  1969  102.3  1978   93.3  1932   74.5  1869   74.0  1949   75.5  1866  101.8  1905  113.4  1882  118.9  1930  134.5  1899  135.3  1967  159.3  2008   435.5  2009   270.3  2018   310.6  1999   427.6  1893  1517.1  1976
  142.5  1973  101.1  1987   93.1  1972   74.3  1939   72.8  1905   75.0  2013  100.4  2013  113.1  1862  117.8  1925  134.2  1889  134.6  1950  158.5  1938   433.3  1965   270.0  1890   308.8  1972   426.0  1960  1516.9  1996
  141.0  1914  101.0  1899   91.8  1970   74.1  1987   71.9  1957   74.6  1873  100.1  1997  111.0  1966  116.4  1880  133.5  1953  134.4  1903  158.2  1894   431.2  1986   269.1  1959   308.6  1973   418.5  1909  1508.4  1945
  140.3  1960   99.0  1909   90.6  1880   73.9  2000   71.8  1960   74.5  1971  100.1  1894  110.7  1978  116.0  1883  133.3  1905  134.4  2016  156.2  1880   424.0  1871   268.9  1978   308.0  1905   416.5  1881  1503.7  1964
  139.9  1979   96.6  2001   90.6  2003   73.3  1876   71.8  1879   74.5  1957   97.6  1897  109.9  1922  115.4  1893  128.2  1994  133.8  1902  154.5  1904   420.1  1864   267.7  1889   306.2  1884   414.6  1971  1501.3  1881
  139.2  2006   96.1  1878   89.0  1873   72.8  1931   71.8  1961   74.2  1880   97.4  2011  109.7  1944  114.7  2001  128.1  1892  132.7  1871  151.8  1969   418.5  1976   267.6  1973   305.8  2005   414.2  1994  1495.0  1947
  137.9  1939   95.0  2004   88.7  1878   72.6  1957   71.1  2020   72.7  1920   97.0  1911  108.9  1970  110.9  2007  127.7  1956  131.1  1908  151.0  1899   416.2  1889   266.8  1917   304.8  1918   409.6  1997  1491.8  1972
  135.1  1871   94.6  1991   87.9  1941   72.1  1912   69.5  1936   71.7  1978   95.8  1883  107.1  1911  110.4  1905  127.5  1895  129.9  2013  150.3  1945   412.0  1956   265.8  1923   303.0  1986   405.2  1962  1488.3  2021
  134.4  1865   94.3  2006   87.9  1889   72.0  1917   68.8  2017   71.6  1936   95.7  1968  106.1  2010  110.3  1969  127.2  1992  129.2  1987  150.1  1913   411.8  1907   265.0  1901   303.0  1966   405.1  1905  1483.2  1925
  133.7  1967   94.0  1955   87.9  1915   70.6  1902   68.6  1914   70.6  1871   95.4  1978  105.8  1937  108.2  1989  124.0  2007  127.9  1924  149.8  2016   411.8  1874   264.4  1864   298.9  1863   401.1  1911  1482.4  1869
  132.8  1885   90.2  2013   85.9  1917   70.3  1945   67.7  1985   70.5  1903   94.6  1912  105.8  2006  105.8  1920  123.5  1898  127.4  1887  148.0  1887   406.3  1982   263.7  1898   297.6  1919   399.9  1912  1480.0  1917
  132.3  1971   88.3  1936   84.8  1949   69.0  1968   67.3  2004   70.1  1975   94.4  1963  105.6  2002  105.3  1952  122.3  1896  127.1  2004  144.9  1978   405.4  1924   263.3  1955   296.1  1916   399.1  1913  1479.8  1936
  132.2  1888   82.4  1886   84.7  1943   66.8  1941   66.9  2000   69.8  2009   92.4  1943  104.7  1884  103.5  1960  121.0  1966  125.6  1910  144.5  1903   403.2  1905   262.6  1924   295.1  1935   397.2  1989  1478.6  1875
  132.1  1950   82.3  1879   84.6  1973   66.3  1930   65.5  1952   68.9  1923   91.9  1996  102.7  1896  101.5  2003  119.4  1924  125.1  2021  142.5  1873   403.1  1972   260.1  1919   294.4  1868   393.6  1870  1476.7  1940
  130.3  1970   81.5  2003   84.5  1901   66.0  1969   64.9  1930   68.4  1979   91.7  1934  101.8  1902   95.5  1994  119.1  1911  122.8  1865  141.7  1925   400.5  1978   259.3  2010   294.0  1993   392.8  2003  1472.0  1956
  129.4  1898   79.6  1874   83.4  1984   65.6  1906   64.4  1977   68.0  1986   91.2  2018  101.3  1967   95.5  1973  118.3  1933  122.2  1904  139.3  1865   399.3  2019   258.6  1952   291.0  1911   391.7  1876  1471.8  1963
  129.2  1867   79.6  1953   82.9  1909   65.3  1894   63.8  1988   66.7  1899   90.8  1962   98.1  1909   94.9  1876  118.2  1975  121.4  1995  137.7  1864   396.2  1875   253.0  1879   290.5  1969   388.8  2007  1471.0  1958
  129.0  1945   78.4  1968   80.1  1863   65.2  1983   62.6  1990   66.4  1916   90.2  1990   98.0  2013   94.5  1998  116.2  1894  121.2  1897  137.2  1905   388.3  1919   249.1  1870   290.3  1889   384.1  1907  1467.0  1886
  127.2  1996   77.1  1892   78.9  1956   65.1  1958   60.5  1891   66.1  1870   89.0  2004   97.0  1936   89.7  1912  113.4  1978  120.2  1922  131.0  1967   386.0  1902   245.1  1915   288.1  1981   383.2  1908  1458.6  1922
  127.2  1864   75.1  2010   77.5  1974   63.7  2007   58.8  1937   65.2  1968   88.5  1865   96.2  2021   88.4  1939  113.2  1937  117.9  1868  130.8  1885   385.3  1886   243.5  1944   285.4  2000   382.3  1957  1457.5  1892
  126.7  1876   71.4  1929   77.2  2001   63.1  1908   58.1  1874   64.2  1951   88.1  1870   95.9  1935   87.0  1922  113.1  1999  117.6  1873  122.0  1867   384.7  1865   241.9  1939   285.3  1971   379.2  2016  1456.8  1913
  124.5  1977   69.7  1940   76.9  1922   62.8  1946   57.3  1998   62.2  1910   86.7  1971   94.6  1887   85.1  1911  111.4  1913  114.6  1968  120.5  1977   381.0  1977   241.2  2012   279.7  2006   377.6  1941  1454.1  1959
  123.9  1891   69.7  1942   76.2  1923   61.9  1971   57.2  1912   60.9  1942   86.5  1907   93.7  1938   84.9  1921  111.2  1997  114.5  1893  120.1  1961   380.7  1896   238.2  1930   278.1  1932   377.3  1902  1453.9  1968
  122.3  1956   67.4  1862   75.2  1925   60.4  1866   56.8  2018   60.5  1918   86.2  1914   91.2  1885   83.9  1881  111.1  1866  112.8  1943  118.0  1935   380.2  1951   238.0  1895   277.8  1978   374.2  1955  1444.2  1939
  122.2  2001   66.2  1944   72.1  2012   60.0  1984   55.9  1950   59.1  1869   86.1  1973   89.1  1968   83.7  1993  110.2  2015  110.8  1988  117.9  1971   379.6  1942   236.9  2020   275.1  1915   374.0  1956  1443.5  1885
  121.8  2017   64.1  1902   71.9  1935   59.7  1995   55.7  1901   57.7  2014   83.8  1889   88.6  1886   82.2  1877  109.3  1902  109.4  1993  113.9  1879   377.4  1880   236.4  1883   273.8  1865   373.5  1888  1440.2  1905
  120.0  1870   63.7  1993   71.9  1960   59.5  2003   55.4  1951   57.4  1977   82.3  2006   85.2  1993   81.0  1913  107.1  1864  105.3  1885  113.1  2009   374.1  1941   236.1  1941   273.5  2013   373.2  1920  1432.7  1975
  118.4  1905   63.6  1975   70.2  1865   57.8  1903   50.4  1948   56.3  1932   81.4  1869   85.0  1915   79.6  1949  106.1  1920  100.5  1921  110.8  1989   373.4  1968   235.9  1900   270.8  1975   368.8  1868  1427.9  1896
  116.8  1911   63.4  1959   69.4  1887   56.6  1921   50.4  1864   53.6  1893   78.2  1864   84.4  1969   77.8  1862  104.5  1904   98.3  1962  110.7  1976   367.6  1947   232.9  1971   269.6  1914   367.4  1945  1423.4  2001
  114.1  1955   63.0  1875   68.7  1893   56.3  1954   49.3  1940   53.5  1915   78.0  1925   83.1  1991   77.8  1914  101.9  1960   98.0  1889  110.6  2005   366.1  1944   230.9  1891   267.3  1940   367.3  1895  1414.8  1893
  113.1  1980   62.9  1969   67.7  1964   56.0  1890   48.4  1880   53.1  1905   75.3  1972   82.5  1972   76.7  1906  101.1  1881   95.4  1956  109.6  1917   359.8  1897   230.1  1962   265.3  1949   367.0  1904  1410.7  1867
  110.9  1907   62.6  2009   67.6  1898   55.5  1872   45.8  1928   52.9  2021   75.2  1949   82.2  1940   74.5  1941   98.7  1888   94.7  1909  108.1  2001   357.1  1936   227.4  1892   265.1  1947   366.0  1958  1407.6  1952
  108.3  1901   62.6  1901   67.2  1875   55.2  1875   45.6  1866   52.7  1885   73.4  1976   81.3  1999   74.4  1909   96.3  1915   92.5  1876  106.2  1943   356.5  1971   224.4  1956   260.8  1887   357.8  1952  1404.1  1901
  105.1  1896   62.0  1952   66.9  1996   53.6  1893   45.2  1959   52.3  1891   72.3  1935   80.0  1975   74.3  1996   95.9  1985   89.6  1862  105.0  1941   351.9  1996   224.1  1953   256.3  1902   356.3  1896  1402.1  1973
  103.7  2019   59.3  1983   65.9  1883   53.6  1956   44.5  1989   51.6  1902   72.0  1885   79.6  1932   73.9  1889   92.7  1962   89.5  1990  103.1  1926   351.0  1953   222.5  1931   254.5  2003   352.6  1867  1384.7  2003
  101.3  1966   53.7  1956   60.3  1867   51.9  1879   44.5  1887   51.6  1868   70.2  1977   68.8  1931   73.3  1871   88.8  1869   89.3  1965  100.1  1937   344.1  2006   217.8  1958   254.2  1864   348.2  1871  1380.6  1888
   96.7  1935   53.5  1921   60.1  1962   51.5  2019   41.2  2010   51.5  1874   68.4  1875   68.0  1996   71.5  1868   88.6  1897   88.7  2019   98.8  1939   342.1  1893   212.1  1875   252.6  1977   346.8  1897  1367.2  2010
   95.1  1953   50.9  1985   59.2  1918   50.9  1929   40.8  2001   49.0  1895   63.0  1966   67.9  1984   66.3  1971   87.3  1910   85.0  1952   97.2  1996   331.3  2003   211.9  1865   250.0  1968   345.7  1973  1348.9  1919
   92.2  1880   45.9  1924   56.9  1975   50.4  1891   37.1  1915   49.0  1953   62.6  2000   67.3  1864   65.9  1929   84.5  1972   83.6  1915   92.3  1970   328.3  1979   208.4  1935   248.8  1996   345.1  1879  1328.9  1878
   88.7  2010   45.1  1964   56.7  1955   48.9  2017   36.5  1975   46.8  1886   61.0  1891   66.7  1997   65.1  2002   83.0  1922   83.0  1955   92.3  1947   325.3  1888   206.3  2001   245.7  1997   341.6  1914  1327.5  1915
   88.2  1917   45.1  1888   55.9  1911   46.6  1881   36.4  1939   44.8  1906   60.1  1917   66.4  1939   63.2  1916   82.2  1974   80.1  1933   91.4  1870   316.8  1929   205.6  1936   245.5  1878   339.1  1921  1326.7  1864
   86.2  1964   43.5  1979   53.3  1937   46.1  1884   36.4  1994   44.5  1995   57.8  1989   65.9  1945   60.9  1895   82.0  1879   78.9  1957   89.8  1975   315.3  1959   205.1  1929   243.3  1886   338.7  1919  1318.6  1937
   81.0  1893   42.3  1891   52.4  1916   44.6  1982   36.0  1946   40.9  1887   56.9  1901   62.3  1899   59.4  1888   81.7  1973   70.8  1989   89.6  1892   313.7  1985   203.4  1866   242.9  1899   337.1  1880  1314.9  1971
   80.2  1940   40.5  1917   52.0  2013   42.5  1892   35.8  1869   39.5  1940   55.1  1984   57.6  1981   56.1  1986   80.2  1939   70.3  1870   89.1  1874   312.8  1881   201.9  1893   227.6  1925   335.0  1887  1311.2  1879
   80.0  1987   36.0  1873   44.4  1869   42.2  1936   35.7  1919   39.3  2010   54.3  1983   54.1  1913   54.5  1931   77.8  1887   69.9  1896   85.5  2002   312.6  1934   201.4  1887   223.4  1880   328.7  1925  1300.1  1969
   71.0  1985   34.2  1963   42.5  1870   35.4  1981   33.9  1871   39.2  1914   51.6  1898   49.9  1870   53.5  1959   75.5  1947   68.2  1878   85.0  1968   300.2  1917   195.5  1969   215.9  1885   321.9  1865  1299.7  1889
   69.5  1959   32.6  1890   42.0  1953   34.7  1918   30.0  1991   39.1  1949   50.7  1982   49.8  1959   49.6  1907   69.4  2003   67.6  1958   79.7  1950   290.5  1969   194.5  1946   204.1  1870   307.2  1972  1297.9  1902
   62.9  1929   32.4  1919   41.8  1958   31.7  1865   29.9  2008   37.4  1992   47.9  1955   49.3  1983   49.3  1910   67.7  1914   54.5  1983   71.7  1878   276.9  2010   193.8  1937   199.5  1984   306.1  1889  1280.1  1955
   58.1  1895   30.6  1965   38.7  1931   31.1  1978   26.6  1876   36.9  1889   44.0  2005   49.2  1955   47.5  2015   61.9  1993   54.3  1925   69.9  1981   248.8  1940   190.6  1873   198.5  1955   301.1  1894  1261.7  1895
   55.5  1997   29.5  1934   36.9  1944   30.9  2020   26.5  1980   36.5  1884   42.5  1919   49.1  2003   47.2  1915   59.9  2016   52.8  1934   58.5  1963   244.6  1895   188.3  1975   197.9  1995   290.2  1922  1253.7  1880
   53.8  1879   28.3  1895   35.4  1929   22.6  2021   25.9  1935   36.1  1941   36.8  2021   42.5  1869   45.1  1865   57.2  1919   52.7  1879   58.2  2010   228.9  1963   177.9  1918   193.9  1913   270.9  1937  1229.7  1933
   47.8  1897   22.0  1947   35.1  1892   22.1  1938   24.8  1896   32.3  1988   35.6  1868   38.7  1880   37.0  1933   53.9  1908   48.2  1942   55.3  1933   221.1  1891   173.8  1974   188.8  1983   262.2  1910  1223.6  1887
   30.4  1941   12.3  1930   32.0  1924   18.9  1873   20.7  1978   32.0  1925   33.6  1878   35.9  1995   28.3  2014   50.2  1951   44.6  1867   54.9  1890   207.8  1879   161.4  1984   186.8  1976   255.0  1993  1219.7  1870
   23.3  1881    7.4  1986   31.8  1969   13.2  1980   18.0  1984   31.0  1865   32.4  1913   23.5  1976   26.8  1972   34.1  1880   38.0  1937   49.1  1995   189.7  1964   161.3  1980   185.9  2021   235.4  1933  1198.0  1941
   21.4  1963    3.1  1932   14.5  1900   11.0  1974   17.5  1895   26.7  1921   23.9  1863    3.3  1947    6.7  1894   20.9  1946   20.6  1945   44.6  1927     ---  1862   154.7  1869   182.9  1869   227.2  1915  1194.0  1865