Areal values from HadUK-Grid 1km gridded climate data from land surface network
Source: Met Office National Climate Information Centre
Monthly, seasonal and annual total duration of bright sunshine for Scotland E
Areal series, starting in 1919
Last updated 01-Jan-2022 11:00
    jan  year    feb  year    mar  year    apr  year    may  year    jun  year    jul  year    aug  year    sep  year    oct  year    nov  year    dec  year     win  year     spr  year     sum  year     aut  year     ann  year
   68.1  1959  102.5  1970  156.2  1929  223.7  2021  230.2  2001  255.6  1940  253.7  1955  235.0  1947  152.1  1997  114.7  2003   80.9  2013   54.7  2006   193.9  2015   542.2  2020   632.3  1995   303.3  1986  1504.7  1955
   61.1  2019   96.0  2018  155.3  2003  214.6  2015  228.5  2018  230.0  1949  230.6  1989  226.5  1995  148.2  1959  113.1  1998   78.4  1996   49.8  1967   188.3  2018   512.9  2015   589.5  1955   300.1  2003  1472.0  2003
   60.8  2000   94.7  1973  146.0  2012  200.8  2020  225.5  2020  229.8  1957  218.6  1976  205.0  1976  147.2  1987  106.8  1986   75.4  2017   49.4  2014   184.3  2019   495.8  2009   583.2  1976   294.2  1959  1471.7  2018
   59.9  2012   93.7  1999  143.6  1953  199.9  1942  223.8  2000  218.2  1925  215.0  2006  192.0  2003  144.9  1991  106.7  2007   74.9  2016   48.4  2004   182.6  2000   494.6  2007   553.9  2018   293.9  1996  1446.6  1995
   59.2  1992   93.2  1960  140.2  2009  189.3  2007  221.9  2009  213.5  1930  214.6  1935  184.7  1975  138.3  1979  106.5  1997   71.4  1947   46.8  1957   175.3  2001   492.3  1955   552.2  1989   288.8  1997  1410.9  1989
   59.1  2017   92.8  2003  139.0  1933  186.9  2011  221.8  1980  213.3  1995  211.8  2013  173.5  1933  137.9  1986  103.8  1981   71.2  1925   46.7  1999   175.3  1999   488.8  1948   548.1  1933   287.0  1923  1392.6  2015
   58.7  1932   91.8  2004  128.8  2007  184.5  2006  220.1  1992  213.2  1970  208.0  2014  168.6  1919  136.5  1928  103.0  1926   71.1  1988   46.3  2001   171.1  1963   485.1  2011   547.8  1975   285.4  1971  1381.7  1975
   58.3  2015   89.8  2020  128.6  1973  182.5  1981  217.6  1975  212.8  1921  207.9  1990  166.6  1984  135.9  1996  102.3  1923   70.7  1976   46.0  1976   170.5  1949   481.8  2017   528.0  1996   284.6  1926  1375.2  2006
   55.0  1962   88.2  1946  127.2  1970  177.6  1921  211.4  1971  212.8  1996  202.6  2018  165.5  1977  135.0  1955  101.8  1985   70.6  2006   45.4  1975   170.2  1952   477.8  1982   527.2  2006   278.0  2012  1362.4  2009
   53.9  2009   86.7  1963  125.7  1948  175.2  1990  209.7  1948  212.6  1975  193.8  1972  164.8  2015  134.8  1933  101.1  2008   70.6  1973   45.3  1951   168.8  2020   477.4  1942   526.4  1969   276.5  1955  1360.9  1949
   53.4  1965   86.6  1950  123.6  1967  175.0  1984  208.4  1946  212.5  2018  192.7  1982  163.3  1983  134.6  1919   99.9  1958   70.6  1989   44.8  1994   167.6  2004   475.7  2001   523.1  1977   274.7  1998  1353.7  1921
   53.1  2001   86.2  2015  123.4  2017  174.0  1962  207.3  1935  211.7  1933  192.5  1995  162.9  1997  133.6  1934   99.5  1959   68.4  2008   43.8  1974   167.2  1995   472.1  2003   522.0  1919   274.3  1919  1350.4  2019
   52.4  1931   86.1  1989  123.0  2019  171.6  1954  205.8  2017  208.8  1920  191.4  1971  162.6  1955  133.2  1971   99.4  1967   65.5  1998   43.8  2010   167.1  2007   471.4  1921   521.8  2003   273.2  1981  1344.8  2020
   52.4  1991   85.6  1949  122.8  1982  171.1  1955  205.0  1955  207.4  1936  190.5  1984  161.8  1938  132.5  1963   98.6  1956   65.3  2005   43.4  2018   166.3  1973   465.0  1929   513.8  1949   272.2  2007  1327.3  1959
   50.9  2021   84.5  2008  121.6  2008  167.5  2003  204.0  1982  206.7  1960  188.7  1943  161.4  1926  130.3  2012   98.5  1931   64.4  2000   42.5  2017   166.0  1968   464.1  1990   513.2  1947   270.0  2016  1320.1  1981
   49.9  2018   83.1  2001  118.8  1986  167.0  1965  203.0  1989  206.1  1939  186.9  1934  161.1  1968  130.1  1988   97.9  1971   64.4  1969   42.2  1970   165.7  1989   463.8  2018   513.1  1984   269.9  1972  1317.7  1929
   48.4  1933   81.7  2013  117.7  1997  166.1  1974  201.8  1994  202.2  1967  186.5  1919  160.3  1991  129.2  2004   95.5  2019   63.0  1977   42.0  1960   164.6  1959   461.0  2021   503.6  1940   269.3  1928  1314.7  2021
   48.2  2007   81.2  1937  117.3  1966  165.6  2019  201.6  1942  197.1  1969  185.8  1952  158.8  1973  128.2  2020   92.5  1922   62.8  1942   41.3  1966   164.2  1962   457.5  1980   502.4  1926   269.3  1929  1307.2  1977
   48.0  1956   80.1  1957  117.2  1995  165.5  1980  197.6  2016  196.3  1986  180.3  1977  158.6  1981  127.4  1951   92.4  2018   62.8  1922   41.2  1953   163.8  1930   455.6  1956   501.8  1925   268.0  1987  1306.6  1990
   47.9  1938   79.8  2019  116.2  1955  165.1  1952  197.1  1984  192.6  1968  175.5  1983  155.6  1969  127.4  2015   91.7  1972   62.4  1967   40.8  1948   162.2  1950   455.3  2008   500.2  1972   267.7  1925  1300.7  1919
   47.6  1978   79.7  2016  116.0  2020  161.9  1936  195.7  1921  191.1  1974  173.7  1969  154.9  1936  127.1  1924   90.2  1925   62.1  1961   40.3  1961   161.9  2005   453.5  1994   496.2  1921   266.5  1988  1298.4  2017
   47.5  2011   79.1  1995  116.0  2014  161.0  2013  192.5  1949  188.6  1950  173.7  1966  154.2  2005  126.8  1942   89.8  1929   62.0  2003   40.2  1935   160.6  1946   452.7  2019   494.6  1983   264.7  2018  1297.8  1994
   47.5  1952   79.1  1943  115.8  1931  160.5  1956  192.5  2005  185.5  1988  172.3  1926  152.2  1945  125.7  1929   89.8  1993   61.6  1923   40.1  1929   158.7  1992   450.2  1946   494.5  1950   264.7  1942  1296.5  2000
   47.0  1981   79.0  1996  115.3  2015  159.2  1991  192.3  2010  184.4  1929  170.3  2021  151.3  2016  124.0  1940   89.6  1936   61.1  2012   39.8  2003   158.3  1970   449.8  1981   493.4  1934   264.2  1948  1295.9  1973
   46.8  1990   78.3  1968  114.5  1994  157.3  1945  192.0  1978  184.2  1994  169.0  1996  150.1  1972  124.0  1954   89.6  2015   60.5  1930   39.6  2007   157.3  1932   449.0  2010   493.0  2013   263.7  1934  1291.3  1950
   46.3  1979   77.5  1930  113.5  1934  155.7  2010  191.7  2004  182.7  1941  165.4  1999  147.6  2007  123.4  2003   89.3  2000   60.5  1992   39.0  2000   156.8  1985   447.6  1953   488.0  1974   263.3  1958  1288.3  2007
   46.2  1930   77.3  1952  113.5  1989  154.3  1951  191.4  2012  180.8  1934  164.1  1921  147.4  1962  123.2  1923   88.7  1939   60.1  1926   38.8  1952   156.8  2012   445.9  2016   484.5  1959   261.6  2015  1287.3  1933
   46.0  1999   77.2  1920  110.1  1950  153.7  1968  191.3  1966  179.5  1932  163.1  1948  146.8  1959  123.1  2018   88.5  1945   59.9  1965   38.5  1920   155.7  1920   443.1  2000   484.4  1936   261.5  1991  1287.1  2010
   45.8  1963   76.7  1934  109.9  2002  153.4  1948  190.4  2011  178.5  1951  163.1  1997  146.2  1996  122.9  1937   88.3  1948   59.7  1975   38.5  1962   155.5  2003   442.4  2006   480.5  2009   260.0  1963  1285.6  1926
   45.6  1923   76.2  1928  109.9  1949  153.3  1977  187.9  2008  178.1  2021  162.9  1933  145.9  2014  122.3  1964   87.8  1952   58.5  1986   38.3  1936   153.6  1937   441.0  1975   480.2  1994   259.0  2019  1284.5  1997
   45.6  1953   75.9  1985  109.3  1990  152.6  1969  187.4  2006  177.9  1962  162.0  2009  145.8  2017  121.5  1921   87.1  1955   57.9  1972   38.0  1926   153.3  1967   440.3  2012   477.3  1935   258.5  1973  1279.8  1986
   45.5  1967   75.1  1981  109.1  1999  152.5  2017  187.2  1956  177.8  2003  161.3  2005  145.3  1950  121.4  1926   86.7  1980   56.9  1948   38.0  1973   153.2  2008   440.1  1949   476.5  2021   258.1  2006  1279.2  1925
   45.4  1977   75.0  2000  108.4  1961  152.5  1957  186.8  1977  177.3  1989  160.8  1959  145.3  1999  120.2  1972   86.6  2012   56.6  1950   37.8  1949   153.0  1960   438.9  1989   475.8  2014   255.6  1989  1278.9  2013
   45.3  2003   74.9  1945  108.3  1930  151.7  1946  184.9  1960  177.3  1977  160.6  1950  144.9  1992  119.6  2019   86.3  1995   56.4  1974   37.7  1938   152.2  1977   438.5  1984   473.7  1967   255.5  1979  1278.8  1967
   44.9  1957   74.8  1979  108.3  2004  151.2  1927  184.9  1959  177.0  2006  159.8  1949  144.7  2019  119.4  1949   86.0  1938   56.0  2020   37.6  1946   152.0  1953   436.9  1962   472.1  1930   255.3  2013  1278.4  1974
   44.8  1985   73.9  1997  107.9  1956  150.9  1982  184.3  1951  177.0  1959  159.3  1964  144.3  1989  119.2  2006   86.0  1963   55.9  1979   36.9  1955   151.8  1990   429.0  1922   470.3  1990   255.0  1969  1275.5  1952
   44.7  1989   71.7  1990  107.8  2011  150.2  2018  183.0  2015  175.8  2009  159.3  1956  144.2  1953  119.1  1948   85.1  1930   55.8  1964   36.8  1958   151.2  1981   427.9  2005   468.4  1960   255.0  1967  1275.5  1934
   44.7  1958   70.9  1932  107.5  1962  149.9  2005  182.5  1963  173.5  1992  158.4  1974  144.1  1982  118.8  1958   85.1  2016   55.1  1978   36.6  1965   150.5  2021   427.7  1971   464.9  1945   254.7  2008  1275.4  1999
   44.5  1964   70.8  1955  107.5  1943  148.8  1925  182.2  1940  173.2  1955  157.2  1951  143.5  1965  118.4  1960   85.0  1919   55.1  2021   36.5  1925   148.8  1975   427.7  1943   462.3  2019   252.4  2000  1275.0  1971
   44.3  1946   70.5  1961  106.8  2001  146.0  1922  182.2  1957  172.4  1928  156.9  1947  143.4  1961  115.7  2009   84.8  1927   55.0  1952   36.3  1964   148.7  1961   424.2  1995   461.7  1986   252.4  1921  1274.7  1984
   44.1  1949   70.3  2021  106.7  1993  145.7  2008  181.6  1988  172.2  2019  156.5  1994  142.8  2009  115.6  1981   84.6  1973   55.0  1943   36.3  1921   148.3  2002   423.2  1974   461.4  2005   251.9  1951  1269.5  1996
   43.8  1951   70.3  2005  106.6  1975  144.3  1953  181.2  1943  170.7  1943  156.4  1942  140.5  1923  114.5  2013   84.3  1961   54.7  1919   36.1  1984   147.1  1964   420.8  1935   460.4  1997   251.3  1954  1268.9  2016
   43.6  2020   68.9  1962  105.4  1979  144.1  2016  180.8  1919  170.2  1922  155.6  2011  140.2  2010  113.7  2010   84.0  1950   54.4  2011   36.0  1941   147.0  1931   418.2  1952   460.0  1962   250.9  2010  1265.0  2005
   43.4  1983   68.6  1988  105.3  2021  143.4  1973  179.6  1990  170.0  1964  154.9  1925  139.5  1994  113.3  2007   83.6  1969   54.4  2009   35.7  1963   146.6  1934   416.1  1977   459.2  1943   250.2  1961  1264.5  2001
   43.2  1995   67.6  1953  104.2  2016  143.3  1970  179.0  1922  168.9  1979  152.6  1928  139.2  2004  112.0  1935   82.9  2010   54.3  1955   35.6  1998   145.6  1997   415.1  1951   458.3  1964   249.6  2009  1264.1  1982
   43.2  2005   67.0  1964  104.0  1922  143.1  1967  176.6  2007  168.6  1926  152.0  2003  139.0  1988  111.7  2005   82.8  1983   54.3  1971   35.4  1919   145.6  1957   414.6  1966   457.8  1970   249.2  1924  1261.5  1948
   43.0  1920   66.4  1967  103.5  1987  140.0  1972  176.1  1926  168.5  1978  151.8  1958  138.9  1987  111.1  1974   82.6  1951   54.3  2010   35.4  2019   144.8  1945   411.8  1973   457.4  1952   248.4  1964  1260.6  1951
   42.2  1927   65.8  1933  103.3  1925  139.1  1943  174.1  1958  167.8  1956  151.5  1929  138.9  2018  110.7  2011   82.0  1994   54.1  1921   35.4  2008   144.0  1927   409.5  1945   457.0  1929   248.0  2020  1260.5  1976
   42.0  1994   65.5  1992  103.0  1924  138.7  2001  173.9  1920  167.2  1945  151.2  1963  138.4  1974  110.1  2016   82.0  1924   53.9  1999   35.3  2011   143.6  1933   409.0  1963   456.0  1973   247.0  2004  1260.2  1943
   42.0  1934   65.2  1944  102.0  1927  137.7  1949  173.6  1961  166.9  1919  150.5  1975  138.4  1940  109.8  1943   81.4  1928   53.8  1981   34.9  1988   143.5  2017   404.2  1999   455.5  1999   246.5  1947  1257.3  1969
   41.8  1984   64.4  2002  101.7  1988  137.6  1938  173.2  1929  166.6  1924  146.0  1993  138.0  1970  109.2  2002   80.9  1934   53.7  1929   34.8  1979   143.4  2009   400.7  2004   453.8  1992   245.6  2017  1255.6  1970
   41.3  1988   64.3  1975  101.3  1940  137.1  1994  172.1  1981  165.9  1927  146.0  2020  137.4  1993  108.3  1999   79.8  1989   53.5  1970   34.7  1923   142.1  1965   400.5  1954   453.0  1920   245.6  1993  1254.5  1988
   40.7  1975   64.2  2010  101.1  2010  135.9  1932  171.6  1937  162.6  2010  145.6  1945  137.3  1927  108.3  2021   79.6  1996   53.5  2004   34.7  1972   142.0  1991   399.9  1959   451.1  1971   244.2  1950  1251.6  1935
   40.7  2010   64.2  2007  100.9  1935  135.6  1929  171.5  1995  160.3  1937  145.5  2019  137.0  2002  108.1  1932   79.6  1984   53.2  1927   34.5  1995   141.2  1936   399.2  1957   449.7  1982   242.5  1975  1242.3  2011
   40.6  1936   64.1  1969  100.8  1965  135.5  1995  170.0  1936  159.7  1976  145.4  2017  136.3  1990  108.0  1990   79.5  2009   53.0  1936   34.5  1928   141.1  1958   398.5  1970   449.3  1951   242.5  1931  1241.2  1962
   40.6  1928   63.8  1927  100.3  1972  135.2  1924  169.7  1974  157.8  1938  144.6  1986  136.2  1937  107.6  1993   79.5  1978   52.5  1960   34.4  1993   140.4  1955   398.2  1987   448.3  1988   242.0  1922  1239.8  1956
   40.3  1997   62.9  1987   99.8  1939  134.6  2002  167.9  1996  157.7  1973  144.0  2000  135.2  2006  107.5  1982   79.3  1970   52.2  2007   34.0  1991   140.0  2013   397.6  1997   447.6  2015   239.4  1949  1237.1  1936
   40.0  1969   62.8  1971   99.6  1919  134.2  1939  167.9  1931  156.3  1972  143.1  1979  135.2  2000  107.2  1957   79.1  2002   52.1  2001   33.4  1989   139.7  2011   396.3  1958   445.4  1981   239.4  1985  1237.1  2008
   39.8  1935   62.3  1931   99.4  2000  133.7  2009  167.2  1930  156.0  1984  143.0  1923  135.1  1930  107.1  1969   79.1  1920   52.1  1983   33.0  1950   139.7  1943   395.6  2002   445.3  1968   238.8  1933  1236.1  1945
   39.1  1974   61.6  2012   99.2  1978  133.6  1958  165.8  1987  155.8  1983  139.9  1967  134.7  1998  106.2  1925   78.1  1941   51.8  1944   32.8  1992   138.6  1979   395.2  1950   444.9  1957   237.1  1939  1235.9  1957
   39.1  1960   60.8  1921   98.5  1947  132.0  2014  164.1  2019  153.8  2008  139.5  1973  132.6  2012  106.2  1975   78.0  1962   51.4  1928   32.6  1986   137.3  1956   395.0  1992   442.9  1941   236.2  1952  1235.3  1930
   38.7  1955   60.8  1977   98.1  1921  131.7  1999  163.5  1997  152.4  1946  139.5  1981  132.3  2013  106.0  1994   77.5  1965   51.3  1982   32.5  1977   136.3  1928   395.0  1988   440.8  1928   236.1  1943  1235.3  1942
   38.3  1945   60.4  1936   98.0  1923  130.6  1963  163.4  1986  151.6  1961  138.4  2008  131.6  1967  105.8  1939   76.8  1921   51.3  1938   32.3  1930   136.1  1978   394.9  1931   439.5  1927   235.8  1937  1235.1  1972
   38.0  1968   60.0  1983   96.3  1944  130.5  1971  163.3  1999  151.2  1985  138.2  1924  131.3  1944  105.3  1989   76.6  1975   51.0  1954   32.1  2012   136.0  1921   393.9  1939   439.1  1956   235.0  1994  1234.6  1960
   37.8  1950   59.9  1942   95.9  1963  130.4  1959  162.6  1964  150.6  1963  136.3  1927  130.8  1985  103.7  1961   76.3  1954   49.7  1987   32.1  2005   135.3  1983   392.9  2013   438.4  2010   234.7  1938  1234.5  1992
   37.6  2002   59.8  1991   95.2  1981  129.7  1950  162.6  1998  149.8  2015  135.6  2010  130.2  1935  103.6  1931   75.8  1977   49.3  1934   31.9  1982   135.0  1938   391.6  1965   438.3  1938   234.2  1978  1233.8  2004
   37.5  1976   59.8  1959   94.9  1952  128.9  1987  162.5  1934  149.7  1952  135.4  1992  129.7  1932  103.5  1950   75.5  1949   49.2  1932   31.8  1924   133.3  2010   390.3  1938   433.3  1939   233.3  1995  1229.3  1947
   37.3  1987   59.7  2006   94.8  1945  128.1  1960  160.9  1979  148.9  2013  134.9  2016  129.0  1964  103.5  1944   75.1  1942   49.2  2018   31.6  1944   132.8  1987   389.8  1978   427.5  1932   232.6  2002  1228.1  1963
   37.0  1973   59.7  2014   94.4  1938  122.4  1989  159.8  1939  147.3  1981  134.7  2004  129.0  1960  103.2  1973   74.3  1992   49.2  1966   31.4  1996   132.4  1988   389.5  1986   426.2  2000   231.0  1983  1224.5  1946
   36.8  1986   59.4  2017   94.1  1941  119.9  2000  159.7  1953  147.0  2000  134.6  1962  128.8  2001  102.3  1947   73.8  1957   48.9  1990   31.3  1937   132.0  1951   388.4  1967   426.0  1979   230.5  1974  1213.0  1991
   36.7  1925   58.3  1948   93.0  1920  119.7  1926  159.4  2013  145.9  2005  133.5  1941  128.7  1925  100.5  1995   72.7  1947   48.8  1991   30.9  1954   130.8  1974   387.4  1936   424.6  2016   230.1  2005  1210.9  1979
   36.6  1921   57.9  1982   92.7  1976  119.0  1944  158.3  1938  144.9  1999  133.0  2015  128.0  2021  100.4  1920   72.7  1953   48.2  1993   30.7  1942   129.9  1969   386.6  1927   420.9  1991   229.3  1977  1210.7  1940
   36.6  1940   56.7  1935   92.2  1937  118.2  1976  158.3  1952  142.6  1942  132.9  1978  127.0  1931  100.2  2017   71.8  2001   48.1  1985   30.2  1922   129.7  1954   385.9  1919   420.5  1922   229.2  1999  1207.6  1920
   36.2  1961   56.2  1925   91.8  1985  116.8  1975  157.4  1945  140.7  1965  132.8  1991  126.7  1941   99.6  1978   71.4  1943   47.9  1935   29.8  2013   129.3  2016   385.6  1930   418.1  1923   228.2  1992  1207.5  1953
   36.1  2004   55.9  1978   91.2  1968  116.4  1997  155.3  1950  140.7  2001  132.7  1960  126.4  1946   99.1  1953   71.2  1987   47.1  1994   29.7  1990   128.8  1971   384.5  1934   410.6  1937   228.0  1970  1204.8  1938
   36.0  1993   55.9  1986   90.1  1946  115.8  1947  155.3  1962  139.5  2011  132.2  2007  125.8  1934   98.7  2000   70.8  1946   46.6  1959   29.7  1981   128.3  1976   384.4  1991   410.3  1946   227.9  2021  1204.3  1922
   35.9  1939   55.8  1938   88.5  1958  115.1  1964  152.4  1991  138.4  2016  131.5  1946  125.2  1971   98.3  2014   70.8  1944   46.5  1995   29.5  1932   128.1  1939   384.1  1960   410.0  2017   227.0  1927  1196.5  2012
   35.2  1954   55.1  1951   87.5  1926  114.9  1998  151.1  2002  136.2  1948  127.7  1922  124.0  1949   97.8  1945   70.4  1966   45.7  1953   29.2  1969   126.5  1996   383.3  1926   409.8  2004   226.8  2011  1186.9  1961
   34.9  1982   54.5  1939   87.4  1974  114.7  1983  149.4  2003  135.9  2004  127.2  1954  123.6  1920   97.4  1938   70.3  1964   45.7  1956   29.2  2020   125.0  2006   382.9  1940   409.2  1961   226.4  1932  1185.1  2014
   34.2  1941   54.1  2009   85.8  1971  114.2  1985  148.7  1985  134.7  1980  123.7  1988  122.5  1922   97.1  1966   69.9  2017   44.7  1958   29.1  1980   124.7  1925   380.6  1961   408.9  1978   226.1  1944  1179.8  1964
   34.1  1998   53.7  1974   85.5  2005  112.7  1935  147.4  1947  134.6  1923  123.5  1930  121.9  1952   96.0  1998   69.0  1932   44.7  2015   28.4  2009   123.3  1944   380.4  1925   405.6  1993   226.1  1936  1178.7  1927
   34.1  1937   53.3  1954   85.0  2018  111.7  1988  146.4  1954  134.5  1971  122.1  1936  121.8  1939   96.0  1983   68.5  1937   44.5  1949   28.1  1945   122.5  1982   373.6  1979   399.3  1965   224.1  1956  1178.3  1939
   33.3  1929   53.3  1941   84.7  1959  111.3  1931  141.3  1941  134.4  1997  120.7  1920  121.1  1929   95.2  1970   68.2  2006   44.4  1937   28.0  1943   120.8  1929   372.3  1920   399.1  2011   224.0  1990  1166.1  1958
   33.2  2006   53.0  1929   82.7  1998  110.3  1928  140.7  1923  134.4  1944  119.8  1987  120.8  1986   94.4  2001   67.9  1991   44.2  2002   28.0  2021   120.4  1986   372.3  2014   396.9  1924   223.4  1920  1159.6  1928
   33.0  1924   52.4  1956   82.6  1969  110.1  1930  140.1  1928  134.0  1998  118.8  1938  119.3  1921   93.4  1952   67.1  1999   43.9  1920   27.9  1933   119.7  1947   371.4  1968   396.1  1985   221.6  1930  1159.0  1923
   32.9  1947   52.3  1965   82.5  1954  108.4  1934  139.9  1973  133.1  1953  118.4  2001  117.6  2020   93.4  1992   67.1  1990   43.9  2019   27.8  1985   118.9  1922   367.0  1972   391.9  2020   220.4  1945  1154.6  1932
   32.7  1922   51.2  1919   82.2  1932  107.3  1986  133.4  1927  132.5  1935  118.3  1932  116.6  1966   93.2  1967   65.8  1976   43.6  1980   27.7  1931   118.7  1994   361.6  1947   390.9  1963   220.0  1957  1153.9  1978
   31.8  1919   51.0  1998   77.5  1992  107.3  1979  132.0  2021  131.3  2002  115.6  1998  115.7  1928   90.5  1977   65.3  1988   42.7  1939   25.9  2015   116.3  2014   360.2  1998   387.9  1953   219.0  1940  1149.5  1987
   30.5  1948   50.2  1984   76.6  1951  106.0  1966  128.3  1925  130.7  1931  115.1  1965  114.0  1979   90.2  1946   64.6  2021   42.0  1940   25.9  1947   115.9  1924   358.4  1933   387.9  2001   218.3  2001  1145.1  1968
   30.0  1944   50.0  1922   76.0  1977  105.5  1920  128.1  1970  128.4  2020  114.2  1961  113.7  1951   89.5  1985   64.5  2014   41.9  1951   25.8  1968   115.3  1984   354.7  1985   385.7  1966   217.5  1953  1140.6  1937
   30.0  1943   49.6  1958   75.9  1942  105.4  1919  126.6  1972  127.8  1991  114.1  1937  112.7  1957   89.1  1927   64.3  2004   41.5  1963   25.5  1940   114.6  1948   353.7  1924   384.3  1998   216.7  1935  1140.6  1965
   29.2  2008   49.2  1947   75.5  1983  104.2  1933  126.5  1968  127.3  1954  114.1  1985  112.1  1956   86.8  1922   63.7  2020   41.4  1933   25.0  2016   114.4  1942   347.5  1937   384.1  1942   216.7  1966  1140.0  1998
   28.9  1926   48.4  2011   72.8  1991  104.1  1923  126.1  1976  126.0  1990  110.6  1953  110.0  1980   86.2  1968   63.1  1974   40.3  1931   24.2  1971   113.8  1926   342.9  1923   378.9  1948   214.0  1980  1138.7  1985
   28.6  1980   48.4  1926   72.5  2013  102.9  2012  124.3  2014  122.2  1993  109.6  1940  109.9  1958   85.2  2008   62.8  1968   40.1  1924   23.5  1939   113.8  1993   342.5  1969   378.0  2008   211.9  1982  1122.7  1983
   28.3  1972   48.1  1924   71.1  1960  101.2  1993  123.8  1965  121.8  2014  106.5  1970  107.5  1978   85.0  1984   62.6  1933   39.5  1962   23.4  1997   112.9  1941   341.7  1932   375.4  1958   211.3  1976  1121.4  1966
   26.8  2014   45.5  1976   70.5  2006  101.0  1996  123.6  1932  121.3  1947  105.5  1939  104.1  2011   84.7  1941   61.6  2011   39.0  1957   23.3  1983   111.6  1935   337.0  1976   371.2  2002   207.9  1960  1119.6  1931
   26.6  1970   45.0  1993   70.2  1980  100.7  2004  123.1  1993  118.8  2017  102.9  2002   99.8  1943   83.6  1980   61.3  1979   38.3  2014   22.5  1987   108.6  1998   333.5  1944   369.5  2007   207.4  1965  1119.6  1954
   26.2  2013   43.1  1940   66.4  1984   99.5  1940  121.7  1967  113.7  1958  102.6  1980   93.9  1954   83.5  1936   59.9  2013   37.5  1968   20.7  1959   106.4  1923   331.0  1993   367.9  1944   201.2  2014  1118.8  2002
   25.4  1966   42.3  1994   64.5  1957   98.6  1961  118.2  1944  112.9  1982  102.4  1957   92.1  1924   79.9  1956   56.9  1935   34.5  1941   20.6  1956   103.2  1940   325.3  1964   360.5  1987   197.3  1941  1114.4  1980
   23.8  1971   38.0  1980   55.4  1936   98.6  1978  115.6  1924  101.8  1987  102.3  1944   89.0  1963   76.0  1930   53.1  2005   34.1  1945   19.5  1927   101.4  1980   324.1  1996   348.3  1954   195.1  1984  1112.8  1924
   23.7  2016   37.6  1966   55.2  1996   97.4  1992  115.2  1933   99.6  2012   92.4  2012   85.8  2008   74.9  1976   53.1  1982   33.1  1946   17.5  1978    99.6  1966   321.6  1941   347.2  1980   194.0  1946  1097.5  1993
   18.5  1942   35.1  1972   47.9  1928   86.2  1941  107.4  1969   95.4  1966   91.5  1968   85.1  1942   70.1  1965   53.0  1940   30.5  1984   17.4  2002    87.6  1972   298.3  1928   339.8  1931   186.4  1968  1085.1  1941
   13.0  1996   30.5  1923   47.6  1964   83.7  1937   80.2  1983   89.7  2007   82.1  1931   79.6  1948   64.4  1962   37.0  1960   30.3  1997   15.1  1934     ---  1919   270.3  1983   324.6  2012   181.9  1962  1054.5  1944