Areal values from HadUK-Grid 1km gridded climate data from land surface network
Source: Met Office National Climate Information Centre
Monthly, seasonal and annual total precipitation amount for Scotland E
Areal series, starting in 1862
Last updated 01-Jan-2022 11:00
    jan  year    feb  year    mar  year    apr  year    may  year    jun  year    jul  year    aug  year    sep  year    oct  year    nov  year    dec  year     win  year     spr  year     sum  year     aut  year     ann  year
  263.3  2016  211.2  1894  165.4  1903  152.9  1934  160.2  1906  155.9  1872  199.0  1940  207.0  1948  206.5  1950  217.3  1932  262.4  1984  269.7  2015   629.7  2016   372.8  1947   429.8  1877   528.5  1984  1651.1  1872
  231.2  2008  210.8  2020  157.2  1897  147.4  1998  149.1  1967  149.6  2017  174.1  1988  199.0  2004  195.2  1995  213.3  1903  233.6  1951  255.5  1876   582.3  2014   358.0  1913   427.5  1948   522.5  1872  1441.4  2002
  223.0  1993  204.9  1990  152.9  1994  139.2  1947  145.7  1954  141.0  2012  158.6  1958  194.7  1877  190.7  1927  212.2  2020  219.4  2009  216.9  1914   526.7  1877   339.2  1909   419.8  1985   494.8  1982  1440.7  1903
  214.6  1928  187.8  1923  152.2  1913  134.7  2012  139.9  1986  139.8  1966  155.6  1867  184.2  1985  179.5  1981  208.0  2002  200.1  1872  216.8  1929   485.7  1903   332.2  1934   403.8  2012   490.3  1954  1435.5  1916
  204.8  1974  186.0  1997  151.2  1992  133.5  2000  137.1  1925  138.3  1948  155.3  1916  182.6  1930  172.8  1872  201.3  1954  195.5  1963  214.3  2013   477.2  1894   322.1  1925   396.7  1956   480.1  2000  1428.1  1877
  199.7  2014  171.3  2002  146.9  1909  127.9  1898  136.3  1924  131.9  1931  152.0  2009  179.9  1910  157.6  1985  199.8  1976  189.3  1888  204.2  1915   476.8  1915   316.0  1979   378.7  2004   468.6  1935  1362.5  2000
  192.0  1937  168.3  2014  144.4  1928  127.6  1871  134.2  1969  131.7  1897  148.6  2015  175.7  1956  156.3  1869  198.9  2004  186.6  1946  200.7  1978   457.9  1916   315.0  1993   375.2  1879   462.4  1926  1358.1  2014
  180.1  1984  166.9  1915  140.7  1908  118.1  1935  132.7  2021  129.5  1997  145.5  1903  172.1  1992  155.0  2000  196.1  1982  183.2  2002  194.4  1986   453.7  1990   312.8  1986   371.5  1872   459.1  1995  1357.1  1954
  175.5  1975  165.0  1903  139.7  1979  116.2  1899  131.2  1945  128.3  2007  144.4  1985  165.9  1889  152.9  1918  188.8  1935  182.4  1954  194.1  2012   439.8  2007   305.6  1899   369.4  2011   457.3  1981  1352.3  1928
  173.9  1948  162.9  1872  138.8  1876  115.7  1867  124.1  1983  124.2  1928  144.0  1957  165.4  1923  152.4  1891  182.6  1916  181.7  1890  186.9  1955   435.9  2020   304.5  1967   367.3  2007   452.7  1938  1349.0  2015
  173.7  1890  161.9  1925  135.4  1963  115.2  1993  123.7  1993  121.7  1938  143.6  2010  165.3  2011  152.4  1965  179.1  2001  179.7  1940  185.5  1999   434.3  1995   297.8  1916   365.0  1916   449.7  2009  1345.8  2011
  173.5  1990  141.8  2011  129.9  1905  112.6  1925  120.1  2011  120.7  1907  141.2  1918  164.2  1868  150.6  1962  177.8  1906  179.3  1931  183.6  2020   428.9  1937   295.0  1963   363.0  1958   448.7  1927  1337.8  2020
  172.7  1903  136.7  1989  127.4  1914  111.0  1889  119.5  1968  120.3  1877  140.8  1888  162.1  1891  148.5  1885  177.5  2014  177.4  2010  181.9  1911   423.3  1883   294.2  1983   358.2  2009   431.0  1976  1331.3  1948
  169.1  1877  136.2  2021  126.9  1984  110.4  1910  115.9  1943  120.2  1991  139.7  1956  160.3  1917  147.2  1982  175.8  2005  176.7  1905  181.9  1868   422.9  2021   291.4  1932   355.5  2019   427.7  2002  1320.6  1900
  164.5  1863  132.2  1995  126.5  2006  108.7  1909  115.5  1886  119.4  1980  139.3  1873  160.0  1878  146.9  1976  174.5  1998  174.1  1938  181.5  1896   422.2  1925   288.7  1992   355.2  1927   423.1  1930  1314.9  1998
  161.9  1884  130.6  1883  124.7  1989  107.7  1868  115.1  1997  119.4  1990  138.9  1924  159.7  2008  145.1  1930  173.5  1960  172.2  1959  176.7  1934   418.8  1994   286.5  1906   354.1  2008   422.4  2006  1314.8  2008
  159.0  1988  129.1  1916  124.3  1947  107.5  1932  114.3  1916  118.2  2004  137.6  2002  156.6  1874  144.9  1975  173.1  1938  172.0  1926  173.9  1900   415.6  1869   284.8  1920   352.4  1903   418.7  1944  1305.4  2009
  157.9  1938  128.9  1977  124.3  1981  106.5  2004  113.8  1907  116.8  1882  136.7  2007  156.6  1963  144.0  1999  171.8  2021  171.7  2015  173.7  2006   413.4  1960   284.6  1998   352.3  1895   416.4  1875  1296.0  1876
  155.7  1994  128.7  1885  123.7  2019  104.6  2005  111.6  1913  116.5  1879  136.6  1883  156.2  2019  143.6  1896  169.3  1990  170.3  1911  172.0  1959   411.8  2000   281.5  2019   350.1  1931   413.2  2010  1283.5  2012
  155.2  1962  128.7  1876  120.6  1978  100.9  1904  110.3  1894  115.0  1935  136.3  1936  156.0  1927  138.0  1946  168.1  1926  170.0  1944  167.9  1872   408.9  2008   279.9  1897   348.3  2002   407.6  1998  1282.6  1927
  155.0  2005  128.5  1926  115.3  1921   99.5  1882  109.6  1872  110.7  2002  135.9  1884  154.3  1895  137.8  1924  167.9  1967  164.0  1919  166.9  1919   408.5  1984   279.1  2005   343.4  1910   403.6  1950  1269.7  1882
  154.0  1872  126.5  1941  115.2  1980   98.6  1880  109.3  1947  110.5  1912  135.8  2012  153.5  2014  136.0  1935  166.7  2000  161.3  1939  163.0  1912   402.7  1974   278.2  1882   339.4  1897   393.9  1864  1254.5  1990
  152.6  2002  124.6  1893  114.5  2018   97.1  1877  109.1  1976  104.7  1927  133.5  1998  149.9  1897  135.7  1983  165.2  1907  158.4  2000  160.6  1958   402.3  1912   276.3  1968   339.1  2020   391.8  1932  1247.5  1926
  149.6  1995  124.0  1900  113.9  1988   96.0  1951  108.9  1885  103.7  1862  133.4  1939  147.9  1894  135.6  1908  164.0  1892  158.4  1916  158.2  2000   402.1  1872   276.2  1886   336.5  1930   390.8  1916  1243.8  1982
  149.5  1972  123.6  1914  113.4  1987   95.1  2008  108.2  2015  103.2  1987  131.4  1953  146.7  1892  134.0  1992  160.2  1864  156.8  1877  157.5  1924   399.2  2002   274.4  1903   336.5  2017   390.3  1940  1243.6  1985
  149.3  1999  123.2  1866  112.6  1977   94.2  1913  106.2  2003  102.7  2016  129.0  1931  145.7  1962  130.1  1956  159.4  1909  156.6  1914  156.4  1979   396.3  1920   272.2  1872   336.4  1957   382.5  1891  1237.7  1938
  148.5  1926  123.1  1871  112.1  1888   93.5  1876  105.7  1931  102.1  1963  128.7  1882  144.6  1903  129.8  1873  157.7  1995  156.4  2018  155.9  1882   393.7  1926   270.8  2000   329.7  1946   382.4  1960  1234.4  2004
  148.0  2015  121.6  1966  111.2  1882   92.5  1922  104.9  2002   98.2  2020  127.9  1946  144.6  1960  127.4  2010  157.3  1862  153.9  2006  155.8  1993   392.7  1957   267.3  1954   328.9  1928   381.6  1898  1226.1  1999
  147.4  1862  120.2  2007  110.7  1976   89.7  1985  104.7  1920   98.2  1890  125.2  1895  143.8  1928  127.2  1984  156.2  2013  153.6  1997  153.6  1945   392.1  1900   265.9  1867   327.3  1900   380.9  1903  1223.5  1960
  146.2  1894  118.3  1880  110.6  1982   89.2  2016  104.2  1972   98.0  1999  123.8  1950  140.8  1906  124.9  1875  155.4  1996  151.6  1906  152.5  1994   385.6  1923   264.6  1868   326.2  1883   379.8  1890  1220.8  1923
  146.2  1936  116.1  1950  110.6  1895   88.2  1950  103.6  2019   97.8  1926  122.5  1879  139.8  1943  123.7  1864  154.0  1875  151.5  1982  151.4  1954   376.8  1930   264.2  1907   326.2  1963   377.2  1877  1218.6  1930
  146.0  2007  116.0  1967  110.4  1920   87.9  1961  103.2  1862   97.7  1998  122.4  1938  138.7  1912  122.6  1899  152.8  1981  149.2  2014  150.5  1891   373.1  1928   263.0  2006   322.1  1988   375.9  1928  1218.1  1894
  145.4  1875  116.0  1937  108.7  1967   87.3  1923  101.5  2007   96.7  1900  122.2  1871  137.6  2009  122.2  1926  152.7  1988  148.7  1974  150.3  1956   371.7  1945   261.3  1905   321.3  1894   374.2  1963  1217.5  1993
  144.8  1873  114.7  1870  107.9  1884   86.9  1863  100.0  1938   96.4  2019  119.2  1970  137.5  1957  122.1  1944  151.7  1934  147.5  1881  149.7  1983   369.5  1899   260.6  1876   319.7  1966   373.8  1906  1215.5  1988
  143.0  1922  113.6  1910  107.6  2008   86.5  1999   96.6  1873   94.7  1896  118.4  1922  136.2  1879  121.9  1945  151.6  1927  145.1  1882  148.5  1949   361.4  1967   260.5  1976   314.9  1882   370.3  1874  1211.8  1934
  142.5  1899  112.6  2000  105.1  1940   85.7  1960   95.4  2009   94.2  2011  118.1  1937  133.8  1951  121.1  2011  151.4  1968  144.2  1898  148.0  1902   360.4  2013   259.8  2015   314.6  1980   370.2  2005  1211.0  1984
  142.2  1868  112.2  1960  104.1  1990   85.1  1916   95.2  1899   93.9  1892  118.0  1880  131.8  1921  121.0  1868  149.8  1898  143.9  1935  147.2  1897   359.7  1863   259.7  1908   314.4  1881   368.9  1977  1205.0  2019
  142.2  1921  111.3  1868  103.7  1886   84.7  1996   94.8  1878   92.8  1916  115.8  1910  127.6  1966  120.6  1863  149.5  1872  140.9  1970  146.9  1957   359.7  1975   258.0  1862   313.9  1912   368.2  2020  1204.8  1883
  140.5  1986  110.7  1957  102.0  1991   84.0  1991   94.7  2005   91.2  1985  115.0  2020  127.0  2012  119.9  2006  148.7  1877  140.1  1900  146.7  1948   357.9  1933   254.0  1885   312.7  1998   365.4  1881  1199.0  1966
  140.5  1983  110.6  1945  100.5  1879   83.7  1953   93.8  1892   90.2  2008  114.9  1877  126.3  1863  117.4  1878  148.6  2006  139.4  1930  146.5  1932   356.6  1884   252.9  1985   312.2  1924   364.3  1939  1197.4  1951
  139.2  1900  110.3  1996  100.2  1866   83.7  1919   93.5  1979   89.0  1947  113.7  1915  126.0  2020  116.5  1866  148.5  1961  137.6  1875  144.6  1985   353.7  1873   252.9  1994   310.1  1892   364.0  1967  1189.2  1868
  139.0  1869  109.6  1978   99.9  1934   83.4  1992   92.4  2006   88.8  1965  111.8  1968  125.1  1964  114.0  1925  148.0  1928  137.0  1880  143.5  1974   353.6  1939   252.2  1977   309.7  2015   363.9  1873  1188.5  1945
  138.9  1945  109.5  1918   99.5  2015   82.8  1979   90.8  1932   86.7  1944  109.9  2011  124.8  1988  113.5  1961  146.5  1874  136.8  2019  143.2  1898   353.3  1956   251.2  1969   306.3  1938   362.0  2011  1180.6  1906
  138.9  1942  109.5  2017   98.4  1916   81.9  1905   90.7  1942   85.4  1945  109.2  1965  124.8  1941  111.9  2017  144.2  1943  136.4  1991  141.0  1997   352.3  1922   250.8  1904   304.1  1907   361.7  1918  1179.7  1986
  137.9  1939  109.4  1884   97.9  1864   81.8  1959   90.3  1966   85.3  1881  108.1  1900  122.5  1881  111.8  1942  144.0  1896  136.0  1941  140.7  1966   346.1  1980   250.5  1988   301.6  1890   361.0  1878  1174.8  1912
  136.7  1883  109.2  1933   97.8  1891   81.2  1994   89.8  1958   84.6  1958  107.0  1896  122.5  1900  109.2  1886  143.7  2008  134.8  1929  138.4  2011   345.5  1866   249.8  1999   299.9  2014   354.0  2014  1174.2  1978
  132.1  1932  109.1  1904   97.0  1912   81.1  1986   89.7  1999   83.8  1876  106.6  1929  122.2  1920  108.7  1876  141.0  1945  134.8  1977  136.4  1862   344.4  1913   247.2  1888   299.6  1960   352.0  1900  1172.9  1992
  131.7  1957  108.1  2001   95.9  1937   80.4  1965   85.9  1923   82.9  1972  106.5  1881  122.2  1904  108.5  1887  140.2  1993  133.8  1998  136.2  1895   342.2  1958   246.5  1972   298.9  1888   352.0  1876  1172.1  2006
  131.1  2004  107.3  1994   94.9  1939   79.0  1975   84.4  1944   82.8  1863  104.9  1932  121.6  1872  107.9  1968  138.9  1984  132.7  1960  136.1  1982   341.9  1988   245.5  1987   298.2  1970   351.6  1999  1167.7  2007
  129.5  1912  106.3  1951   94.6  1868   78.8  1963   83.7  1909   82.6  1946  104.3  2008  120.7  1989  107.3  1883  138.6  1930  131.5  1928  135.8  1901   339.9  2001   245.4  1877   297.9  1874   350.6  1882  1162.3  2005
  129.1  1960  105.0  1920   94.2  1899   78.7  1972   83.4  1867   82.1  2005  104.2  1951  120.7  1934  107.1  1953  137.5  1949  131.3  1899  128.9  1899   339.9  1999   244.3  2011   297.1  1873   350.3  1992  1161.8  1950
  128.7  1947  104.8  1939   94.1  1964   78.4  1931   83.0  1904   81.7  1969  103.7  1933  119.8  1958  107.0  1967  135.9  1941  130.4  1996  128.6  1920   339.2  1948   244.0  1898   297.0  1862   348.6  2019  1160.9  2016
  127.7  1969  102.5  1881   93.4  1957   77.9  1901   82.4  1955   81.7  1888  102.8  2019  119.5  1961  106.6  1954  135.7  1979  130.4  1980  128.3  1916   338.5  1998   242.8  2002   294.9  1867   348.5  1965  1159.2  1958
  126.9  1943  102.1  1877   93.1  1896   77.7  1968   81.8  2013   81.3  1956  102.0  1894  119.2  1946  105.6  1938  135.3  1933  130.3  1917  128.0  1990   338.4  1910   241.9  1879   293.6  1951   347.8  1892  1155.0  1899
  126.6  1978  101.7  1972   93.1  1932   77.5  1926   81.6  1902   79.1  2014  101.7  2016  118.8  1883  104.4  1978  134.9  2009  130.1  1947  125.8  1907   337.9  1950   240.6  1914   290.6  1987   346.6  2004  1154.4  1862
  125.9  1913   99.9  1970   92.9  1983   77.3  1983   81.5  1973   78.6  1878   99.8  1865  118.4  1929  104.3  2019  134.6  1865  129.5  1986  125.5  1980   336.2  1993   240.3  2021   288.2  1929   346.6  2018  1152.7  1915
  125.1  1867   99.8  1864   92.8  1883   76.9  1966   81.3  1941   77.2  1875   98.4  1890  118.4  1865  104.2  1936  134.5  1987  129.2  1992  123.4  1866   335.5  1962   240.3  1951   286.8  1950   344.8  1869  1149.5  1932
  125.1  1970   98.2  1948   91.8  1986   76.1  1885   80.9  1865   76.6  1943   98.1  1960  116.9  1916  103.4  1874  133.9  1873  127.9  2005  123.2  1930   329.5  1991   240.0  1928   286.2  1962   344.3  1970  1149.5  1924
  124.6  1916   97.4  1922   91.7  1890   76.0  1977   80.7  1963   75.9  1864   97.9  1874  116.4  1905  102.7  1948  133.8  1939  126.9  1895  122.2  1944   328.9  1983   238.9  1927   286.0  1891   343.8  1905  1149.4  1920
  124.5  1920   96.8  1958   90.8  1872   76.0  1988   80.2  1918   75.7  1952   97.5  1862  115.6  1970  102.7  1970  133.4  1940  125.7  1950  121.0  1936   327.8  1935   238.0  1964   282.8  1943   343.4  1980  1148.3  1890
  122.8  1886   96.7  2016   90.4  2007   75.8  1907   79.9  1926   75.6  1901   97.3  1866  115.4  1907  102.5  1934  133.1  1977  125.0  1981  119.9  1893   327.1  1885   236.3  2012   278.2  1953   343.0  2001  1148.1  1963
  122.2  1866   95.6  1911   88.8  1927   75.4  1964   79.8  1948   75.2  1893   97.1  1920  114.7  1986  102.3  1923  133.0  1917  123.2  1910  119.0  1909   326.1  2005   234.0  1889   277.7  1889   341.7  1991  1145.6  1967
  121.9  1998   94.7  1869   88.8  2011   74.3  2014   79.4  1934   75.0  1911   97.1  1934  113.8  1949  101.1  1977  132.8  1983  123.1  1999  117.8  1863   325.8  1977   232.1  1958   277.1  1917   341.0  1946  1144.4  1935
  121.8  1930   93.9  1935   88.4  2017   74.3  1987   78.6  1995   74.3  1954   96.5  1959  113.7  1901   99.4  1988  128.9  1895  123.0  1978  117.8  1910   325.6  1938   232.0  2008   276.9  2016   336.0  1886  1142.7  1910
  121.2  1951   93.0  1991   88.1  1951   73.9  2013   77.9  1927   73.9  1953   96.4  1886  113.7  1866   99.3  1998  128.6  1900  122.8  1994  117.7  1962   325.4  2015   231.6  1966   276.8  1923   334.3  1968  1141.8  1977
  118.5  1927   92.3  1936   87.8  1881   73.1  1900   76.4  1884   73.9  1981   96.2  1891  113.6  1924   98.4  1932  128.6  1878  121.7  1979  117.6  2019   322.0  1986   231.5  1943   276.7  1992   334.2  1961  1139.2  1995
  118.4  1906   91.4  1980   87.8  1958   72.4  2018   76.1  1985   72.8  1895   95.9  1909  113.6  1979   97.8  1958  128.4  1876  121.1  1953  116.7  1925   321.2  1868   229.9  1884   275.7  1965   333.9  1923  1136.7  1974
  117.2  2003   91.0  1912   87.1  1985   72.2  1927   74.9  1877   72.1  1977   95.5  1961  113.1  1954   96.5  1928  128.2  2012  120.4  2007  116.4  1884   320.5  1943   228.4  1910   275.4  1937   332.1  1974  1134.5  1884
  115.7  2009   90.4  1961   86.5  2001   71.9  1872   74.8  2012   71.6  1964   95.2  1875  111.7  1952   95.7  1974  127.0  1912  120.3  2011  116.2  1937   319.9  1946   228.1  1945   269.6  1934   330.3  1988  1131.0  1994
  113.7  2000   90.1  1954   86.3  1862   71.8  1879   74.4  1888   71.5  1894   94.6  1927  110.4  2000   95.5  2009  126.7  1944  120.3  1874  115.0  1952   319.8  1987   227.9  1978   268.3  1954   327.5  1896  1127.7  1979
  113.2  1976   89.7  1928   86.2  1995   71.4  1970   74.1  1900   71.0  1983   93.9  1872  109.7  1982   95.4  1892  125.7  1929  117.5  1969  114.8  1951   319.4  1867   226.8  2009   267.7  1940   327.0  1883  1127.5  1897
  112.5  2013   89.6  1988   85.5  1919   71.2  1902   73.9  1981   70.9  1883   92.4  1962  108.5  1950   94.2  1980  125.6  1991  116.1  1887  114.1  2003   319.0  1972   226.1  1894   267.3  1893   325.8  1996  1127.0  1980
  112.1  1982   88.6  1974   84.6  2021   69.9  1944   73.5  1937   69.9  1959   92.4  1930  108.2  1980   94.0  1880  125.5  1966  115.0  1878  113.8  1953   318.6  1978   225.6  2004   266.6  1871   324.9  2021  1123.8  1925
  111.7  2018   88.2  1955   83.7  2002   69.7  1973   73.5  1965   69.3  1913   92.1  1987  107.1  1873   93.9  1963  124.1  1881  115.0  1985  113.4  1964   318.0  1901   225.6  2014   265.7  1945   321.5  1885  1120.9  1875
  110.8  1971   86.3  2008   82.7  2010   69.6  1920   72.5  1929   68.6  2009   92.1  1899  105.1  1890   93.8  1881  123.0  1959  114.9  1876  112.9  1875   316.8  1936   225.4  1924   263.1  1896   321.4  1917  1120.8  1866
  110.0  1919   86.3  2010   82.7  2014   69.0  1949   71.2  1953   66.5  1869   91.8  1971  104.6  1937   93.5  1993  122.7  1886  114.4  1949  112.7  1984   316.4  1892   223.7  1931   262.7  1878   321.3  1951  1120.1  1914
  108.5  1991   85.2  1992   82.4  1954   68.6  1862   69.7  1917   65.7  1994   91.5  1975  104.5  2017   93.3  1903  121.6  1923  114.1  1891  112.6  1942   316.2  1949   223.7  1989   261.6  2010   321.3  1924  1119.1  1931
  108.5  1961   84.9  1882   81.8  1998   68.3  1969   69.6  1879   64.8  2001   89.9  1893  104.1  2001   93.1  1943  121.3  1870  110.9  2003  112.5  1998   312.0  1941   223.7  1997   261.2  1866   321.1  1959  1118.6  1956
  108.3  1934   84.7  1889   80.7  1950   67.7  1948   68.6  2014   64.5  1902   89.4  1947  102.3  2007   93.1  2018  121.3  1942  110.1  1923  112.0  1921   309.7  2004   221.8  1981   259.2  1915   321.0  1899  1115.7  1957
  107.4  2020   83.8  1899   80.1  1952   67.5  1911   68.5  1964   64.1  1917   88.8  1902  102.2  1893   92.9  1964  120.6  1889  109.9  1864  110.9  1938   309.6  1970   221.8  1965   257.7  1875   318.5  1985  1115.1  1873
  107.2  1965   83.2  2005   80.1  1874   67.4  1943   68.5  1921   64.1  2015   88.2  1941  101.9  1898   91.9  1882  120.5  2011  109.9  1883  110.6  2014   309.4  1876   221.0  2018   256.6  1918   315.3  2012  1111.9  1891
  105.9  1910   80.9  1943   79.7  2005   66.9  1940   68.1  1881   63.4  1970   88.1  1908  100.7  1978   91.7  1947  118.8  1980  107.7  1966  110.3  1946   307.8  1897   220.7  1923   255.9  1961   315.2  1919  1110.8  1944
  105.2  1931   79.6  1879   79.5  2009   65.4  1978   67.5  1882   63.2  1929   87.7  1945  100.7  1915   90.7  2008  118.1  1918  107.4  1884  110.0  1864   307.0  1931   220.7  1901   254.5  1926   312.5  1979  1110.1  1962
  104.6  1967   79.0  1962   79.3  1906   64.2  1930   67.5  1971   62.3  1903   87.0  1980   99.9  2002   88.9  1890  116.6  1871  106.4  1927  109.4  1973   304.3  1966   218.9  2003   253.6  1920   312.4  1943  1109.4  1907
  104.1  1909   78.8  1907   79.2  1968   63.4  1897   67.4  1914   62.0  1986   86.1  1978   97.0  2015   88.0  1987  115.9  1891  106.2  1995  108.6  1869   304.1  1997   218.7  2013   251.7  2001   312.3  1990  1106.0  1895
  103.1  2021   78.7  1984   78.7  1901   62.6  2001   67.2  1982   61.9  1871   85.6  2013   95.8  1862   87.5  1898  113.6  1882  104.1  1886  108.3  1965   302.9  1947   218.4  2007   251.2  1997   311.9  2008  1106.0  1970
  102.8  1925   78.6  1931   77.2  1971   61.1  1866   67.1  1952   61.5  1930   85.5  1914   95.2  1987   87.3  2004  113.3  1952  102.3  1965  108.1  2021   301.5  1979   217.9  1926   248.2  1939   311.0  1966  1105.2  2021
  102.7  1956   78.5  1865   76.1  1993   60.7  1888   66.9  1891   61.0  2000   84.8  1889   94.2  1885   85.9  2012  113.1  1924  101.8  1902  106.3  1870   300.7  1955   217.4  1940   248.1  1952   309.7  1934  1101.3  1997
  102.1  1933   78.1  1982   74.8  1997   60.5  1962   65.6  1996   60.7  1993   84.2  1926   93.8  1977   85.5  2016  109.8  1883  101.2  2012  104.6  1886   300.0  1961   217.1  1937   248.0  1964   309.1  1941  1099.9  1937
  101.4  1918   78.1  1999   74.6  1907   58.8  1908   65.2  1974   60.4  1880   82.8  1921   92.6  1945   85.2  1870  109.6  1948  100.8  1920  104.5  1877   297.5  1904   216.3  1921   245.8  1901   307.0  1880  1096.4  1947
   98.5  1958   77.7  1898   73.6  1999   58.7  1917   65.1  1898   60.1  2018   82.7  2001   91.4  1942   84.9  1879  109.2  1890  100.3  1873  104.4  1923   295.4  1871   215.4  1950   242.0  1979   306.4  1888  1096.1  1946
   98.3  1980   76.7  1949   73.5  1974   58.7  1869   64.9  2000   59.6  1982   82.5  1973   91.2  1876   84.3  1871  108.4  2010   99.3  1865  103.7  1904   294.8  1890   215.0  1922   241.8  1986   306.2  1863  1095.9  1881
   97.7  1895   75.6  1998   73.3  1877   58.6  1874   64.7  1870   59.6  1924   82.4  2017   89.2  1931   84.2  1893  107.5  2019   98.5  1962  103.2  1928   294.4  1989   214.6  1991   241.2  1922   304.8  1912  1095.3  2010
   97.3  1908   75.0  1906   72.5  1894   58.4  1915   64.1  1901   59.5  1971   82.2  1948   86.9  1908   83.4  1900  107.4  1869   98.0  1972  102.9  1940   294.1  1951   213.6  1871   241.0  1941   304.6  1949  1094.4  1909
   97.1  1923   74.5  1969   72.3  2000   58.0  1942   63.9  1962   59.4  1919   80.9  2021   86.0  1867   81.6  1904  102.8  1915   97.0  1912  102.0  1894   293.6  1954   212.5  1902   239.2  1978   302.9  2017  1093.4  1898
   96.9  2010   73.9  1892   72.3  1925   57.9  2003   63.6  1977   58.2  1989   80.9  1954   85.3  1875   80.8  1912  102.3  1894   95.5  1893  101.3  1961   292.3  1908   211.8  1982   238.7  1936   298.2  1983  1093.0  1939
   96.7  1977   70.9  1867   69.8  1941   57.9  1941   62.3  1949   56.9  1960   80.7  1993   82.8  2021   79.7  1991  102.1  1989   94.0  1866  101.2  1960   290.9  1921   211.6  1995   238.0  1921   297.8  1987  1092.7  1965
   96.4  1946   69.9  1946   69.3  1922   57.3  1887   62.2  1868   56.6  1984   79.5  1942   82.5  1871   79.3  2001  101.6  1937   93.5  2017  100.6  1922   289.8  1870   211.4  1942   237.2  1906   297.4  1895  1085.0  1943
   94.6  1996   69.2  1908   69.0  2004   57.0  1933   61.7  1890   56.4  1939   78.9  1991   82.2  2006   79.0  1919  100.9  1863   93.3  1952  100.2  1976   288.2  1969   210.9  1996   236.8  1944   296.8  1993  1080.6  1940
   94.6  1944   67.9  1887   68.9  1885   57.0  1886   61.5  1889   55.6  1951   78.0  1923   82.1  1971   78.9  1915  100.7  1905   92.9  1933  100.1  1880   286.3  1864   210.4  1948   236.6  1990   295.2  1962  1078.4  1874
   93.7  1989   66.8  2015   68.6  1917   56.8  1895   60.5  1988   55.4  1973   76.7  1944   82.1  1918   78.8  1913  100.7  1970   92.6  1913  100.1  1865   283.2  1898   210.1  1935   236.5  1991   295.1  2015  1076.7  1976
   93.1  1904   65.7  1897   68.3  1936   56.3  2010   60.2  1908   54.9  1922   75.1  1974   81.6  1902   77.8  1966  100.6  1955   90.7  1918   99.2  2008   282.8  1914   208.9  1941   236.2  1935   294.6  1911  1074.4  1991
   93.0  1874   65.4  1968   67.9  1965   56.2  1924   59.3  1897   54.8  1957   74.1  1981   81.5  1998   77.4  1897  100.3  1884   90.5  2020   98.8  2002   282.0  2011   205.3  1891   235.4  1865   291.7  1945  1071.2  1981
   92.9  1915   64.8  1905   66.9  1904   54.9  1903   57.8  1987   54.8  1979   73.6  1979   80.9  2010   77.3  2021   98.3  1893   90.5  1936   96.4  1972   279.2  2010   204.0  1900   234.9  1904   291.4  1929  1069.5  1961
   92.8  1949   64.5  2004   66.9  1867   54.5  1958   57.7  1946   54.5  1950   72.9  1887   79.5  1925   77.1  1940   97.5  2017   89.3  1971   96.1  2009   274.5  1996   203.5  1866   234.8  1902   288.9  1931  1069.2  1886
   92.5  2012   64.5  2006   66.6  1930   54.2  2002   57.5  1957   53.9  1975   69.5  1892   79.0  1935   76.6  1884   97.3  1901   89.2  1967   95.3  1903   273.8  2009   203.2  1878   233.4  1971   287.5  1887  1068.8  1888
   92.0  1892   63.9  1947   66.5  1946   54.1  2019   56.1  1951   53.7  1974   69.0  1925   77.6  1965   76.2  1960   97.1  2018   88.6  1915   93.4  1987   272.3  2012   201.7  1919   232.8  1884   287.3  1866  1065.0  2013
   90.0  2011   63.7  1956   65.1  2020   54.0  1952   56.0  1910   53.6  1904   68.8  1967   77.4  1967   75.7  1867   93.9  1994   88.3  1892   91.6  1878   270.6  1982   201.3  1952   231.5  1876   287.3  1871  1059.2  1983
   89.7  1954   63.2  1987   64.4  1966   52.2  1883   55.3  1998   53.3  1867   68.1  1907   76.4  1888   73.7  1922   93.7  1965   87.9  1901   91.3  2007   269.1  1865   199.1  1990   227.1  2000   286.2  1953  1058.6  1968
   88.8  1924   62.4  2018   63.6  1972   52.1  2015   54.4  1911   52.8  1937   67.4  1963   76.3  1887   72.7  1990   93.1  1925   87.1  1894   89.7  1906   267.6  1981   199.0  1960   226.6  1863   284.3  1884  1058.4  1918
   88.7  1952   61.2  1901   63.1  2013   52.0  1971   54.3  1960   52.4  1978   67.3  2014   76.0  1974   71.6  1877   92.1  1867   86.4  1871   89.0  1992   267.1  1918   198.9  1883   225.9  1908   283.1  2013  1052.7  1987
   86.9  1888   60.7  1981   63.0  1956   51.8  2009   54.1  1992   52.2  1898   66.8  1992   75.9  2005   69.5  1957   91.7  1986   85.6  2016   87.9  2004   264.4  1875   197.0  1917   217.7  1949   282.5  1994  1052.4  1863
   86.1  1878   60.5  2019   62.9  1948   51.5  1929   54.1  1903   51.9  1934   66.4  1943   73.9  1914   69.1  1939   91.2  1885   85.1  1897   87.2  1996   263.6  1942   196.9  1890   216.6  1975   280.3  1908  1051.9  1878
   85.2  1882   59.4  1976   62.8  1915   51.2  1989   53.9  1883   51.7  2003   66.3  1997   73.4  1944   68.4  1901   90.6  1921   84.7  1863   86.8  1881   262.2  1911   196.8  1971   216.3  1905   280.3  1936  1041.8  1871
   84.3  1985   58.9  2009   62.6  1942   48.6  1939   53.5  1874   50.9  1908   65.1  1905   73.3  1969   67.5  1969   89.7  1971   84.6  2001   86.0  1968   259.2  1906   194.7  2016   214.2  1968   280.1  1868  1041.0  1864
   83.1  1992   58.8  1863   62.0  1910   48.3  1990   53.1  1922   50.7  1873   65.1  1986   72.9  1953   67.0  1955   88.3  1920   84.3  1976   85.5  1887   256.8  1882   192.4  1880   213.8  1909   279.8  1947  1040.4  2017
   82.9  1901   58.6  1942   61.9  1873   47.7  1937   52.1  1875   50.2  1866   64.8  2018   72.5  1926   66.5  2005   87.7  1974   82.8  1973   85.3  1883   254.7  1887   192.2  1874   212.6  1977   278.0  1893  1038.4  1896
   82.6  1941   55.4  1913   61.5  1889   47.6  1896   50.9  1863   49.8  2006   64.7  1912   72.4  2016   66.4  1905   87.0  1992   81.8  1885   85.2  1888   254.0  2003   191.3  1895   211.8  1999   277.6  1933  1038.0  1892
   82.5  1968   54.8  1944   61.5  1880   47.5  1878   50.8  1912   48.1  1909   63.7  1999   72.2  1990   65.8  1994   86.7  1911   81.1  1869   85.2  1871   253.7  1959   190.8  1949   211.0  1982   276.7  1907  1035.7  1929
   82.2  1887   54.1  1929   61.1  2016   47.0  1906   50.3  1928   48.0  1962   63.7  1864   72.2  1973   65.4  2020   86.7  1888   79.1  1908   85.2  1908   252.2  2017   190.1  1957   210.0  1973   274.8  1948  1034.3  1941
   82.0  1885   53.8  2013   60.9  1878   46.8  1995   50.1  2004   47.9  1968   62.3  2003   71.2  1975   64.5  1902   86.7  1868   78.6  1975   84.9  2018   251.9  1965   190.0  1881   209.4  1942   274.4  1909  1031.2  1949
   81.5  1981   53.1  1971   60.6  1996   46.7  1967   49.6  1905   47.7  1899   62.0  1949   70.4  1919   64.3  1989   86.2  1956   78.2  1988   84.8  1918   248.4  1992   187.1  1864   209.1  1868   274.0  1870  1027.9  1885
   80.6  1865   52.3  1927   60.5  1926   46.4  1945   48.8  1970   47.7  1910   61.4  2004   69.8  1909   63.9  1920   85.6  1936   77.5  2008   84.6  1969   248.0  2018   187.0  2010   204.8  1974   272.4  1975  1026.9  2001
   78.3  1914   52.2  1983   59.7  1902   45.8  1914   48.4  1864   46.6  1967   60.9  1928   69.4  1882   63.1  1952   84.8  1963   76.7  1907   84.6  2016   245.6  1902   184.7  1873   204.7  1989   270.3  1915  1020.9  1936
   78.0  1917   52.2  1963   59.5  1949   45.5  1884   48.0  2010   46.4  1936   60.8  1906   69.2  2018   62.6  1997   84.5  1999   76.1  1932   83.6  1873   245.6  1886   183.9  1973   203.5  1969   270.3  1978  1020.7  2018
   75.2  1979   52.1  1940   59.1  1960   45.3  1928   47.8  1933   46.2  1933   60.6  1952   69.1  1884   61.7  1973   80.1  1910   75.7  2021   82.4  1977   243.4  1919   183.7  1944   203.1  1880   269.7  1952  1017.5  1908
   74.4  1966   51.4  1938   58.5  1911   44.1  2006   47.8  1989   45.1  1870   59.1  1904   67.9  1922   61.5  1909   78.8  2015   75.6  1921   80.9  1913   241.1  1893   180.3  1911   202.8  1993   268.6  1997  1015.1  1867
   73.7  2001   51.4  1862   57.1  1970   43.5  1890   47.2  1961   44.8  1915   57.8  1897   66.9  1994   59.6  1951   77.0  1957   75.3  1987   80.4  1981   239.6  1952   179.3  1961   200.0  1914   264.1  1862  1000.5  1879
   73.2  1950   49.2  1874   56.8  1900   43.4  1894   46.9  1893   43.4  1874   57.6  1996   62.9  1996   58.2  1917   76.8  1866   75.1  1943   80.3  1889   239.4  1881   179.0  1939   197.4  2005   263.9  1956  1000.0  1905
   70.5  1973   48.8  1886   56.7  1887   40.8  1864   46.8  2020   42.5  2013   56.5  1876   62.2  1938   56.1  1937   76.0  1880   75.0  1968   80.1  1991   237.9  1878   178.4  1863   197.1  1959   260.7  1914   999.9  1901
   68.9  1959   48.6  1919   56.5  1935   40.7  1976   46.7  1990   41.9  1949   56.4  1901   61.4  1896   55.8  2007   75.0  1958   74.3  1903   78.4  1935   237.7  1924   178.2  1984   194.4  1933   258.7  1942   998.4  1922
   68.7  1864   47.3  1878   56.3  1871   40.6  1891   46.5  1950   40.9  1961   55.8  1995   61.3  1993   55.4  1862   73.5  2016   72.5  1868   77.5  2005   234.1  1896   177.2  1970   194.1  2018   256.6  1865   994.6  1919
   67.8  1876   44.4  1953   56.1  1959   40.4  1875   45.4  1940   40.5  1914   55.6  2000   58.4  1939   55.3  2013   72.3  1919   72.2  1961   75.8  1874   233.8  1917   177.0  1953   192.8  1967   253.6  1901   994.6  1913
   67.7  1891   44.4  1924   55.3  1933   40.2  1956   45.2  1930   40.2  1955   53.1  1976   56.1  1936   55.2  1979   72.1  1897   71.5  2013   75.3  2001   233.2  1909   176.9  1962   192.7  2021   253.3  1986   989.6  1942
   67.5  1902   44.2  1888   54.7  2003   39.3  1957   44.4  2016   38.7  1995   52.6  1917   55.7  1911   52.7  1949   71.5  1950   70.4  1924   75.2  1989   230.8  1895   175.9  1930   188.7  1898   253.0  1920   986.4  1996
   67.4  1893   43.9  1909   52.7  1875   39.2  1954   43.5  2017   38.5  1942   52.3  2006   55.4  1997   49.8  1916   70.2  1902   70.3  1990   73.9  1885   229.0  1889   175.2  2001   184.8  1972   251.8  1925   985.1  1969
   66.5  1870   43.4  1896   52.4  1962   37.5  1870   42.2  1866   37.8  1992   52.3  1966   54.6  1972   49.4  1933   69.5  1913   68.6  1879   73.9  2017   228.5  1880   174.7  1959   184.3  2006   244.7  2016   984.0  1911
   66.0  1871   43.2  1875   51.5  1955   35.5  2011   41.8  1978   37.7  1886   52.2  1911   54.5  1968   49.2  2003   67.4  1914   67.5  1870   72.5  1931   228.3  1907   172.6  1912   184.1  1947   243.5  1969   973.6  1893
   64.3  2006   42.3  1902   51.0  1898   35.3  1893   40.7  1869   37.1  2010   51.3  1964   54.4  2013   48.3  1921   67.2  1899   65.3  1964   69.6  1995   225.9  1874   168.4  1896   182.8  1911   240.9  1913   972.2  1880
   62.2  1987   42.3  1973   50.4  1945   34.9  1936   39.3  1936   37.0  1996   49.4  1870   52.1  1870   44.6  1931   65.5  1908   63.1  1993   68.9  1927   225.2  1971   166.7  1955   182.6  2013   236.5  1902   972.1  1904
   61.1  1955   42.2  1964   50.2  1865   34.7  1892   38.1  1915   35.6  1906   48.5  1969   50.0  1999   44.5  2015   65.0  1931   62.6  1922   67.8  1971   224.0  1963   165.0  1892   181.6  1864   234.7  1897   963.5  1869
   60.6  1897   41.5  2012   48.7  1969   34.1  1881   38.0  1956   34.9  1976   47.5  1994   46.7  1886   44.4  1906   65.0  1922   62.4  1948   67.6  1867   221.3  1879   163.0  1974   180.7  1886   233.6  1910   958.9  1952
   59.7  1907   40.9  1873   48.3  1943   34.0  1982   37.8  1975   34.8  1905   47.3  1972   45.8  1940   41.6  1895   63.8  1964   60.5  2004   67.1  1947   220.4  1985   161.8  1975   180.1  1994   225.1  1955   958.1  1959
   59.1  1889   40.8  1890   47.6  1923   33.8  1997   36.8  1959   34.3  1920   46.8  1977   44.4  1933   40.0  1996   62.9  1887   57.5  1955   66.6  1950   216.6  1888   160.2  1933   179.0  1932   224.6  2007   957.3  1917
   58.3  1898   40.7  1975   45.0  1975   32.9  1955   35.5  1939   33.5  1885   45.4  1984   42.0  1864   37.6  1911   60.9  1973   55.5  1934   66.1  1941   216.3  1905   159.5  2017   173.1  1899   222.0  1964   943.1  1921
   58.1  2017   38.2  1930   44.6  1938   32.5  1921   35.4  1935   33.3  1923   45.1  1990   40.9  1932   37.2  1941   58.5  1969   53.6  1909   65.8  1905   213.5  1976   159.2  1915   170.5  1887   214.4  1921   941.6  1902
   57.3  1935   38.0  2003   44.2  1961   27.5  2017   35.4  1887   33.3  1918   42.2  1935   39.9  1913   36.7  1914   58.1  1953   53.3  1957   64.0  1988   213.3  1932   158.5  1938   169.5  1981   213.8  1971   940.6  1889
   54.5  1896   36.9  1986   40.7  1863   27.3  1918   34.1  2018   33.3  1932   41.6  1982   37.4  1991   36.5  2002   57.9  1947   53.3  1904   63.5  1967   211.3  1968   157.1  1865   168.5  1925   213.8  2003   940.5  1953
   54.1  1963   36.1  1952   40.3  1869   26.4  2007   32.6  1919   29.0  2021   40.1  1885   34.4  1869   36.2  1889   53.8  2003   51.5  1862   61.3  1970   209.2  1973   153.8  1980   167.8  1885   211.3  1894   939.7  1989
   51.4  1880   31.3  1965   39.6  1931   26.2  1873   32.3  1880   28.0  1941   39.4  2005   33.2  1899   34.9  1971   52.3  1997   48.0  1889   58.9  1939   206.6  1927   149.4  1887   157.6  1996   208.4  1958   928.0  1972
   50.2  1940   31.1  1895   36.8  1918   25.9  1865   29.7  1871   27.8  1884   35.6  1869   30.8  1984   34.8  1907   48.8  1975   47.5  1956   58.8  1879   206.3  2006   148.7  1946   152.2  1919   205.6  1989   908.2  1865
   50.2  1879   27.5  1917   36.5  1892   24.8  1912   29.3  2008   27.7  1891   35.0  1955   30.7  1959   32.1  1986   48.4  2007   44.7  1925   56.2  1917   203.6  1929   145.3  1875   146.5  1870   205.4  1973   907.9  1975
   48.8  1911   25.6  1979   34.2  1893   24.5  1946   28.6  1991   27.4  1868   34.5  1898   28.7  1983   30.9  1929   46.1  1962   39.9  1896   55.4  1890   200.3  1953   144.3  1918   138.8  2003   204.8  1889   905.6  1964
   47.9  1905   24.2  1993   32.9  1924   24.3  1974   28.2  1876   27.0  1889   25.8  1989   28.5  1955   30.4  1888   46.0  1985   39.2  1989   50.4  1943   199.8  1944   142.5  1936   136.6  1869   201.3  1922   881.2  1933
   46.3  1929   24.2  1959   32.7  1973   23.6  1984   27.7  1984   23.4  1921   24.6  1983   24.8  2003   30.3  1910   45.7  1904   35.5  1958   50.3  2010   186.7  2019   141.3  1956   133.5  1913   199.9  1957   875.6  1971
   41.8  1964   23.5  1985   29.3  1944   23.6  1981   27.6  1896   23.1  1988   24.2  1913   24.6  1880   27.3  2014   42.9  1978   29.7  1983   49.1  1892   161.3  1934   139.8  1869   132.8  1984   194.8  1879   843.0  1887
   41.4  2019   20.1  1921   26.8  2012   23.0  2021   26.3  1980   22.9  1940   24.2  1878   24.3  1976   25.9  1959   41.3  1879   28.8  1945   46.4  1963   161.2  1940   138.8  1929   124.3  1983   190.7  1867   840.9  2003
   40.8  1953   20.0  1891   24.7  1870   16.7  2020   26.0  2001   21.2  1887   22.4  1919   22.5  1995   22.7  1865   35.0  1972   25.7  1942   40.9  1975   143.1  1891   128.6  2020   117.0  1995   183.1  1937   834.9  1870
   36.8  1881   15.3  1934   22.1  1953   13.9  1938   24.0  1895   20.1  1925   17.5  1868   21.5  1981   21.9  1894   28.0  1951   25.4  1937   37.6  1933   130.5  1964   126.9  1870   112.3  1976   180.6  1904   831.7  1955
   30.9  1997    8.7  1932   14.8  1929   12.3  1980   18.8  1994   17.2  1865   17.4  1863    5.7  1947   16.0  1972   16.4  1946   22.9  1867   35.7  1926     ---  1862   116.4  1893   103.7  1955   149.1  1972   821.5  1973