Areal values from HadUK-Grid 1km gridded climate data from land surface network
Source: Met Office National Climate Information Centre
Monthly, seasonal and annual number of days in the month with precipitation amount >= 1mm for Scotland E
Areal series, starting in 1891
Last updated 01-Jan-2022 11:00
    jan  year    feb  year    mar  year    apr  year    may  year    jun  year    jul  year    aug  year    sep  year    oct  year    nov  year    dec  year     win  year     spr  year     sum  year     aut  year     ann  year
   25.7  1928   21.1  2002   23.6  1903   19.9  2012   22.9  1906   21.8  1907   22.6  1940   22.8  1985   21.2  1950   25.2  1903   23.0  1939   24.4  1900    61.5  2014    50.4  1947    56.8  1985    59.3  1935   208.5  1903
   23.2  2016   20.6  1923   21.8  1897   19.6  1899   22.1  1924   21.6  1912   22.2  1924   22.1  1903   20.0  1896   23.5  1960   22.4  1919   23.3  1959    61.1  1916    50.4  1979    55.5  1907    58.6  1954   204.6  1900
   22.7  1937   20.5  1925   21.2  1905   19.0  1934   20.6  1894   19.9  1991   22.1  1988   21.9  1891   19.8  1899   22.8  1932   22.3  2010   23.3  2015    60.8  2016    49.6  1905    53.8  1946    56.7  1938   196.7  1928
   22.5  2008   20.2  1990   21.1  1914   18.4  1998   20.6  1967   18.5  2002   22.1  1953   21.8  1960   19.5  1954   22.2  1935   22.2  1963   22.9  1915    56.9  1937    49.4  1903    53.1  1924    55.8  1900   196.7  1916
   22.4  1948   20.1  1916   20.6  1913   18.0  1932   20.3  1969   18.3  1928   21.8  2015   21.6  1895   19.1  1918   22.2  2020   22.1  1900   22.7  1934    56.5  1894    49.4  1983    52.5  1903    55.5  1903   192.4  1923
   22.2  1922   19.7  2014   20.3  1928   17.5  1905   19.9  1986   18.0  1927   21.7  1931   20.8  1917   18.7  1927   22.0  1917   21.6  1951   22.7  1911    56.4  1960    49.4  1925    52.0  1960    55.1  1960   189.0  1927
   21.9  1900   19.6  1904   19.7  1994   17.5  1904   19.8  1925   17.9  1935   20.8  1915   20.8  1943   18.4  1908   21.8  1907   21.1  1911   22.2  1929    55.7  1922    48.9  1899    51.3  1927    53.9  2000   187.7  1906
   21.9  2014   19.4  2020   19.4  1909   17.5  1985   19.7  1945   17.8  1946   20.5  1936   20.5  1910   17.9  1992   21.2  1906   20.5  2018   21.7  1896    55.5  1939    48.7  1986    51.2  2012    53.1  1923   186.8  1960
   21.7  1926   19.1  1894   19.4  1912   17.3  2008   19.3  1902   17.7  1948   19.7  2009   20.3  1941   17.6  1946   21.1  1916   20.4  1946   21.1  1978    55.4  1926    48.6  1932    50.6  1912    53.1  1905   186.6  1954
   21.2  1993   18.8  1910   18.9  1939   17.0  1947   18.9  2003   16.9  1896   19.5  1920   19.9  1951   17.4  2011   20.9  2021   20.3  1938   20.9  1949    55.3  1900    48.5  1916    50.5  2009    52.7  1950   185.4  2002
   21.0  1972   18.7  1941   18.6  2006   16.8  1920   18.1  1926   16.9  2004   19.2  1900   19.8  1956   17.3  1965   20.6  1938   20.3  1905   20.8  1912    55.3  1912    48.0  1963    50.4  1948    52.3  1930   182.9  1926
   20.5  1986   18.7  1915   18.4  2008   16.6  1925   18.0  1983   16.6  1947   19.1  1960   19.8  1992   17.3  1962   20.5  1976   20.2  2015   20.6  1901    53.5  2021    48.0  1920    50.2  1895    52.3  1984   182.4  1938
   20.4  1990   18.5  1918   18.4  1908   16.4  1898   17.1  1979   16.5  2012   19.1  1903   19.8  1930   17.3  1974   20.5  1892   20.1  1959   20.6  1919    53.3  1915    48.0  1904    49.7  2017    52.2  1928   181.1  2014
   20.3  1975   18.3  2011   18.3  1947   16.3  2004   16.9  2006   16.4  2017   18.7  1950   19.3  1928   17.2  2017   20.4  1930   20.0  1984   20.5  2020    53.3  1923    47.7  1906    49.4  1953    52.0  1982   180.7  1950
   20.2  1994   17.8  1966   18.3  1916   16.3  1927   16.8  2021   16.3  2020   18.7  1939   19.3  1904   17.2  1934   20.4  1967   20.0  1935   20.0  1938    52.6  1901    47.1  1902    49.3  1900    51.9  1927   178.9  1948
   20.1  1984   17.6  1997   18.2  1978   16.2  1975   16.8  2002   16.3  1926   18.6  1932   19.2  1897   17.1  1935   20.2  2001   20.0  1914   19.9  2013    52.4  1995    47.0  1913    49.2  2002    51.4  1944   178.7  1905
   20.0  1921   17.6  2000   18.2  1921   16.1  1977   16.7  1976   16.2  1966   18.6  1985   19.2  1907   16.9  1983   20.2  1900   19.9  2009   19.8  1898    52.4  1920    46.9  1934    49.0  1928    51.4  1980   178.6  2008
   19.8  2004   17.5  1937   18.1  1979   15.8  1959   16.7  2011   16.2  1938   17.8  1946   19.2  1948   16.8  1925   20.2  2004   19.7  1970   19.7  1910    52.0  1903    46.8  1909    48.1  2015    51.2  2010   177.9  1904
   19.8  1974   17.4  1931   18.0  1977   15.5  2016   16.7  1904   16.2  1944   17.7  2012   19.0  1927   16.8  1980   19.6  1954   19.7  1928   19.6  1986    51.8  1904    45.7  1926    48.0  1931    51.1  1932   177.7  2015
   19.6  1899   17.1  1914   17.6  1963   15.5  1992   16.6  1916   16.0  1987   17.7  1998   19.0  1923   16.7  1975   19.4  1961   19.7  1940   19.6  1999    51.1  1994    45.4  2006    47.8  1963    50.6  1939   177.6  1924
   19.4  1938   16.7  1951   17.6  1983   15.5  1950   16.6  1963   15.8  1897   17.5  1970   18.9  1906   16.7  2000   19.3  1996   19.5  1954   19.5  1966    50.8  1925    45.2  1967    47.7  1958    50.4  1974   177.4  2011
   19.3  1939   16.6  1903   17.5  1989   15.5  1910   16.3  2005   15.8  1916   17.5  2007   18.8  1963   16.6  1985   19.1  1909   19.5  1929   19.4  1956    50.7  1984    45.1  1908    47.7  2019    50.2  1892   177.0  1894
   19.1  1995   16.6  1958   17.4  1940   15.5  1931   16.2  1932   15.8  1892   17.4  2002   18.8  1905   16.6  1891   19.1  1934   19.2  1941   19.4  2011    50.7  2000    44.7  1897    47.5  1950    50.1  2011   176.8  1998
   19.1  1894   16.5  1922   17.4  1992   15.4  1900   16.0  1955   15.7  1931   17.4  1922   18.8  2008   16.2  1970   19.0  2014   19.2  1931   19.4  1955    50.4  1899    44.3  1927    47.3  1954    50.0  1970   176.6  1931
   18.8  1919   16.4  1935   17.0  1980   15.4  1909   16.0  2015   15.7  2016   17.3  1938   18.7  1912   16.2  1944   19.0  1995   19.0  1944   19.2  1954    50.4  1928    43.8  1977    47.2  1956    49.9  1917   176.5  2000
   18.7  2007   16.4  2007   16.8  1937   15.2  1979   16.0  1892   15.7  1945   17.2  1891   18.7  2019   16.1  1923   18.9  1982   18.9  2000   19.2  1985    50.4  1948    43.2  1914    46.5  1938    49.5  2006   176.4  1985
   18.6  1906   16.3  1960   16.8  1981   15.2  1961   15.9  1938   15.6  1963   17.1  2016   18.3  2009   16.0  1984   18.9  1928   18.9  2002   19.2  1914    50.2  1935    43.1  2005    46.4  2004    48.9  1926   176.2  1910
   18.6  1988   16.3  1926   16.8  1951   15.2  1935   15.9  1958   15.6  1900   17.0  1895   18.2  1958   15.9  1978   18.8  2006   18.9  1992   19.0  2012    50.2  1910    42.7  1985    46.3  2008    48.8  1919   175.5  2004
   18.5  1943   16.2  1939   16.6  1920   15.1  2000   15.9  1907   15.5  1972   16.8  2020   18.2  1946   15.9  1893   18.6  2002   18.8  2014   18.9  1916    49.9  2020    42.4  1898    46.1  1891    48.7  2001   175.5  1907
   18.4  1903   16.1  1893   16.3  2018   14.8  1951   15.5  1972   15.5  1985   16.7  1916   18.1  1924   15.8  1942   18.4  1923   18.7  1997   18.8  1965    49.8  1957    42.0  1894    46.0  1894    48.7  1896   175.3  2009
   18.4  1945   15.8  1950   15.9  1896   14.6  1970   15.5  2007   15.4  1998   16.6  1918   18.1  1954   15.8  1982   18.4  1895   18.6  1960   18.8  1899    49.7  1945    41.9  1969    46.0  1910    48.6  1963   175.3  1899
   18.3  1930   15.8  1955   15.8  1895   14.6  1901   15.5  2019   15.3  2019   16.6  1958   17.9  1892   15.8  1938   18.4  1998   18.6  1926   18.7  1974    49.7  1950    41.9  1992    45.9  2020    48.6  1906   175.3  1912
   18.1  1936   15.8  2021   15.8  1934   14.5  1965   15.1  1947   15.3  2011   16.5  1909   17.9  1929   15.8  1999   18.3  2000   18.6  1906   18.7  1895    49.4  1943    41.6  2008    45.9  1943    48.3  2017   175.2  1939
   18.1  1970   15.6  1945   15.7  1988   14.4  1903   15.0  1931   15.1  1997   16.2  1933   17.8  2014   15.7  1930   18.2  2011   18.6  1923   18.7  1942    49.4  2007    41.5  1972    45.8  1930    48.2  1992   174.5  1934
   18.1  1916   15.6  1995   15.6  1927   14.2  1986   14.9  1995   15.1  1999   16.1  2017   17.8  1894   15.7  1976   18.1  1942   18.0  1927   18.6  1923    49.2  1990    41.3  1951    45.4  1998    48.1  2018   174.5  1930
   18.0  2013   15.6  1954   15.6  1957   14.2  1996   14.8  2014   15.1  1990   15.9  1894   17.5  1962   15.6  1961   18.1  1905   17.9  1980   18.6  1993    49.1  2002    40.8  1931    45.3  1897    48.0  1967   174.1  1966
   17.9  1999   15.4  1989   15.5  1976   14.1  1926   14.8  2009   15.0  1980   15.8  2010   17.5  1950   15.6  1932   18.1  1983   17.9  1977   18.3  1893    49.0  1956    40.7  1907    44.9  1896    48.0  1981   173.9  1963
   17.9  1927   15.2  1912   15.5  1967   14.1  2001   14.8  1923   14.7  1965   15.8  1937   17.3  1988   15.5  1995   18.0  2013   17.9  1949   18.1  1907    48.9  1951    40.6  1901    44.6  1988    47.8  1998   173.0  1925
   17.9  1969   15.1  1972   15.5  1899   14.0  1922   14.6  1920   14.7  2007   15.7  1942   17.2  1921   15.5  1924   17.7  1901   17.7  1950   18.0  1952    48.8  1967    40.5  1965    44.6  1902    47.8  1940   172.5  1951
   17.8  1920   14.9  1948   15.5  1901   14.0  1953   14.6  1966   14.3  1954   15.3  1902   17.2  2017   15.5  1967   17.6  1896   17.7  1974   17.9  1980    48.7  1986    40.4  2015    44.6  1916    47.7  1995   172.3  2012
   17.6  2015   14.9  1933   14.9  1995   13.9  1963   14.6  1908   14.2  1956   15.3  1968   17.0  2012   15.4  1897   17.5  1918   17.6  1913   17.9  1983    48.7  1966    40.4  1940    44.6  2016    47.2  2004   171.6  1902
   17.6  1942   14.8  1978   14.9  1911   13.8  1983   14.5  1921   14.1  1943   15.0  1957   16.7  2004   15.1  1892   17.5  1941   17.5  1947   17.8  1920    48.3  1930    40.3  1928    44.3  1923    46.9  1976   171.1  1937
   17.6  1951   14.8  2017   14.9  1902   13.7  1993   14.5  1954   14.0  2008   15.0  1893   16.5  1898   15.1  2010   17.4  1898   17.3  1982   17.8  1924    48.2  1974    40.2  1998    43.8  2011    46.9  1918   170.8  1901
   17.5  1962   14.6  1977   14.8  2001   13.6  1916   14.3  1943   13.9  1919   14.9  1930   16.5  1942   15.0  1981   17.3  2008   17.3  1895   17.7  2009    48.0  1931    40.1  1945    43.4  1922    46.9  1891   170.7  1922
   17.5  1983   14.6  1900   14.8  1985   13.6  1923   14.1  1973   13.9  1902   14.9  1954   16.4  2011   14.9  2019   17.3  1929   17.2  2019   17.7  1994    47.9  1941    40.0  2002    43.2  2007    46.5  1916   170.2  1920
   17.4  1912   14.5  1892   14.7  1986   13.5  1911   14.1  1965   13.8  1952   14.9  1923   16.3  1893   14.9  1945   17.2  1952   16.9  1916   17.7  2000    47.7  1955    39.7  1921    43.2  1987    46.5  1961   170.1  1935
   17.3  1957   14.5  1996   14.7  2019   13.4  1940   14.0  1981   13.4  1929   14.6  1965   16.1  1989   14.8  2018   17.2  1939   16.9  1981   17.7  1958    47.6  1972    39.6  1937    43.2  1951    46.4  1934   170.1  1895
   17.3  2021   14.4  1980   14.6  1982   13.4  1994   13.8  1996   13.3  1981   14.5  1974   16.1  2000   14.7  1905   17.1  1912   16.8  2006   17.5  1897    46.9  1913    39.5  1976    43.2  1929    46.4  2019   170.0  1967
   16.8  1934   14.4  1905   14.5  1932   13.3  1972   13.8  1948   13.3  1913   14.5  1907   16.0  1982   14.6  1926   17.1  1990   16.7  1910   17.5  1945    46.8  1999    39.3  2014    42.9  1892    46.2  1899   169.5  1898
   16.8  1910   14.3  2016   14.5  1906   13.3  1930   13.7  1910   12.9  1937   14.4  1896   15.7  1953   14.6  1964   17.0  1988   16.7  1998   17.3  1925    46.8  1938    39.2  1993    42.8  1904    46.1  2020   169.4  1974
   16.8  2003   14.2  1967   14.4  1987   13.2  1913   13.7  1899   12.9  1958   14.3  1927   15.7  1979   14.5  1968   16.8  1989   16.4  1991   17.3  1891    46.7  1975    39.1  1923    42.7  1915    45.5  2021   169.4  2020
   16.8  1960   14.2  1898   14.4  1922   13.2  1915   13.7  1944   12.8  1901   14.2  1934   15.5  1957   14.3  1956   16.7  1968   16.4  1965   17.2  1918    46.7  2010    39.0  1966    42.5  1957    45.4  1977   169.3  1897
   16.7  1923   14.2  1908   14.2  2015   13.1  1960   13.6  1997   12.7  1924   14.2  1910   15.5  1902   14.3  1957   16.7  2017   16.3  1930   17.0  1948    46.7  1892    38.7  2000    42.2  1906    45.3  2009   168.2  1946
   16.7  1947   14.1  1969   14.1  2005   13.1  1964   13.6  1891   12.7  2001   14.0  2001   15.5  1978   14.3  2004   16.6  1980   16.2  1903   17.0  1921    46.2  2013    38.6  1910    42.0  1980    44.5  2008   168.0  1970
   16.7  1931   14.1  1988   14.1  1974   13.0  1941   13.5  1968   12.6  2005   14.0  1979   15.4  1915   14.1  1987   16.3  1984   16.2  1966   17.0  1997    46.0  2008    38.6  1924    41.9  1965    44.3  1943   167.9  1914
   16.6  1901   14.1  1920   14.1  1919   12.9  1902   13.5  1898   12.5  1971   13.9  1899   15.4  1964   14.0  1903   16.3  2009   16.1  1979   17.0  1902    46.0  1918    38.5  1900    41.9  1966    44.2  1898   167.8  1944
   16.5  1895   14.0  1961   14.0  1891   12.8  1907   13.2  1993   12.5  2009   13.7  1987   15.4  1901   14.0  1948   16.3  1944   15.9  1986   16.9  1962    45.4  1919    38.3  2019    41.8  1952    44.2  1929   167.6  1915
   16.4  1913   13.8  2005   13.8  1904   12.7  2005   13.1  1913   12.4  1959   13.7  2019   15.3  2015   13.8  2006   16.2  1987   15.8  2007   16.8  1932    45.3  1908    38.2  1958    41.6  2014    44.2  1952   167.4  1932
   16.2  2005   13.8  1956   13.8  2017   12.6  2018   13.1  1933   12.3  1894   13.7  1941   15.2  1952   13.8  1953   16.1  1981   15.8  1996   16.7  1906    45.2  1988    38.0  2013    41.3  2001    43.9  1968   167.4  1965
   16.2  1998   13.8  1906   13.6  2013   12.3  1989   13.0  2013   12.0  1994   13.7  1906   15.2  1961   13.7  2001   16.0  1943   15.8  1899   16.7  1936    45.1  1924    38.0  1995    41.0  1939    43.9  1966   167.0  1988
   16.1  1904   13.7  1970   13.5  1926   12.2  1894   12.8  1962   11.9  1957   13.6  1945   14.7  2010   13.6  2016   15.9  1979   15.8  1953   16.6  1984    45.1  1961    38.0  1939    41.0  1909    43.9  2014   167.0  1979
   16.1  1981   13.5  2018   13.3  1915   12.2  1943   12.8  1949   11.8  1939   13.6  1975   14.7  2001   13.6  1900   15.9  1948   15.7  2003   16.5  1937    45.1  1897    37.9  1922    40.9  1937    43.8  1893   166.9  2016
   15.9  2002   13.4  1992   13.3  1984   12.2  1966   12.8  1929   11.7  1895   13.6  1948   14.5  1986   13.5  1928   15.9  1940   15.5  1962   16.4  1928    45.1  1906    37.8  2004    40.9  1926    43.8  1941   166.6  1980
   15.8  1976   13.4  1974   13.2  1991   12.2  1933   12.8  1942   11.6  1922   13.5  2008   14.5  1918   13.5  1901   15.8  1894   15.4  1994   16.3  1904    45.0  1980    37.8  1994    40.3  1893    43.5  1908   166.5  1945
   15.8  2010   13.3  1911   13.2  1990   12.1  1973   12.7  1999   11.6  2014   13.4  1963   14.4  1922   13.4  1943   15.6  2005   15.4  1891   16.2  2019    45.0  1970    37.7  1996    40.2  1991    43.5  1946   166.2  1896
   15.7  1956   13.2  2010   13.0  1917   12.1  1917   12.6  1900   11.6  1953   13.2  1991   14.4  1900   13.4  1936   15.6  1926   15.4  1917   16.1  1979    45.0  2004    37.4  1999    40.0  1936    43.4  1895   166.2  1909
   15.7  1893   13.2  1928   13.0  1999   12.1  1908   12.4  1927   11.6  2003   13.2  1956   14.3  1909   13.3  1977   15.6  2012   15.2  1908   16.1  1903    45.0  1947    37.2  1917    39.9  1942    43.3  1949   166.1  2019
   15.7  1961   13.0  1957   13.0  2002   12.1  1949   12.3  2000   11.5  1898   13.2  1951   14.3  1934   13.3  1963   15.4  1974   15.0  1985   16.0  1922    44.6  1911    37.2  1950    39.8  1979    43.3  2012   165.8  2017
   15.6  2018   13.0  1999   13.0  1925   12.1  2014   12.1  1934   11.5  2000   13.0  1911   14.2  2018   13.2  1988   15.3  1933   14.9  1943   16.0  2002    44.5  1969    37.2  1988    39.6  1918    43.2  2002   165.6  1943
   15.6  1918   13.0  1936   12.9  1936   12.1  1919   12.1  1917   11.4  1950   12.9  1997   14.1  1980   13.2  1947   15.3  1949   14.8  2005   15.9  1946    44.4  1998    37.0  2012    39.1  1944    43.0  1911   165.3  1990
   15.5  1915   12.7  1984   12.8  1958   12.0  1929   12.0  1897   11.4  1903   12.9  1980   13.8  1966   13.2  1952   15.2  1921   14.8  2012   15.9  1998    44.3  1936    37.0  1970    38.9  1992    42.9  1901   165.3  1918
   15.4  1965   12.5  1949   12.6  1972   12.0  1944   12.0  1909   11.3  1964   12.9  2004   13.6  2005   13.1  1909   15.2  1927   14.7  2001   15.8  1964    44.1  1954    36.6  1968    38.9  1941    42.7  1965   165.2  1958
   15.4  1932   12.3  1946   12.6  1997   11.9  1937   11.9  1914   11.2  1969   12.8  2003   13.6  1896   13.1  1919   14.9  1891   14.7  1892   15.7  1944    43.8  1898    36.5  1911    38.7  1920    42.6  2005   165.1  1986
   15.3  1924   12.3  1947   12.5  1970   11.7  1999   11.9  1918   11.2  1910   12.8  1993   13.5  1925   13.1  2008   14.9  1966   14.5  2011   15.7  1951    43.4  1977    36.5  1989    38.5  1917    42.4  1925   165.1  1999
   15.3  1978   12.3  1994   12.5  1898   11.5  2013   11.9  1953   11.2  1930   12.8  1952   13.5  1987   13.0  1960   14.4  1925   14.4  2017   15.6  1894    43.2  1949    36.5  1949    38.5  1945    42.3  1947   164.9  1908
   15.3  1944   12.3  1943   12.4  1971   11.5  1939   11.8  2012   11.0  1960   12.7  1973   13.3  2002   12.9  2012   14.4  1902   14.3  1893   15.4  1960    43.2  2005    36.4  1981    38.4  1901    42.2  1979   164.7  1892
   15.2  1971   12.3  2001   12.3  2014   11.5  1968   11.8  1974   11.0  1904   12.6  1925   13.3  1974   12.9  1922   14.3  2019   14.3  1969   15.3  1940    43.2  1893    36.3  1930    38.1  1940    42.0  1999   164.7  1940
   15.1  1952   12.2  1944   12.3  1930   11.3  1969   11.4  1903   10.9  2015   12.5  1904   13.0  1926   12.8  1966   14.2  1977   14.2  1898   15.2  1982    43.2  1946    36.1  1933    38.1  1935    42.0  1987   164.4  1947
   15.1  1967   12.2  1991   12.3  1946   11.1  1962   11.4  1941   10.8  1908   12.4  1905   13.0  1914   12.8  1998   14.0  1970   14.1  2008   15.2  1953    43.0  1902    36.1  1941    37.9  1905    42.0  1948   164.2  2005
   14.9  1892   12.2  1962   12.3  1998   10.9  1895   11.3  1957   10.6  1993   12.3  1908   12.9  1938   12.7  1902   13.9  2010   14.0  2020   15.1  1976    42.9  1933    36.0  1978    37.8  1934    41.8  1909   164.2  1891
   14.7  2009   12.1  1927   12.2  1966   10.9  1897   11.2  1987   10.4  1923   12.3  1967   12.8  2020   12.7  1898   13.9  1924   13.8  1933   15.1  2021    42.9  1958    35.9  1891    37.7  1974    41.7  1983   162.1  1941
   14.4  1980   11.5  1901   12.2  1993   10.9  1988   11.2  1971   10.3  1911   12.2  1992   12.7  1990   12.6  1955   13.8  1950   13.8  1936   15.0  1990    42.8  1962    35.6  2009    37.4  1997    41.7  1914   161.7  1919
   14.3  2020   11.5  2009   12.2  2004   10.9  1991   11.2  1964   10.2  1977   12.2  2014   12.6  1965   12.6  1920   13.6  1936   13.8  1952   15.0  1973    42.4  1978    35.6  1964    37.3  2010    41.5  1924   161.5  1911
   14.2  1996   11.4  1940   12.1  1907   10.7  1945   11.2  2010   10.2  1899   12.1  2011   12.5  1973   12.5  1917   13.6  1957   13.5  1902   14.8  2014    42.4  1981    35.4  1955    36.9  1933    41.4  1962   161.1  1992
   14.2  1909   11.4  1929   12.0  1952   10.7  2010   11.0  1946   10.2  1983   12.0  1944   12.5  1971   12.3  1940   13.6  1893   13.5  1978   14.7  1908    42.4  1914    35.3  1915    36.8  1898    41.4  1913   161.0  1978
   14.1  1917   11.3  2006   11.9  1965   10.7  1924   10.9  1952   10.2  1909   11.9  1929   12.4  1998   12.2  2005   13.5  1937   13.5  1894   14.5  1909    42.2  1921    35.3  1957    36.7  1970    41.2  1931   160.8  2010
   14.0  1958   11.3  2008   11.9  2007   10.6  1896   10.9  1893   10.1  1979   11.9  1966   12.2  1937   12.0  1958   13.5  1913   13.3  1897   14.5  1950    42.1  1983    35.2  2016    36.2  1962    40.8  1936   160.4  1893
   13.9  1941   11.3  1998   11.8  1941   10.4  1906   10.9  1905   10.1  1951   11.6  1921   12.2  1949   12.0  1993   13.5  1991   13.2  1995   14.3  2006    41.9  2018    35.1  2001    36.1  1990    40.8  1991   160.4  1942
   13.7  1977   11.3  1924   11.8  1950   10.3  1928   10.8  1937   10.0  1961   11.6  1981   12.2  1993   11.9  1904   13.4  1999   13.1  1912   14.2  2003    41.7  1905    35.0  2018    35.9  1964    40.8  1988   159.9  2001
   13.6  1949   11.3  1982   11.6  1968   10.2  2015   10.7  1930   10.0  1967   11.6  1926   12.2  1967   11.8  2021   13.3  1919   12.9  1971   14.1  2005    41.7  2015    34.7  1987    35.8  1961    40.6  1902   159.9  1994
   13.6  1902   11.2  1907   11.6  2009   10.2  1990   10.6  1982    9.9  1989   11.6  1914   12.1  1916   11.7  1994   13.3  1931   12.9  1999   14.0  1930    41.6  1996    34.6  2021    35.6  1993    40.6  1996   159.3  1952
   13.5  2000   11.1  1899   11.6  1949   10.2  2002   10.6  1988    9.9  1974   11.4  1947   12.0  1920   11.6  1937   13.3  1986   12.8  2004   13.2  2004    41.3  2011    34.4  1895    35.4  1921    40.3  1990   159.2  1929
   13.5  2012   11.0  1942   11.6  2016   10.1  1956   10.6  1901    9.6  1917   11.3  1928   11.8  2016   11.5  1990   13.3  1915   12.8  2021   13.2  1969    41.1  2012    34.4  1959    35.2  1999    40.3  1907   159.0  1977
   13.4  1968   11.0  1968   11.5  1942   10.1  1914   10.4  1985    9.5  1906   11.0  1943   11.8  1969   10.9  1991   13.2  1914   12.8  1932   13.2  1935    40.5  1987    34.3  1912    35.1  1978    40.1  1942   158.9  1957
   13.4  1946   11.0  2004   11.4  1959   10.0  1978   10.0  1912    9.4  1933   11.0  1999   11.4  1977   10.9  1969   13.1  1963   12.7  1972   13.1  1947    40.4  2001    34.2  1943    35.1  2000    40.0  1994   158.5  1936
   13.4  1954   10.8  1938   11.4  1954    9.9  2006   10.0  1950    9.4  1968   10.7  1978   11.4  1933   10.7  1973   13.1  1945   12.7  1968   13.1  1961    40.3  1952    34.2  2003    34.6  1971    39.7  1953   158.5  1956
   13.3  1985   10.5  1897   11.4  1964    9.7  1948    9.9  1970    9.3  1934   10.7  1961   11.3  1908   10.4  1939   12.9  1955   12.6  1921   13.0  1967    39.6  1979    34.1  1962    34.4  1908    39.1  1985   158.4  1962
   13.2  1982   10.3  1976   11.3  2021    9.4  1958    9.9  1990    9.3  1949   10.6  2021   11.2  2006   10.4  1913   12.8  1993   12.5  1920   12.9  2016    39.5  1927    34.0  1944    34.4  2005    39.0  2015   158.0  2006
   13.1  1914   10.0  1987   11.3  2000    9.2  2009    9.7  1928    9.2  1914   10.4  1959   11.1  1919   10.2  1949   12.8  1994   12.5  1904   12.9  1995    39.3  1942    33.8  2011    34.4  1967    38.6  1978   157.7  1995
   13.1  1908    9.7  1913   11.2  1935    9.1  1967    9.7  1977    9.0  1936   10.3  1897   11.1  1911   10.2  1979   12.8  2018   12.3  1907   12.9  2017    39.3  1965    33.7  1919    34.4  1911    38.6  2013   157.6  1917
   13.0  1891    9.6  1953   11.2  1960    9.1  1987    9.7  1951    9.0  1962   10.2  1901   11.1  2013   10.1  2013   12.7  1911   12.2  1967   12.7  1905    39.1  1991    33.3  1990    34.0  1973    38.5  1957   157.5  1961
   12.9  1950    9.5  1952   11.2  2011    8.8  1942    9.6  1998    9.0  1978   10.2  1912   11.1  2007   10.0  2003   12.6  1910   12.2  1924   12.6  1987    39.1  1895    33.2  1975    33.7  1914    38.3  1897   157.2  1949
   12.9  1897    9.4  1983   11.2  2020    8.7  1955    9.5  1940    8.9  1893   10.1  2018   11.0  2021    9.9  2020   12.6  1958   12.1  1948   12.6  1931    38.9  1917    33.1  1942    33.5  1972    38.0  1951   157.0  1983
   12.8  1979    9.4  1919   10.9  1933    8.4  1957    9.5  1922    8.8  1955   10.1  2013   10.9  1970    9.7  1951   12.1  1956   11.8  1975   12.5  1968    38.8  2003    32.9  1997    32.8  1968    37.4  1959   155.6  1969
   12.6  1955    9.3  2015   10.8  1923    8.3  1891    9.4  2004    8.7  1973   10.0  1995   10.9  1944    9.7  1997   11.9  1959   11.7  1987   12.5  1981    38.7  2017    32.5  1954    32.7  1969    37.1  1997   155.4  2018
   12.4  1925    9.2  2013   10.7  1955    8.2  1995    9.0  1992    8.7  2006    9.9  1996   10.7  1996    9.6  1915   11.9  1971   11.7  1990   12.4  1970    38.6  2009    32.5  1961    32.3  1932    36.9  1912   155.4  1993
   12.1  2011    9.1  1986   10.6  2010    8.2  2019    9.0  1936    8.6  1984    9.7  1969   10.6  1935    9.5  1989   11.9  2016   11.7  1901   12.4  1972    38.1  1993    32.4  2010    32.0  1989    36.9  1975   154.9  1982
   12.1  1966    9.0  2019   10.5  1900    8.1  1936    8.9  1915    8.5  1996    9.7  1962   10.6  1940    9.2  1911   11.6  1947   11.6  1973   12.3  2008    38.1  1896    32.4  1973    31.8  1994    36.8  2016   154.5  2021
   12.0  1898    9.0  1963   10.3  1931    7.9  1952    8.7  1961    8.5  1918    9.6  1994   10.5  1931    9.1  2009   11.5  1992   11.5  1961   12.3  1977    38.1  1989    32.2  1948    31.7  1986    36.6  1933   154.1  2007
   11.9  1991    8.7  1902   10.3  1969    7.7  1893    8.4  2020    8.4  1995    9.6  1971   10.5  1939    9.0  2007   11.1  1922   11.4  2016   12.3  1957    37.9  1944    32.2  2007    31.5  2018    36.4  1945   154.0  1913
   11.6  1911    8.4  1981   10.1  1962    7.4  2003    8.3  2017    8.3  1970    9.5  1935   10.4  1936    8.8  1906   10.9  1973   11.1  1925   12.2  1913    37.7  1907    32.0  1982    31.1  1982    36.4  1964   153.6  1953
   11.6  1940    8.4  1896    9.8  1945    7.3  1892    8.2  1956    8.3  1982    9.5  1986   10.2  1994    8.7  1931   10.8  1964   11.1  1896   12.2  2007    37.5  1968    32.0  1935    30.9  1925    36.3  1910   153.4  1987
   11.4  1963    8.2  2012    9.7  1996    7.2  1976    8.2  1911    8.1  1976    9.2  1892    9.5  1975    8.5  1916   10.8  2015   11.0  1964   12.1  2001    37.3  1963    31.5  1896    30.8  1899    36.1  1921   153.1  2013
   11.3  1933    8.2  1973    9.7  1975    7.1  2017    8.1  2016    8.0  2013    9.1  1964    9.3  1997    8.5  1914   10.8  1904   10.8  1976   11.9  1917    37.3  1929    31.1  1960    30.8  1975    35.9  1955   152.6  1921
   11.1  1959    8.1  1971    9.5  1910    7.1  1921    7.8  1978    7.7  1975    8.9  1972    9.2  1945    8.4  1921   10.7  1899   10.7  1922   11.8  2018    36.9  1982    30.8  1952    30.4  1981    35.7  1969   151.8  1981
   11.1  1935    8.1  1965    9.4  1938    7.1  1971    7.6  1895    7.7  1942    8.8  1949    9.1  1972    8.0  2015   10.5  1969   10.6  1957   11.7  1988    36.7  1909    30.7  1892    30.4  1919    35.7  2003   150.3  1968
   11.1  1905    7.8  1909    9.3  1956    6.8  1982    7.6  1939    7.7  1986    8.8  1898    9.0  1999    7.7  1895   10.2  1953   10.6  1988   11.5  1971    36.6  1953    30.7  1953    30.3  1949    35.5  1986   148.7  1997
   11.0  1896    7.8  1964    9.2  1894    6.7  1997    7.5  1919    7.3  1920    8.3  1990    8.9  1913    7.4  1933   10.0  2003   10.5  2013   11.5  1927    35.8  1971    30.6  1971    30.2  2003    35.2  1904   148.3  1984
   11.0  1989    7.8  1930    9.1  1918    6.7  1954    7.3  1975    7.1  2018    8.2  2005    8.7  1932    7.4  1929    9.9  1908   10.4  1955   11.5  1892    35.3  2006    30.4  1991    29.6  1947    35.1  1894   147.4  1976
   11.0  2017    7.7  1975    8.6  1948    6.5  2021    7.1  1959    7.0  1891    8.1  1917    8.2  1968    7.2  1971    9.6  1897   10.2  1918   11.0  1992    35.3  1985    29.9  1936    29.2  2013    35.0  1993   146.9  1972
   11.0  1973    7.0  1895    8.6  1961    6.4  1918    6.8  1960    6.9  1992    7.8  2006    7.1  1991    7.1  1941    9.2  1978   10.2  1993   11.0  2010    34.8  1959    29.4  1974    29.2  1977    34.7  1956   146.5  1996
   10.9  1987    6.1  1959    8.3  1944    6.1  1946    6.8  1989    6.7  1905    7.7  1976    6.7  1899    7.0  1910    9.0  1965   10.1  1934   10.6  1941    34.8  1997    29.3  1946    29.1  1996    34.6  1922   146.2  1933
   10.4  2001    6.1  2003    7.9  2003    5.9  2011    6.4  1984    6.7  2010    7.5  2000    6.6  1955    6.7  1912    8.8  1920    9.7  1915   10.5  1933    33.3  1976    29.2  2017    28.7  1959    34.0  1989   144.2  1991
    9.8  2006    6.0  1917    7.8  1893    5.6  1981    6.3  1991    6.6  1921    7.5  1977    6.1  1995    6.3  1986    8.7  1997    9.5  1909   10.4  1943    33.1  1940    29.0  1938    27.7  2006    33.8  1937   140.9  1959
    9.7  1907    5.9  1993    7.7  1943    5.5  1984    6.1  2001    6.5  1915    7.1  1984    5.9  1959    6.2  1907    8.6  1962    8.7  1937   10.4  1996    31.6  1973    28.6  1929    27.2  1913    33.8  1920   140.2  1964
    9.5  1929    5.7  1979    7.4  1892    4.9  1912    6.0  2018    5.2  1988    6.9  1982    5.8  2003    6.0  2014    8.4  1975    8.4  1945   10.1  1939    31.2  1934    27.6  1956    26.2  2021    33.2  1973   138.0  1955
    9.0  1953    5.3  1985    6.1  1973    4.8  2007    5.9  2008    5.0  1940    6.0  1989    5.7  1983    5.9  1894    7.5  1985    8.4  1956    9.5  1926    31.2  1932    27.5  1918    24.5  1995    32.5  1915   137.6  1989
    8.8  1964    5.0  1891    5.9  1924    3.7  1980    5.6  1980    5.0  1932    5.4  1919    5.7  1984    5.8  2002    6.7  1972    7.7  1989    9.0  1963    29.7  1992    26.4  1980    21.4  1984    32.0  1971   137.1  2003
    8.5  2019    4.4  1921    5.3  2012    3.6  1938    5.6  1935    4.9  1941    5.1  1983    5.5  1981    5.6  1996    6.7  1951    6.7  1983    8.6  1991    29.4  2019    26.3  1893    21.1  1983    31.4  2007   136.0  1975
    7.6  1992    3.9  1934    4.8  1953    3.6  2020    5.1  1896    4.8  1925    5.1  1913    4.0  1976    5.3  1959    6.6  2007    6.5  1958    8.6  1989    25.6  1964    25.2  1984    19.8  1976    31.1  1958   133.7  1973
    6.8  1997    3.3  1932    3.8  1929    3.5  1974    4.7  1994    4.6  2021    3.5  1955    1.5  1947    4.0  1972    5.4  1946    6.1  1942    7.2  1975     ---  1891    23.2  2020    18.9  1955    23.4  1972   132.1  1971