Areal values from HadUK-Grid 1km gridded climate data from land surface network
Source: Met Office National Climate Information Centre
Monthly, seasonal and annual total precipitation amount for Scotland
Areal series, starting in 1862
Last updated 01-Jan-2022 11:00
    jan  year    feb  year    mar  year    apr  year    may  year    jun  year    jul  year    aug  year    sep  year    oct  year    nov  year    dec  year     win  year     spr  year     sum  year     aut  year     ann  year
  303.0  1993  289.4  1990  248.4  1994  192.6  1947  188.8  2011  186.9  1872  191.2  1988  228.5  1985  269.3  1950  259.7  1903  260.9  2009  324.0  2015   739.3  2016   427.8  1986   478.8  1985   679.5  1981  1892.1  1990
  293.1  1928  277.0  2020  239.0  1990  168.4  1904  177.6  1986  155.8  1938  186.6  1940  223.4  1992  228.0  1981  255.5  1935  244.5  1938  295.1  2013   731.6  2014   413.8  1994   459.4  1877   630.1  1954  1862.8  2011
  275.0  2008  268.6  1997  227.1  1903  154.5  1867  160.4  1925  153.4  1877  170.2  1939  207.8  2019  201.3  1872  252.7  1954  240.3  2006  277.2  1986   675.4  1995   411.7  1967   439.6  2019   615.1  1938  1840.1  2015
  253.5  1975  255.2  1894  207.9  1967  150.1  1934  151.6  1906  153.1  2017  166.6  1985  203.5  1962  200.0  1982  247.3  1983  240.1  2015  270.9  1999   669.9  2000   408.6  1992   437.1  1948   610.6  1982  1833.4  1903
  253.0  1974  243.6  2002  207.8  1992  148.1  1910  151.1  2015  146.3  1907  164.9  2010  200.9  2009  195.6  1985  247.1  1938  239.8  1877  267.3  1929   669.2  2020   400.5  2015   427.6  1956   607.4  1984  1816.7  1872
  252.5  2016  237.7  1989  188.3  1979  141.8  1949  138.1  2003  143.0  1966  164.8  1956  200.1  1868  195.4  1869  246.6  2014  234.9  1981  262.1  2011   637.8  1894   391.9  1990   425.7  2009   592.2  1935  1809.5  2020
  250.4  2015  223.9  1868  186.6  1989  136.4  1925  129.7  2007  138.4  1980  158.1  1953  199.2  1903  194.0  1885  242.4  1967  230.8  1984  261.6  2006   632.9  2007   388.6  1947   422.5  1872   584.2  2006  1798.6  1877
  245.0  1990  221.9  1903  178.7  2019  135.7  1950  129.1  1920  137.6  1948  154.4  2009  190.6  1948  191.8  1995  240.2  2020  228.8  1917  259.8  1949   630.5  1990   388.1  1913   409.4  2017   581.7  1872  1748.1  1998
  241.2  1983  221.5  2014  178.2  1876  135.2  1994  125.1  1967  137.5  1931  154.1  1873  189.5  2004  191.3  1927  239.4  2001  227.9  1986  253.2  1900   610.4  1903   386.2  1925   407.8  1903   579.4  1917  1739.8  1999
  239.7  2007  204.4  1995  177.5  1921  134.9  1932  124.5  1924  137.4  2002  152.2  1957  188.6  1930  188.8  1935  237.0  2008  224.9  1982  252.7  1912   590.7  2015   375.4  1979   404.3  1879   569.4  2011  1739.7  2014
  239.4  2005  201.4  1998  173.0  1978  134.1  1977  124.4  1954  131.0  2004  151.7  1936  187.7  2014  187.7  1978  235.2  1998  223.7  1951  251.1  1974   583.8  1989   375.1  1903   396.8  1988   565.1  2000  1734.8  1938
  236.0  1890  200.1  2000  172.8  1913  132.5  1899  123.5  1916  129.7  1990  151.2  2015  186.5  1910  187.6  2011  234.9  2000  221.0  1991  247.9  1898   577.1  2008   369.9  2011   396.4  2004   554.2  2009  1731.6  1992
  234.0  1962  185.6  1920  171.2  2015  131.5  1927  123.5  1945  126.4  1912  151.2  1998  185.2  1989  187.2  1980  233.2  1917  218.1  1890  243.3  1994   573.4  1877   363.8  1963   394.5  1998   549.8  1980  1717.9  2008
  228.2  1932  175.9  1918  169.1  1988  127.2  1951  123.3  1892  126.3  2012  150.5  1946  183.4  1923  180.6  1863  228.3  1916  216.7  1947  241.2  1966   573.3  1920   362.4  2006   392.0  1938   545.1  1950  1713.4  1954
  227.6  1995  171.6  1869  168.8  1986  125.1  1972  122.6  1958  125.6  1927  150.1  1970  173.8  1988  180.0  1946  227.0  1862  214.6  1979  232.4  1993   571.9  2002   357.4  1920   389.1  1980   544.3  1977  1700.4  2000
  227.2  1863  170.5  1992  168.3  1882  124.8  1991  121.5  1963  125.1  1928  148.8  1871  173.5  1889  177.6  1918  225.5  1996  214.0  1977  227.3  1983   567.3  1868   351.0  1934   386.5  2012   542.1  1995  1694.9  1948
  226.2  1921  167.2  1945  167.5  1897  123.6  1863  121.2  2009  124.4  1890  146.0  1882  173.3  1956  177.4  1908  225.0  1995  212.0  1954  227.0  1914   555.5  1937   350.7  2005   383.7  1946   537.8  1970  1688.1  2004
  223.6  1868  166.8  1915  167.2  1908  123.5  2004  120.2  1922  123.4  2020  145.8  1881  172.3  1891  177.0  1899  223.5  1874  211.8  1940  224.8  1954   553.7  1984   349.6  2009   382.2  2007   527.1  2020  1685.9  1928
  222.9  1999  165.6  1939  165.6  2008  122.2  2005  119.5  1976  122.3  1882  145.5  1938  170.1  1877  176.4  1975  219.3  2021  210.2  1939  224.0  1955   552.7  1916   349.4  1993   382.2  1881   527.0  1874  1678.7  2009
  222.5  1872  165.0  1885  158.5  1905  120.6  1943  118.1  2006  122.2  1991  145.4  1924  168.0  1874  174.8  1948  216.6  1981  209.3  1992  221.6  1980   552.6  1974   347.8  1999   381.8  1907   525.7  1877  1646.9  1982
  220.2  1938  164.8  1914  158.2  1896  120.4  1992  118.1  2013  122.0  1862  144.8  1903  167.3  1895  174.7  2004  213.1  1943  209.2  1978  221.1  1921   552.2  1975   347.4  1882   380.3  1957   519.0  1927  1644.0  2006
  216.9  1903  164.8  2011  157.4  1983  119.3  1998  115.6  2005  119.4  1965  144.4  1959  164.9  1943  173.3  1992  212.7  1932  205.7  1872  217.0  2014   551.3  1998   345.9  1899   379.4  1895   515.4  1890  1637.5  1868
  216.7  1984  163.4  1925  156.2  1982  118.6  1915  115.3  1907  119.2  1972  143.0  1879  163.4  1892  171.9  1924  212.2  1984  205.5  1953  212.8  1951   549.5  2012   345.7  1868   377.5  1890   514.7  1991  1636.7  1986
  215.4  1994  163.3  1866  155.0  1987  118.1  1898  114.0  1966  118.1  1999  141.9  1918  162.7  2011  171.0  2018  208.8  1990  201.0  1888  212.2  2012   546.2  1999   342.7  1904   373.0  1950   513.1  1923  1621.3  1994
  215.0  2014  162.8  1877  153.8  1868  117.7  1919  112.7  1931  116.2  1944  139.9  1950  162.3  1941  170.8  1999  208.4  1909  198.9  1974  212.2  1924   544.0  1869   341.5  1977   371.0  1873   513.0  1978  1620.7  2002
  214.5  1884  162.7  2016  153.7  1963  116.5  1965  112.3  1862  115.6  1897  137.6  2016  162.1  1961  169.6  1891  207.0  1934  194.4  1999  209.3  1911   542.5  1994   339.5  1906   370.3  1924   511.2  1967  1615.8  1923
  211.9  2002  162.4  1911  152.5  1968  115.7  1993  112.0  1993  115.0  1896  135.9  1877  160.6  1982  169.0  1892  204.1  2004  193.2  1996  207.4  1956   541.5  2005   336.0  2019   370.3  2008   510.6  1930  1596.3  2012
  206.8  2004  161.8  1916  148.0  1981  115.7  2013  111.8  1972  113.3  1998  135.5  1862  159.4  1929  167.0  1983  204.1  2011  193.1  1914  206.9  1936   536.7  1915   328.5  1968   370.1  2020   507.8  1903  1594.0  1967
  206.6  1916  160.7  1880  147.9  2009  114.4  1959  111.2  1999  113.3  1935  134.9  1895  158.1  1907  166.2  1864  204.0  1877  192.7  1911  206.5  1876   534.0  1863   326.7  1997   368.6  1923   506.5  1998  1593.5  1988
  205.9  1937  159.7  1935  144.7  1995  114.2  2012  110.7  2002  113.3  1994  134.8  1884  156.3  1917  165.4  1954  203.8  1930  191.1  1928  206.5  1982   531.5  1950   326.6  2002   368.4  1962   503.5  1992  1587.5  1900
  204.0  1877  159.4  2008  144.5  1920  113.0  1985  110.2  1943  113.2  1919  134.3  2020  155.3  2008  164.4  1984  201.1  1970  190.7  1959  205.0  1891   527.1  1993   325.0  1966   367.4  1927   502.6  1932  1578.7  2005
  202.5  2020  153.6  1910  143.1  1966  111.6  1880  109.5  1997  113.2  1879  134.3  2007  153.4  1863  164.4  1942  200.9  1968  190.6  1881  205.0  2020   523.7  1925   322.7  1983   365.6  1882   500.1  2004  1575.8  2007
  202.3  1976  152.1  1898  140.4  2021  111.2  1999  109.5  2021  113.1  1945  133.3  1931  152.7  1957  164.3  1923  200.2  1929  190.0  1944  202.2  1868   522.7  1922   322.1  1907   364.7  1930   499.1  2001  1575.3  1950
  200.6  1927  151.1  1883  138.9  2007  109.3  1996  109.1  1872  112.3  1881  129.2  2019  151.1  1949  163.0  1878  199.9  1961  189.1  1882  200.9  1893   520.9  1957   322.0  1897   364.4  1862   498.6  2018  1569.4  1916
  199.9  1957  150.5  1871  138.8  1997  109.2  1909  108.9  1886  110.7  1946  128.7  1888  150.6  1883  162.5  1965  197.6  1923  188.0  1970  199.2  1959   514.8  1884   322.0  2007   361.7  1961   496.6  1928  1566.3  1882
  199.9  1930  149.4  1923  138.0  1914  108.9  1871  108.3  1884  110.4  1947  126.9  2002  150.0  1894  162.4  1874  194.6  2006  185.7  1883  198.6  1862   511.9  1872   321.6  2014   360.9  2011   495.9  1918  1559.0  2019
  198.8  1989  148.9  1922  137.1  1912  108.3  1935  108.1  1964  109.6  2007  126.3  1915  149.0  1951  161.5  1896  191.6  1928  185.6  1963  195.7  1942   511.8  1949   321.3  1921   360.2  1910   494.2  2005  1555.3  1949
  198.8  2000  148.7  1943  136.5  2006  107.8  2006  107.7  1913  107.7  2008  126.2  1890  148.6  1964  156.2  1947  190.9  1942  185.4  1931  195.6  1897   508.2  1983   319.2  1910   359.8  2015   489.2  1926  1532.2  1979
  195.8  1988  148.3  1928  133.9  1890  107.6  1913  106.1  1894  106.4  1954  125.7  1932  148.4  1904  154.0  1977  190.1  2013  183.6  1913  194.7  1919   506.5  1967   319.0  1976   358.2  1928   489.0  1979  1528.7  1981
  193.7  1873  147.5  1950  133.9  1977  107.1  1964  104.5  1968  104.5  1864  125.3  2012  148.2  1879  153.2  2000  187.4  1873  181.5  1930  194.1  1866   493.2  1930   317.5  1932   357.9  1929   488.6  2008  1524.3  1927
  193.0  1920  147.2  1893  133.8  1957  106.6  1911  104.5  2019  104.0  2005  124.1  1867  146.3  2017  153.0  1961  185.8  1982  181.0  1929  193.2  1979   492.9  1899   315.7  1943   356.0  1992   488.0  1869  1522.9  2017
  191.8  1986  145.5  1949  133.5  1976  106.5  2000  104.1  1938  103.6  1876  121.8  1937  143.7  1873  152.7  1962  185.0  1906  179.2  1998  192.5  2004   489.4  1981   315.5  1927   355.8  1892   485.6  1944  1519.3  1980
  189.7  1866  145.5  1970  132.0  1874  106.3  1975  103.9  1944  102.6  2019  121.7  1909  142.7  1950  152.5  2010  184.5  2002  178.8  1906  192.1  1985   489.3  1943   315.1  1905   355.6  1943   484.9  1999  1517.0  1906
  189.0  1948  145.4  1872  131.8  1864  105.8  1868  103.7  1878  101.7  1901  121.6  1958  142.3  1897  152.4  1866  184.1  1980  178.5  1980  191.9  1957   487.6  1866   314.2  1862   353.8  2002   483.9  1996  1514.2  1898
  188.9  1906  144.2  1876  131.5  1938  105.7  1960  103.1  1923  101.0  1863  120.7  1923  142.2  1912  149.3  2006  183.9  1989  178.3  1946  190.9  2000   486.0  1928   314.0  1908   352.7  1965   482.3  2017  1512.3  1974
  186.4  1875  143.1  1967  129.5  2014  105.3  1862  102.6  1888  100.8  1913  120.3  1961  140.7  1906  149.1  1879  182.9  2005  177.7  2011  189.7  2019   485.8  1962   309.4  1914   349.3  1912   478.3  1940  1512.0  1912
  184.0  2018  142.8  1937  127.3  2017  104.5  1916  102.2  1969  100.8  1943  119.0  1980  140.0  1963  149.1  1987  182.3  1976  177.0  2000  188.1  1990   483.3  2004   307.9  1972   348.4  1900   475.0  1899  1506.3  1862
  183.8  1926  142.5  1999  127.3  1926  103.6  1970  101.1  1885  100.5  1892  118.7  1896  139.9  1952  148.7  1970  181.6  1893  176.7  1899  186.3  1948   478.5  1923   307.2  1949   347.2  1894   472.0  1961  1503.5  1970
  183.1  1900  142.2  2017  127.2  1928  103.5  1882   99.3  2014   99.8  1997  117.8  1910  139.5  1924  147.5  1873  181.0  1926  174.8  1926  185.4  1932   473.9  2021   306.3  1989   345.1  2016   468.7  1983  1503.5  1985
  182.8  1923  140.5  1961  126.5  2002  103.1  1953   99.0  1934   99.5  2011  117.8  1894  138.4  1942  146.7  1934  179.5  1927  174.7  1973  184.3  1915   473.1  1988   305.4  1876   342.5  1897   466.5  1893  1499.6  1883
  182.2  1862  139.7  1996  126.3  1991  102.6  1900   98.0  1973   99.4  1981  117.1  1900  138.3  2007  146.7  1964  178.1  2017  174.5  2002  183.2  1877   471.5  1913   304.0  1988   341.2  2014   465.4  2010  1499.4  1943
  181.7  1894  139.1  1884  126.1  2000  101.2  1948   98.0  1904   98.8  1987  116.6  1880  138.2  1960  146.4  1988  176.3  1977  173.4  1880  183.1  1997   470.3  1898   302.1  1916   340.0  1970   465.2  1929  1495.3  1983
  181.7  2012  137.6  1962  126.0  1895  100.9  1901   97.9  1947   95.8  1952  116.1  1951  136.9  1928  145.9  2012  176.3  1890  172.4  2005  180.9  1998   469.5  1883   299.5  1922   338.9  1931   464.7  1948  1494.5  1926
  180.1  1949  137.2  1931  125.4  1999   99.3  1923   97.7  1955   95.1  1900  115.5  1916  136.7  1934  145.4  1945  174.7  1872  168.4  1972  179.8  1934   468.6  1945   298.9  1909   337.4  1883   461.8  2021  1492.9  1995
  176.3  1934  136.1  1988  123.2  1894   99.1  2016   96.6  1983   95.0  1973  114.8  1993  136.4  1927  145.3  1893  174.1  1900  168.2  1916  177.6  1863   462.3  1958   298.3  1987   337.2  1953   459.7  1892  1489.3  1989
  174.5  1944  134.7  1948  122.7  1998   99.0  1922   95.2  1900   94.6  1963  114.2  1922  136.3  1901  144.5  1990  173.2  1948  168.0  1869  174.5  1973   458.9  1933   298.0  1998   335.5  1896   458.4  1873  1488.6  2016
  170.2  1869  134.3  1882  122.0  1907   98.9  1990   94.6  1902   92.7  1959  113.6  1934  136.2  1900  144.1  1953  171.2  1959  167.4  1969  173.5  1884   456.6  1960   297.8  2000   334.8  1964   458.4  1891  1488.4  1884
  169.7  1981  133.3  2021  121.6  1993   97.6  2008   93.9  1982   92.2  2015  112.8  1883  135.0  1921  143.7  1932  170.2  1878  166.6  1905  171.8  1896   451.8  1910   297.6  1926   332.8  1874   458.1  1963  1487.9  1932
  169.1  2003  132.8  1864  120.5  2020   96.2  1961   93.4  1979   90.4  1950  112.1  1933  134.9  2012  142.2  2016  169.2  1949  165.5  2010  171.6  1902   448.6  1926   297.5  1982   332.8  1958   457.2  1883  1485.9  1966
  166.8  1998  131.6  2007  120.1  1899   93.6  1979   93.4  1899   89.8  1916  112.1  1920  134.7  2005  141.4  1974  168.6  2018  163.3  2017  171.5  1869   446.8  1992   295.9  1995   332.6  1954   456.2  1878  1484.4  1993
  166.6  1874  129.2  1907  119.9  1940   93.4  1874   93.3  1929   89.5  1956  111.8  1942  134.0  1866  140.8  2017  168.6  1988  161.9  1919  170.3  1964   444.4  1939   294.0  1898   330.3  1918   455.6  2012  1479.2  1934
  164.9  2009  129.2  1960  119.8  1881   92.9  1889   92.8  1921   89.4  2016  111.6  1965  133.5  1898  138.8  2005  168.3  1918  161.6  2020  170.1  1901   443.9  1885   292.3  1991   329.1  1951   455.1  1916  1476.9  1890
  163.9  1931  127.9  1905  119.5  1902   92.8  2014   92.4  1953   89.2  1929  110.1  1987  132.7  1958  138.2  1967  166.3  2009  161.0  1912  167.8  2003   443.7  1867   292.0  1888   327.5  1987   454.1  1990  1473.3  1863
  161.8  1965  126.6  1926  116.1  1939   92.8  1933   91.7  1962   88.7  1917  110.0  2017  132.4  1905  136.9  1886  163.8  1991  160.2  1898  166.8  1872   443.5  1931   291.3  1867   324.9  1891   452.1  1900  1472.5  1962
  160.2  1951  126.4  1889  114.2  1879   89.4  2002   90.2  1877   87.7  2001  109.5  1893  131.6  1980  136.4  1944  163.4  1971  160.2  2003  165.6  1940   443.2  1935   291.0  1950   323.5  1990   450.3  1986  1468.8  1935
  159.9  1899  125.6  1941  114.2  1906   89.1  1905   89.3  1873   87.7  1926  109.3  1929  131.5  1865  136.1  1898  161.4  1987  159.1  1884  164.7  1962   443.0  1912   289.2  2008   319.1  1952   448.9  1947  1467.5  1957
  159.4  1942  125.4  1906  113.7  1919   88.7  1914   88.8  1909   86.3  1875  108.9  1948  130.0  1998  135.2  1956  160.8  1986  159.0  2018  164.5  1984   441.4  1892   287.3  1874   318.9  1888   448.8  1943  1467.2  1961
  158.6  1958  125.1  1908  113.0  1891   88.6  1963   88.3  1865   85.9  1962  107.9  1872  129.0  1878  133.4  1926  160.2  1892  158.8  2012  163.2  1944   441.1  2013   286.8  1965   316.6  1963   447.9  1953  1466.9  1920
  158.5  1946  125.1  1974  112.9  2005   88.1  1876   87.7  1870   85.8  1964  107.3  2008  128.7  1979  131.7  2019  159.2  1944  157.8  2007  161.3  1883   440.0  1914   286.2  1902   316.3  1966   447.2  1974  1461.2  1918
  157.2  1883  123.8  1966  112.0  1884   87.3  1940   87.3  1965   85.4  1930  107.2  1886  127.7  1872  131.5  1919  157.9  1940  154.9  1994  161.2  1882   439.1  1901   286.0  1912   312.9  1934   441.2  1976  1461.2  1991
  154.9  1978  123.3  2015  111.1  1948   86.8  1896   86.9  1942   85.3  1924  107.2  1975  126.8  1890  130.8  1900  157.3  1883  154.2  1949  156.5  1945   437.4  1987   285.8  1886   312.4  1960   440.3  1864  1461.1  1874
  152.6  1922  122.8  1933  108.0  1888   86.3  1895   86.8  1932   84.4  1878  106.8  1954  126.7  1918  130.5  1955  156.0  1891  153.9  1966  156.2  1965   430.9  1956   285.7  1970   311.7  1989   435.1  1863  1460.0  1951
  152.6  1910  122.0  1904  105.2  1970   85.5  2018   86.3  1926   83.7  1985  106.4  1974  125.7  1893  130.2  1979  155.6  1884  151.2  1923  156.0  1992   430.0  1946   285.3  2013   311.0  1979   432.8  1906  1459.4  1930
  152.5  1909  121.7  1870  105.0  1952   85.4  2010   86.1  1868   83.0  1969  105.5  1968  124.0  1881  130.0  1897  155.4  1896  150.8  1971  154.9  1886   429.2  1908   285.2  2021   310.8  1937   431.8  1969  1459.1  1894
  151.4  1886  118.4  1977  103.9  2011   85.0  1973   85.7  1898   82.7  1911  105.4  1927  122.5  1946  129.9  1991  155.2  1868  150.8  2001  154.8  1958   427.9  1906   283.5  2004   310.0  1871   429.6  1885  1458.0  2013
  150.7  1933  115.4  1982  103.8  1980   84.8  1907   84.5  1910   82.6  1888  105.2  1947  121.8  1965  129.8  1969  154.2  1867  150.0  1866  154.7  1895   427.7  1900   283.1  1948   308.3  1942   427.4  1898  1456.4  1984
  150.3  1892  115.1  1973  103.1  1950   84.6  1870   84.3  1956   80.4  1937  105.2  1906  119.7  1986  128.1  1875  151.7  1936  150.0  1918  154.5  1907   426.2  2018   282.2  1985   306.6  2010   423.5  1987  1443.4  1866
  149.6  1908  114.9  1946  102.8  1927   84.5  1944   84.3  1875   79.8  1908  104.5  1921  119.6  1990  127.1  1976  151.5  1870  149.2  1920  154.2  1918   424.5  1952   280.5  2003   306.6  1901   423.4  2014  1441.0  1977
  149.0  1991  114.6  1881  102.0  1984   84.0  1926   82.9  2012   79.4  1894  104.3  1979  119.4  1954  127.0  2009  151.2  1941  148.2  1927  153.5  1952   422.3  1997   280.4  1945   306.3  1940   422.8  1882  1434.4  1944
  148.4  1982  114.3  1887  102.0  1934   83.8  1920   82.9  1995   79.4  1983  104.1  1891  119.4  1875  125.9  1963  150.9  2012  147.8  1935  153.4  1960   422.2  1955   280.1  1896   303.0  2001   420.8  1884  1432.8  1956
  148.1  1925  113.6  1957  101.0  2010   83.5  1931   82.8  1881   79.3  1961  104.0  1967  119.0  1970  125.4  2020  150.3  1895  147.7  1886  151.2  1894   420.4  1991   279.9  1954   302.6  1875   419.2  1875  1423.4  1997
  147.1  2013  113.4  1867  100.9  1909   83.0  1877   82.7  1914   78.5  1958  103.9  1865  118.6  1987  125.3  1930  150.2  1933  147.2  1900  149.1  1910   418.9  1961   278.9  1964   301.6  1916   419.2  2013  1419.8  1910
  144.9  1943  112.1  1951  100.8  1954   82.3  1912   81.2  1927   78.1  1979  103.7  1941  118.1  2016  123.5  1938  150.0  1876  146.8  1910  148.5  1923   417.7  1882   277.8  1872   301.5  1939   418.8  1985  1418.5  1914
  144.5  1904  111.9  1958   99.9  1866   81.4  1888   80.6  1883   77.7  1898  103.5  1887  116.4  2015  122.6  1882  149.9  1864  146.2  1932  148.4  1881   417.2  1890   273.0  1894   300.6  1959   416.6  1934  1415.1  1876
  144.0  1952  111.3  1954   99.8  1886   81.4  1986   80.5  1992   77.1  1895  102.6  1874  116.2  2000  122.4  1925  148.9  1912  146.0  1941  147.8  1931   416.5  1938   270.9  1885   300.1  1917   415.4  1886  1413.0  1907
  142.9  1915  109.7  1984   99.2  1951   80.4  2009   79.3  1981   77.0  1989  100.3  1964  115.9  1920  121.0  1890  148.7  1901  145.3  1895  147.7  1953   413.5  1948   268.7  1951   296.7  1941   413.5  1988  1412.2  1899
  141.8  1878  109.5  2005   99.1  2018   80.3  1924   79.1  1897   76.5  2000   99.9  2001  115.6  1953  119.6  1887  148.4  2019  145.0  2008  147.6  1904   412.0  1864   267.1  1884   295.0  1867   411.9  1942  1406.1  1873
  141.4  1939  108.7  2004   98.3  2004   79.7  1887   78.4  1974   76.2  2003   99.7  1960  115.4  2001  117.3  1917  148.4  1952  144.8  1960  147.4  1988   409.4  1887   264.6  1938   293.5  1893   410.4  2002  1406.0  1965
  141.2  1972  108.2  1863   98.2  1878   78.8  1917   78.3  1917   75.3  1957   99.4  1899  112.4  2020  117.2  1936  148.0  1957  143.9  1875  146.7  1906   408.7  1976   263.7  1919   292.1  1868   410.0  1959  1406.0  1924
  140.9  1968  107.8  1912   98.1  1947   78.7  1967   78.2  1996   75.1  1880   98.7  2011  112.3  1926  117.0  1966  147.5  1955  142.3  1950  146.3  1922   408.1  1918   263.4  1877   292.0  1876   408.1  1905  1402.7  1978
  140.1  1887  105.7  2012   98.0  1961   78.5  1997   78.1  1949   75.1  2006   96.9  1875  110.0  1973  116.9  1968  147.5  2010  141.3  1985  145.8  1928   407.0  1921   261.3  2016   291.3  1922   405.5  1965  1398.3  1891
  138.2  1945  105.6  1938   97.5  1871   78.3  2015   77.5  1971   74.5  1960   96.2  1928  108.8  1908  116.4  1943  147.1  1875  141.1  1874  145.5  1909   406.4  1911   261.2  1890   291.1  1935   402.7  1968  1395.4  2018
  138.2  1918  104.6  1900   97.5  1971   77.8  1869   77.3  1908   74.5  1922   96.1  1914  108.6  1937  114.5  1904  146.5  1963  139.6  1893  145.5  2016   404.6  1986   260.7  1981   291.0  1945   401.9  1866  1392.6  1921
  137.1  1992  104.3  2019   96.6  1862   77.3  1988   77.1  2020   74.3  1976   94.6  1945  108.6  1935  114.2  1883  145.8  1907  139.5  1975  145.4  2017   404.0  1873   260.4  1973   290.8  1904   401.3  1949  1378.3  1931
  137.0  1936  102.7  2001   95.8  1985   77.2  2011   77.0  1918   74.2  1993   93.2  1902  108.6  1914  114.1  1997  145.8  1865  137.7  2014  144.9  1864   401.9  1980   260.2  1958   290.5  1973   399.2  1966  1378.1  1893
  136.2  1867  101.7  1955   95.8  1932   77.1  1886   76.9  1970   74.1  1967   93.0  1866  107.8  1919  113.9  1928  144.4  1945  137.7  1894  144.1  1871   400.1  1878   259.2  1940   289.9  1926   396.3  1975  1374.5  1942
  135.6  2011  100.2  1865   94.7  1885   76.4  1969   76.8  1891   74.0  1883   92.6  1991  107.6  1888  113.0  1870  144.1  1979  137.6  1997  143.6  1889   396.8  1876   258.8  1878   289.1  1936   392.6  1881  1374.4  1929
  135.5  2021   99.8  1976   94.1  1872   75.9  1962   76.2  1911   73.9  1867   91.9  1892  107.1  1876  112.5  1903  139.8  1958  137.3  2021  143.4  1880   393.7  1954   256.1  1978   287.3  2005   390.2  1912  1368.4  1908
  135.1  1969   98.2  1981   93.1  1889   75.5  2001   76.0  1879   73.2  1873   91.8  1992  106.9  1862  112.2  1958  137.8  1965  137.1  1964  143.1  1908   392.5  1905   255.6  1911   285.9  1944   388.3  1888  1365.4  1896
  135.1  1882   98.0  1971   93.1  1945   75.4  1897   75.6  1882   71.5  1904   90.7  1911  105.6  1933  109.0  1905  136.2  1921  135.6  1903  142.7  2007   390.8  1870   254.6  2012   285.9  1866   388.3  1924  1359.8  1904
  134.7  1954   96.8  2018   92.7  1901   75.0  1885   74.8  1987   71.2  1971   90.7  1930  103.6  2018  108.9  2001  134.6  1969  132.8  1891  142.4  1930   389.8  1907   254.5  1864   284.4  1933   388.2  1909  1357.0  1869
  134.2  1865   95.8  1897   91.5  1915   74.6  1872   74.3  1867   70.9  1970   90.0  1926  103.1  1871  108.6  1940  134.4  1888  131.8  1976  142.2  1916   387.5  2017   254.2  1889   283.6  1906   385.9  1862  1356.8  1946
  133.3  1914   95.7  1980   90.3  1877   74.1  1903   74.0  1903   70.4  2009   89.9  1943  103.0  1994  106.9  1880  134.4  1871  130.7  1967  141.9  1913   387.2  1932   253.6  1961   283.3  1994   385.6  1896  1356.6  1892
  132.8  1947   95.2  1978   90.2  1898   73.8  1906   73.5  1977   70.0  1968   88.8  1981  102.6  1922  106.6  2008  133.8  1885  130.5  1892  141.7  1875   385.1  1927   253.5  1957   282.6  1991   385.2  1964  1355.6  1911
  130.3  1956   94.7  1994   89.6  2016   72.0  1902   73.4  1985   69.9  1955   88.4  1995  102.2  2010  106.5  1867  133.4  1950  128.4  2013  141.3  1987   384.4  2001   253.3  1923   277.9  1920   382.7  2019  1355.3  1917
  128.4  1971   94.6  1913   89.4  1925   71.5  1968   73.3  1941   69.4  1974   88.1  1997  101.8  1966  106.4  1994  132.5  1905  127.6  1908  140.0  1899   383.4  2009   252.7  1863   276.3  1908   382.1  2015  1351.4  1945
  128.3  1960   92.4  1972   87.4  1930   71.0  1958   72.6  2016   69.2  2018   87.6  1908  101.8  1896  106.1  1884  131.6  1956  125.3  1995  139.7  1873   379.3  1865   247.9  1879   276.2  1974   381.1  1936  1350.9  1987
  125.9  1912   87.1  1987   87.3  1883   71.0  1939   70.9  1948   68.5  1977   87.1  1986  101.2  1977  105.1  2021  131.1  1898  125.2  1863  139.2  1991   375.1  1965   247.7  1881   273.5  1909   378.1  1939  1349.6  1897
  125.6  1902   86.4  1953   87.2  1949   70.6  1955   70.8  1952   67.2  2014   87.1  1999  100.4  1974  103.5  1952  130.9  1886  124.2  1864  138.2  1925   374.8  1871   247.7  1944   273.4  1884   377.5  1919  1347.2  1953
  125.0  1961   86.1  1892   86.6  1910   69.5  1908   68.2  1889   66.8  1984   86.7  1969   98.4  1971  102.6  1876  129.4  1863  123.5  1873  137.3  1938   370.3  1904   246.7  1996   272.5  1863   377.4  1946  1343.7  1905
  124.6  1924   85.4  2006   84.9  1943   68.7  1983   67.5  1905   66.6  1933   86.3  1905   97.3  1882  102.6  1957  128.4  1966  123.0  1878  137.2  1946   368.8  1909   246.5  1915   272.4  1889   377.3  1951  1341.3  2021
  124.2  1913   85.1  1899   84.9  1917   68.5  1987   66.5  1912   66.5  1975   86.2  2014   97.2  1978  102.4  1973  124.7  1869  121.4  2004  136.8  2021   367.9  1874   246.1  1900   272.3  1967   372.5  1971  1334.4  1925
  124.1  1950   83.8  1936   83.0  2003   68.2  1995   65.2  2000   66.0  1996   85.4  1978   97.0  1867  101.2  1937  124.3  1925  120.3  1887  136.3  1972   366.8  1951   246.0  1901   272.0  1921   371.6  1911  1331.9  1909
  122.6  1898   83.3  1991   82.9  1965   67.9  1966   65.2  1930   65.3  1869   85.4  1973   96.8  1884  100.8  1902  121.3  1899  119.4  1901  136.0  1978   364.3  1970   245.3  1924   270.8  1999   370.8  1994  1330.6  1940
  122.2  1967   83.2  1896   81.5  1959   67.6  1956   65.1  1863   64.8  1978   84.5  1897   96.6  2006  100.7  2013  120.9  1992  119.3  1943  135.5  2008   364.3  1972   244.6  1895   270.1  1898   370.7  1956  1324.8  1958
  121.8  1919   83.1  2009   80.3  1922   67.5  1952   64.7  1890   64.5  1923   83.3  1952   96.3  1916  100.4  2007  119.7  1999  119.1  1961  134.6  1865   362.3  2011   243.9  1928   269.0  1986   369.2  1895  1324.1  1976
  118.1  1979   81.8  2013   79.2  1935   67.5  1883   64.7  1937   64.0  1951   82.1  1971   95.1  1944   96.7  1920  119.6  1924  118.2  1907  133.5  1967   360.3  1966   243.7  2017   268.5  1982   368.6  1913  1319.4  1881
  117.0  1905   81.5  2010   77.4  1973   67.2  1941   62.8  1893   63.9  1903   81.9  1963   94.2  1967   94.5  1868  119.5  1889  116.8  1948  133.4  1885   357.9  1889   243.4  1959   264.9  1993   362.8  1880  1318.2  1886
  116.6  1888   79.9  1901   77.3  2001   66.8  1928   61.9  1874   63.9  1939   81.6  2013   93.8  1909   94.1  1989  117.6  1881  114.5  1865  131.3  2018   357.7  1973   243.3  1952   262.5  1865   361.6  1901  1315.8  1864
  114.0  1907   78.6  1969   76.8  1946   65.9  1976   61.6  2004   63.6  1953   81.2  1876   93.8  1902   94.1  1951  117.1  1931  113.6  2016  130.7  1971   354.1  1886   242.1  1917   262.1  1905   360.3  1908  1315.4  1947
  113.4  1891   77.4  1944   76.3  1904   64.9  1989   60.6  1957   62.6  1934   80.7  1912   91.4  1887   93.5  1901  116.1  1978  113.0  1987  129.5  1920   353.5  1942   240.8  1953   261.8  1911   358.9  1952  1315.4  1959
  112.9  1977   77.1  1927   76.0  1865   64.6  1942   59.4  1961   62.6  1902   80.7  2003   90.7  1938   92.2  1998  114.9  1993  112.2  1936  123.8  1887   352.0  1880   240.5  1871   261.4  1949   357.6  2007  1310.0  1875
  112.9  1980   76.8  1879   75.5  1880   64.5  1864   58.3  1864   62.5  1868   79.3  2018   89.9  1915   90.4  1871  113.8  1902  110.0  1897  119.9  1867   348.6  1941   238.0  1880   260.4  1878   356.1  1876  1308.1  2001
  112.6  1889   76.7  1942   74.1  1916   63.9  1945   57.6  1988   62.2  1874   79.0  1996   89.6  2002   88.0  1915  111.1  1882  109.0  1871  119.0  1888   348.2  1902   236.2  2010   259.1  1919   355.7  1973  1305.5  1885
  111.1  1959   76.6  1956   73.2  1936   63.2  1930   57.5  1933   62.2  1986   79.0  1962   88.6  1925   86.4  1960  110.0  1960  107.8  1909  117.4  1941   347.5  1968   235.6  1931   258.6  1972   355.4  1870  1302.5  1973
  110.9  1876   75.1  1878   72.8  1911   62.9  2017   56.0  1998   61.7  1918   77.4  1907   88.4  1911   85.3  2003  109.5  1994  107.0  1952  116.6  1870   347.0  1896   235.4  1883   257.1  1915   355.0  1941  1301.4  1939
  109.1  1896   73.3  1909   72.6  1873   62.6  1890   54.8  1989   59.9  2013   77.1  1925   88.1  2013   84.4  1881  106.9  1974  105.9  1915  116.4  2001   342.3  2019   232.5  2018   257.0  1969   354.9  1931  1298.7  1913
  107.9  2006   73.1  1968   71.2  1933   62.0  1984   54.0  1990   58.9  1866   75.8  2004   87.4  1969   84.3  1911  104.9  1913  105.2  1965  114.3  1961   342.2  1982   232.0  1891   254.9  1975   350.1  1868  1296.6  1922
  107.8  1871   69.3  1886   71.1  1941   61.8  1866   53.7  1960   58.7  1899   74.6  1944   85.4  1936   84.1  1929  101.4  1964  104.8  1904  113.5  1905   341.7  1978   231.3  1971   254.8  1997   347.6  1955  1295.4  1888
  106.7  2019   68.1  1993   71.0  1942   61.2  1946   53.5  2017   58.6  1885   74.5  1864   83.3  1945   83.5  1921   99.5  1866  104.2  1922  113.2  1969   338.4  1924   231.0  1962   252.2  2018   341.1  1960  1293.6  1964
  106.3  1973   67.7  1952   71.0  1972   61.0  1929   52.4  1901   58.3  1870   74.3  1990   83.1  1885   81.9  1877   99.4  2007  103.9  1956  107.4  1926   337.8  1944   227.8  2020   252.2  1914   338.8  1989  1290.9  1878
  106.0  1901   65.3  1924   69.1  1937   59.4  2003   52.2  1950   58.3  1893   73.9  1870   83.0  2021   80.4  1912   98.4  1953  103.4  1876  106.6  1975   331.1  1875   224.9  1939   251.7  1971   336.9  1962  1286.7  1871
  105.6  1970   64.7  1891   68.4  1956   59.1  1957   52.0  1940   58.1  1871   71.5  1966   81.2  1975   80.1  1913   98.1  1937  102.6  2019  103.8  1903   330.6  1893   223.6  1935   249.6  1902   335.1  1897  1286.6  1952
  105.4  1885   63.7  1940   66.7  1974   57.7  1879   51.1  1936   58.0  1942   71.0  1904   81.2  1972   78.1  1922   96.5  1894  101.8  1885  101.3  2009   329.6  1977   222.5  1955   247.6  2000   333.8  1871  1277.0  1960
  104.4  1917   63.2  2003   66.6  1958   56.9  1878   50.9  1880   57.9  1909   70.7  2006   81.0  1940   77.9  1949   95.1  1897  100.8  1990   99.6  1879   327.1  1953   222.5  1942   247.5  1978   332.5  1997  1275.4  1895
  103.6  1935   61.6  1874   64.0  1863   56.3  1971   50.0  1928   56.1  1982   70.3  1889   79.7  1932   76.7  1914   94.9  1939  100.4  1868   98.6  1935   326.3  1897   221.6  1933   243.9  1968   331.7  1914  1272.7  1963
  101.6  1864   60.9  1862   63.8  1887   54.6  1954   49.9  2010   55.9  1910   69.2  1935   78.9  1886   74.3  1993   94.6  1911   98.5  1988   98.6  1878   319.4  1936   220.3  1956   243.0  1932   330.3  1887  1272.1  1968
   99.8  2017   60.7  1888   63.7  1964   54.4  1875   47.9  2018   55.3  1886   68.6  1901   75.9  1993   73.7  1895   93.0  1904   97.9  1902   98.2  1976   317.3  1919   218.1  1969   242.3  2006   328.3  1957  1270.7  1975
   97.6  1870   60.5  1983   63.5  1962   54.2  1937   47.4  1959   52.1  1936   67.1  1994   69.9  1996   73.1  1939   92.2  2015   96.8  1924   97.6  2005   317.2  1959   217.6  1892   242.2  1981   324.4  2003  1270.4  1936
   96.4  1893   59.0  1875   62.5  1867   53.4  2007   46.9  1946   49.9  1920   66.4  1949   68.5  1968   72.7  1889   90.6  1910   96.7  1962   96.1  1996   315.3  1971   215.8  1930   241.6  1864   323.5  1920  1270.3  1915
   95.7  1955   52.5  1902   62.3  1875   52.8  2019   46.8  1866   48.6  1891   66.4  2021   68.1  1931   72.0  1909   90.4  1887   93.2  1862   96.1  1989   306.8  2003   212.7  1960   241.4  1886   321.4  2016  1270.2  1996
   94.9  1911   51.4  1921   62.0  1975   51.0  1921   45.5  1887   47.5  1914   66.3  1976   67.8  1991   69.0  1906   87.4  1962   93.1  1889   94.5  1950   304.3  1947   211.8  1975   232.5  1887   318.1  1945  1270.2  1901
   92.4  2010   51.3  1959   61.9  1893   49.6  1892   43.8  1869   43.9  1949   62.6  1977   67.4  1939   65.7  1862   84.1  1919   90.8  1870   94.0  1917   301.0  1888   211.6  1941   232.2  1977   312.7  1865  1261.5  1867
   91.6  1880   50.7  1964   59.2  1996   48.9  1893   43.4  1975   43.3  1905   61.2  1869   66.9  1997   65.2  1996   82.6  1880   84.9  1968   91.7  1977   299.6  1979   208.5  1866   229.6  2013   312.5  1902  1258.1  1919
   91.6  1895   49.0  1929   59.2  1944   48.2  1936   43.3  2001   42.7  1995   59.6  1885   65.7  1999   61.6  1986   81.9  1985   82.6  1879   90.8  1937   296.7  1969   206.8  1870   227.3  1880   312.2  1904  1244.2  2010
   90.8  2001   47.7  1975   57.6  1869   47.5  1982   42.3  1951   41.8  1884   58.8  1898   63.5  1959   58.6  1916   80.8  1997   80.9  1921   89.9  1947   296.1  1985   202.9  1865   221.0  1947   311.5  1907  1233.8  1969
   89.0  1996   47.0  1985   57.5  2012   47.3  1978   41.3  1991   40.9  1915   58.3  1972   62.5  1864   58.3  1971   80.3  1975   78.8  1933   89.8  1939   291.9  1881   201.1  1875   214.9  1996   310.3  1879  1223.9  1880
   87.1  1953   45.5  1979   54.1  1955   46.7  1884   39.2  1876   40.8  1992   55.0  1917   54.8  1870   57.8  1941   79.0  2003   77.7  1957   88.9  1970   291.0  2006   199.9  1873   206.3  1899   306.6  1958  1212.5  1971
   84.7  1985   43.5  1873   53.3  1960   45.2  1881   37.8  1939   39.5  2010   54.9  2000   54.0  1981   52.9  1888   78.8  1915   77.4  1993   87.0  1892   285.5  1996   196.1  2001   202.2  2003   305.7  1867  1208.6  1972
   80.3  1966   43.1  1965   51.6  2013   43.7  1894   36.4  1915   39.2  2021   53.6  1984   50.4  1984   52.5  1865   78.7  1879   69.6  1955   85.8  1943   281.9  1917   189.1  1887   201.2  1885   300.7  1925  1207.2  2003
   73.7  1964   42.5  1934   50.9  1923   42.1  1891   36.2  1935   38.7  1940   51.8  1982   49.9  1869   52.4  1931   78.5  1973   68.8  1896   85.7  1874   278.7  1895   188.0  1937   197.7  1925   300.6  1921  1197.9  1902
   73.2  1987   41.3  1919   50.7  1918   39.2  1918   35.8  1978   37.7  1906   49.5  1989   48.6  1913   51.5  2002   77.6  1920   62.9  1934   83.0  1968   275.3  2010   187.3  1984   188.6  2021   285.3  1889  1196.1  1879
   58.7  1897   37.5  1890   48.3  1900   38.6  1865   35.2  1896   37.7  1887   48.6  2005   48.5  1983   49.8  2015   76.0  1947   60.8  1989   78.5  1981   260.6  1934   185.0  1946   187.0  1870   285.0  1910  1194.6  1889
   57.6  1997   35.9  1895   45.3  1953   37.9  1873   34.1  1871   37.7  1932   47.0  1878   48.2  1899   48.1  1959   75.7  1922   56.7  1942   74.4  2002   247.6  1929   182.2  1929   181.3  1913   272.7  1915  1177.8  1937
   57.5  1940   35.3  1917   44.7  1892   35.4  2021   32.3  1919   32.5  1921   47.0  1983   45.3  2003   47.7  1910   71.2  1972   54.6  1958   62.3  1963   236.7  1963   179.3  1869   176.4  1869   272.2  1972  1163.6  1941
   57.4  1941   34.4  1947   40.5  1924   33.4  1981   32.3  1895   32.0  1925   38.1  1919   37.3  1955   47.5  1907   65.6  2016   54.4  1983   61.9  2010   232.5  1879   173.6  1893   174.8  1983   269.1  1933  1147.0  1865
   57.1  1879   32.5  1963   39.5  1969   30.2  2020   30.2  1994   31.9  1988   33.8  1955   35.6  1880   40.1  1933   61.9  1914   54.0  1925   56.8  1995   227.4  1891   172.5  1936   170.9  1984   266.6  1993  1132.5  1955
   52.8  1929   25.9  1930   39.4  1931   29.0  1938   26.0  2008   30.7  1941   31.9  1913   34.9  1995   39.0  2014   59.5  1951   45.0  1867   49.3  1890   211.0  1940   166.8  1918   166.0  1995   258.0  1922  1130.1  1887
   39.5  1963   20.7  1986   34.5  1870   21.0  1980   25.3  1980   28.7  1889   29.5  1868   23.0  1976   32.6  1972   55.3  1908   40.5  1937   44.7  1927   186.7  1964   159.7  1974   163.7  1976   250.8  1894  1090.4  1933
   33.8  1881   11.2  1932   28.0  1929   14.6  1974   23.3  1984   27.1  1865   18.2  1863    5.3  1947   16.6  1894   19.2  1946   28.3  1945   41.8  1933     ---  1862   150.1  1980   141.0  1955   239.7  1937  1085.1  1870