Areal values from HadUK-Grid 1km gridded climate data from land surface network
Source: Met Office National Climate Information Centre
Monthly, seasonal and annual total precipitation amount for UK
Areal series, starting in 1862
Last updated 01-Jan-2022 11:00
    jan  year    feb  year    mar  year    apr  year    may  year    jun  year    jul  year    aug  year    sep  year    oct  year    nov  year    dec  year     win  year     spr  year     sum  year     aut  year     ann  year
  205.1  1928  213.6  2020  154.5  1903  128.2  2012  131.7  1967  149.0  2012  150.5  1988  167.6  1912  181.8  1918  226.1  1903  215.0  2009  216.9  2015   540.3  2014   332.4  1947   399.9  1879   509.8  2000  1469.4  1872
  189.3  2008  193.3  1990  153.9  1981  123.8  2000  123.0  1924  136.2  2007  145.5  2009  166.5  1917  180.2  1950  199.6  2000  193.2  1951  213.4  1929   505.7  2016   327.0  1979   384.5  1912   471.5  1954  1385.3  1903
  187.0  2014  175.2  2002  146.3  1994  121.1  1998  121.6  1925  133.3  1872  144.8  1888  162.9  1992  172.4  1981  196.8  1967  190.5  1940  202.7  1914   498.2  1995   314.8  1913   378.7  2012   469.3  1935  1372.5  2000
  181.5  1948  168.3  1997  143.9  1979  117.7  1947  119.5  2021  127.7  1879  144.8  1939  161.4  1956  157.7  1927  187.7  1998  188.3  1929  195.5  1999   482.2  1990   313.9  1986   360.7  1956   458.7  1872  1346.1  1877
  181.0  1995  167.8  2014  141.4  1947  114.5  1867  118.4  1986  125.4  1980  143.7  1936  159.8  2004  156.2  1869  182.4  2020  181.7  1954  194.7  1876   474.4  2020   308.7  1920   356.8  2007   455.3  1981  1336.3  2020
  178.7  2016  153.3  1923  130.9  1897  106.2  1920  115.4  1878  125.0  1912  136.2  1880  158.3  1985  155.4  1866  172.3  1935  176.4  2000  190.7  1868   468.7  1877   295.6  1903   354.5  1985   440.0  1984  1329.7  2012
  175.5  1993  144.5  1894  130.2  1913  105.5  1882  114.7  1886  121.8  1998  134.9  1940  156.5  1891  153.9  1896  172.1  1916  174.1  1970  188.8  1993   460.3  1915   294.5  1967   343.0  1872   422.1  1903  1307.0  1954
  172.3  1974  143.0  1995  129.0  2019  103.2  1913  114.2  2007  115.9  1997  134.7  2007  148.3  1903  152.9  1935  171.6  1938  173.7  1877  188.0  1986   441.1  1869   294.2  1983   339.3  1927   422.1  1982  1298.5  1998
  170.2  1984  141.2  1950  127.9  1992  102.6  1993  112.6  2006  112.5  1907  129.0  1871  145.6  1879  147.3  1885  171.1  1954  172.5  1939  187.2  1911   435.7  2007   292.4  1981   338.9  1877   416.0  1938  1293.2  2008
  170.1  1877  140.8  1915  127.5  1912  100.8  1935  109.9  2015  112.1  1882  127.4  1882  142.8  1962  146.8  1946  170.5  1932  172.0  2015  185.5  2013   431.4  1994   290.5  2006   330.8  2019   414.9  1944  1292.8  2014
  169.9  1988  138.7  1916  126.6  1988  100.5  1932  108.4  1969  111.9  1931  126.6  1879  141.5  1877  145.1  1974  166.6  1917  171.3  1984  182.4  1915   429.2  1916   290.4  1994   330.2  1903   406.2  1967  1280.4  2002
  169.9  1990  138.4  1937  124.5  1989  100.3  1899  108.0  1932  110.5  2017  124.6  1920  140.5  1910  141.7  1965  165.3  2004  168.6  1963  178.3  2012   429.0  2000   280.9  1862   327.9  1931   403.4  1976  1272.2  1882
  169.6  1872  137.8  1989  123.7  1876  100.2  1871  107.3  1979  109.3  1928  124.5  1915  138.7  1948  141.6  1976  165.1  2001  166.8  1888  178.0  1934   424.9  1937   280.0  1963   327.3  1882   398.7  1998  1271.8  1999
  168.5  1975  136.9  1925  123.4  1914   99.8  1961  106.3  1906  109.0  2019  123.2  1924  138.5  1878  140.2  1999  164.1  1987  165.6  1872  176.6  1959   409.9  2021   280.0  1932   327.0  1946   398.3  2006  1265.3  2015
  164.9  1999  132.4  1977  122.5  2008   97.9  1934  105.5  1983  107.6  2020  123.0  1957  138.5  1930  139.0  1872  163.4  1976  165.2  1944  174.2  1994   402.0  1960   277.9  1992   325.6  2020   398.2  1950  1257.3  1928
  154.1  1994  131.6  2000  121.9  1905   96.4  1950  101.6  2002  107.3  1948  122.9  1956  137.9  2014  135.5  1995  163.2  1909  164.7  1926  172.8  2006   399.4  1920   269.1  2000   321.9  2009   395.0  1875  1233.5  1912
  153.9  1937  126.1  1966  120.6  1963   95.0  1910  100.7  2011  107.3  1927  120.6  1918  136.9  1868  135.4  1968  162.7  2021  163.9  1938  170.2  1979   399.0  1984   268.4  1886   321.7  2008   394.1  1960  1232.3  2019
  153.5  1930  126.1  1910  120.4  1982   94.5  1994   99.4  2014  104.8  1966  120.2  1895  135.1  1951  133.8  2000  162.6  2013  163.1  2002  169.4  2020   395.9  1894   267.6  1998   317.5  1958   392.8  1930  1217.5  1992
  153.5  2015  122.0  1866  120.4  1896   94.2  1925   99.1  1955  103.7  1863  119.2  1953  134.8  2008  133.5  1924  162.2  1870  162.6  1946  166.6  2011   392.1  1925   266.8  1925   315.0  2004   388.4  1974  1217.4  1927
  152.9  2007  121.8  1935  118.3  1908   93.1  2004   98.7  1993  103.5  1991  118.4  2012  133.5  1927  131.5  1984  161.4  1862  161.4  1982  166.6  1900   391.2  1930   260.2  1951   314.9  1881   387.7  1940  1216.5  1994
  151.4  1962  120.2  1883  118.0  1919   92.8  1970   98.1  2003  103.4  1987  118.3  1875  132.6  2019  129.0  1883  161.4  1865  161.3  1992  165.1  1919   390.9  1974   260.1  1993   314.2  1948   386.2  2009  1214.4  1923
  151.1  2004  119.8  1869  114.4  1978   92.5  1949   97.2  1907  102.2  1935  117.6  1931  132.3  1946  128.7  1975  159.8  1891  158.0  1986  163.2  1965   385.3  2008   259.8  1882   314.1  2017   385.1  2019  1213.4  1986
  149.9  1983  119.3  1885  112.4  1987   91.6  1959   96.8  1931  100.3  1958  117.4  1922  132.3  1950  127.7  1863  159.3  1928  155.9  1890  160.3  1912   384.7  1923   259.6  1867   313.4  1980   385.0  1918  1208.9  2004
  149.8  1890  119.2  1893  110.7  1986   91.3  1966   96.2  1945   99.0  1982  115.0  1950  131.8  1941  126.1  2019  159.2  1906  154.3  1931  159.0  1966   379.4  2002   258.0  1908   313.2  1888   384.8  1929  1208.1  2009
  149.7  1906  118.0  1900  110.5  2006   91.1  1992   95.8  1862   96.1  2016  114.6  1877  131.2  1881  124.0  1874  157.8  1949  153.2  2006  157.3  1978   377.9  1912   256.3  1972   309.1  1950   384.7  1927  1207.9  1948
  149.2  1921  117.6  1958  108.6  1920   91.0  2005   95.7  1942   93.8  1945  113.7  1903  128.1  1923  123.1  1983  157.4  2014  149.6  1882  156.7  2000   376.6  1910   253.9  1897   307.7  1924   382.3  1970  1204.4  1950
  148.4  1863  115.6  1903  106.6  1967   90.8  1991   94.8  1958   93.8  1999  112.8  1867  126.9  1865  123.0  1962  157.2  1981  148.1  1974  156.3  1891   376.2  1928   253.2  1999   307.7  1910   381.6  1883  1204.2  1967
  147.8  1939  115.1  1914  106.3  1951   89.9  1983   94.0  1954   93.8  1938  111.8  1872  126.7  1889  121.9  1876  155.8  1923  147.7  1996  152.9  1924   373.1  1883   253.1  1966   307.3  1954   379.9  1923  1203.7  1990
  147.4  1938  113.8  2011  105.2  1998   89.6  2001   93.9  1920   93.8  1897  111.0  1960  124.9  1892  120.4  1957  154.8  2008  147.0  1960  151.4  1983   370.6  1872   251.1  1907   304.6  1988   379.7  1874  1199.1  1982
  147.3  1943  113.8  1922  104.2  1868   89.0  1972   92.8  1943   93.8  1990  110.4  1932  123.9  1897  119.7  1982  154.1  1872  145.4  1928  149.0  1872   370.6  1999   250.3  2015   301.9  1957   379.3  1885  1198.6  1960
  146.4  1986  113.4  1868  103.9  2018   88.6  1999   92.5  1916   93.5  1954  108.8  1938  122.2  1900  119.1  1871  153.8  2002  145.2  1959  147.3  1949   366.2  1943   250.2  1916   300.3  1917   377.2  1980  1198.5  1951
  146.0  1884  112.9  1876  102.7  1921   88.5  1951   91.8  2013   93.5  1946  108.7  1884  122.0  2020  119.0  1958  150.6  1929  144.2  1935  147.2  1985   365.1  1922   246.7  2014   296.4  1891   376.9  1882  1195.8  1916
  145.1  1868  112.2  1974  102.6  1980   88.2  1904   89.5  1972   93.3  1862  108.2  2008  121.6  1957  118.9  1899  149.7  1907  144.2  1969  147.0  1955   364.8  2015   246.5  2008   296.3  1890   375.4  1992  1195.7  2007
  143.1  1866  111.9  1904  101.7  1862   87.4  1931   89.4  1981   92.5  1972  107.6  2015  120.5  1986  118.7  1954  148.4  1980  142.9  1930  146.5  1901   363.3  1935   245.2  1877   295.7  1930   375.4  1877  1187.8  1966
  142.1  1875  110.5  1945  101.6  1909   86.2  1922   88.5  1865   91.5  1890  107.5  1873  119.4  1905  118.4  1944  147.0  1875  142.4  1977  144.8  1896   363.0  1939   245.1  2002   293.7  1998   372.5  2012  1181.7  1981
  141.0  1873  110.4  1872   98.8  1983   85.0  1889   87.7  1898   90.5  1985  107.0  2010  119.4  1874  118.2  1992  146.6  1960  140.7  1911  144.1  1898   361.3  1903   244.5  1899   289.9  1928   369.5  1932  1181.7  1938
  139.4  1920  110.1  2007   97.7  2017   84.8  1877   87.3  1997   89.6  1965  106.8  1958  118.1  1960  117.2  2017  146.1  1874  140.3  1950  143.0  1897   359.5  1957   244.3  1968   288.8  1875   366.9  1928  1180.7  1974
  139.3  1903  110.1  2016   97.1  1888   84.8  1986   86.7  1869   89.1  1971  105.7  1985  118.0  1954  116.5  1967  145.0  1961  140.0  1875  142.4  1886   356.0  1950   244.1  1889   288.8  1992   366.5  2008  1179.9  1930
  137.6  2021  109.9  1880   96.2  1864   84.7  1985   86.4  1966   87.8  1881  104.2  1894  117.0  1988  113.7  1930  142.7  2006  138.3  1991  141.1  1910   354.7  1980   243.1  1934   288.2  1938   366.1  1891  1176.7  1900
  137.3  1932  109.9  1951   94.9  2015   83.9  2018   85.6  1973   87.5  1900  103.4  1909  116.4  1952  113.3  2010  142.6  1990  138.1  1914  140.8  1951   354.1  1966   242.1  1909   287.8  1960   364.7  2020  1175.8  1924
  137.2  1926  109.1  1967   94.9  1928   83.4  1862   84.8  1892   87.5  1963  103.1  1930  116.3  1895  113.0  1892  141.6  2005  136.3  1883  140.8  1982   353.9  1899   241.2  2019   287.1  1895   362.5  1926  1173.2  2006
  134.6  1900  108.2  1881   94.7  1882   82.7  1909   84.5  1976   86.7  2002  101.9  1886  116.2  1873  112.0  1879  141.0  1982  136.0  1979  140.0  1956   351.7  1900   238.9  1872   284.9  1907   362.1  1917  1171.5  1979
  134.4  2002  107.2  1970   94.7  1990   82.5  1963   84.2  1968   84.8  1892  101.5  1965  116.1  1943  111.8  2012  140.8  1892  135.3  1881  140.0  1948   351.5  1967   237.9  1988   284.3  1873   357.6  1869  1162.6  2011
  134.1  1998  106.4  1941   94.4  1977   82.3  1898   82.6  1902   84.7  2011  101.3  2017  114.7  2009  111.8  1864  140.7  1983  135.1  2012  139.6  2019   350.6  1958   237.9  1905   283.7  1900   357.5  2002  1162.1  1866
  132.4  2018  105.9  1918   94.1  1995   82.0  1876   82.2  1938   84.7  2004  101.2  1946  113.4  1963  111.4  1923  139.9  2019  130.0  1895  139.3  1909   350.0  1988   237.1  1878   283.0  1892   356.1  1916  1160.9  1988
  132.2  1899  105.0  1928   94.1  1991   82.0  1953   81.7  2009   84.7  1896  100.8  1862  113.4  1924  110.4  1908  137.3  1984  129.2  1916  139.3  1869   349.4  1866   236.5  2005   282.7  1894   352.5  1995  1160.7  1876
  130.6  1869  104.8  1933   93.8  1881   80.8  1965   81.4  1913   84.6  1875   98.5  1970  111.3  2012  109.5  1948  136.6  1996  129.0  1947  139.1  1974   349.1  1998   236.3  1924   281.0  1965   352.5  1863  1155.2  1980
  129.7  1886  104.0  1877   93.4  1940   80.7  1975   81.3  1885   82.8  1877   98.5  1927  110.7  1928  109.5  1932  136.2  1930  127.8  1910  138.0  1954   347.7  2013   235.6  1989   278.1  1966   349.7  2005  1151.9  1946
  128.0  1927  102.9  2021   92.8  1968   80.4  1977   80.1  1903   82.1  1955   98.5  1890  110.4  1958  109.2  1980  135.7  1885  126.4  1905  136.2  1942   347.0  2004   235.6  2018   277.6  1939   349.4  1963  1150.7  1868
  127.7  1936  101.8  1996   92.7  1895   80.4  1927   80.1  1877   82.1  1947   98.4  2002  110.4  1866  109.0  1880  133.9  1882  126.2  1972  134.0  1918   344.0  1975   234.6  1868   277.0  1953   349.4  1880  1149.7  1993
  126.9  1960  100.4  1931   92.3  1957   80.3  1907   79.7  1894   81.8  1944   98.0  1968  110.3  1921  108.0  1875  133.3  1886  126.0  1906  133.1  1997   343.5  1868   233.9  1914   276.8  1862   349.0  1987  1145.9  1910
  126.8  1978   99.3  1957   91.9  1927   80.2  1919   78.8  1872   80.6  1936   97.2  1910  110.3  1982  107.4  2011  132.2  1968  125.7  1981  132.6  1936   342.0  1948   233.8  1964   276.5  1936   348.9  2001  1142.4  1935
  126.5  2005   98.7  1911   88.7  1886   79.7  1923   78.7  1904   80.5  1883   97.0  1893  109.7  1863  105.8  2008  131.3  1944  124.9  1949  131.4  2014   341.6  1926   232.5  1969   276.0  1987   345.0  1892  1140.1  1920
  125.7  1942   98.5  1960   88.7  1999   79.7  1901   78.6  1899   80.2  1880   96.0  1883  109.0  1904  105.4  1956  129.5  1900  124.6  1913  131.0  1882   339.1  1913   232.2  1987   270.0  1897   343.5  2004  1139.5  1883
  123.0  1922   96.9  2001   88.2  2007   79.2  1989   78.2  1889   79.4  1878   96.0  2020  109.0  1961  104.8  1903  128.5  1989  123.3  2014  130.7  1980   338.3  1961   231.9  1876   269.0  1922   343.4  1968  1138.8  1965
  122.8  1913   96.6  1946   87.5  1916   77.9  1964   77.9  1923   79.2  1968   95.9  1881  107.5  1942  104.1  1953  128.0  1943  123.2  1997  130.7  1893   337.3  1983   230.9  1977   268.6  2015   343.2  1999  1134.8  1918
  122.7  1965   96.1  1939   86.2  1872   77.8  1880   77.8  1891   78.7  2008   95.8  1954  107.2  1979  104.1  1961  127.7  1877  122.7  2010  130.4  1990   336.1  2012   230.8  1985   265.8  2011   340.9  1886  1134.7  1958
  121.9  1883   95.5  1884   85.6  2001   77.3  2016   77.6  2000   77.7  1964   94.9  1914  106.7  1929  103.5  1942  127.2  1934  121.7  2018  128.4  1964   336.0  1873   230.5  2012   265.3  1871   340.8  1946  1127.6  1886
  121.3  2020   95.3  1961   85.3  1954   77.0  1905   76.9  1963   77.6  1926   94.5  1993  106.4  1971  103.5  1925  127.0  1942  121.4  1880  128.3  1921   332.5  2001   229.3  1906   264.9  1963   340.8  1949  1122.6  1894
  121.0  1867   95.0  1926   84.8  1884   76.2  1924   75.9  1999   77.1  1977   93.4  1959  106.2  1890  103.3  1897  125.6  1896  120.2  2003  127.6  1922   329.6  1884   229.0  2007   263.7  1997   338.7  1878  1120.5  1970
  120.7  1956   94.8  1920   84.3  2021   76.1  2008   75.6  1879   77.1  1911   93.0  1998  105.6  1894  103.1  1891  125.6  2012  120.1  1917  125.0  1884   329.5  1946   228.4  1904   262.6  1883   337.1  1866  1120.4  1891
  120.7  1894   93.8  1980   84.3  1890   75.8  1979   75.0  1964   76.5  1888   92.0  1912  105.4  2011  103.1  1994  125.3  1878  119.6  1894  124.9  1960   328.5  1867   228.2  1965   259.7  2016   336.5  1924  1118.5  2017
  120.1  1957   93.6  1954   83.8  2016   74.9  1868   74.3  1926   76.5  1956   91.3  1923  104.7  2015  103.0  2004  125.2  1863  119.5  1980  124.9  1866   328.3  1977   228.0  1919   259.6  1866   336.5  2010  1117.3  1862
  119.6  1919   93.4  1871   82.5  1941   73.9  1872   74.3  1962   76.2  1943   89.1  2019  104.5  1898  102.8  1878  124.9  1966  119.1  2019  123.8  1907   325.5  1962   225.3  1898   259.6  1943   330.0  1977  1114.2  1931
  119.3  2009   93.4  2017   81.1  1952   73.3  1908   73.3  1947   72.9  1917   88.9  1942  103.6  1980  102.4  2006  124.9  1940  118.4  1998  123.7  1880   325.2  1885   223.9  2021   258.9  2002   329.8  1961  1114.1  1914
  118.0  1961   91.9  1906   81.0  1934   73.0  1996   72.8  1867   72.9  1894   88.7  1865  103.4  1907  102.3  1978  122.4  1895  118.3  1953  122.5  1998   323.6  1863   223.1  1927   256.9  1878   329.5  1991  1106.7  1906
  116.8  1915   90.3  1988   80.9  1964   72.2  1973   72.6  2005   72.8  1909   87.8  1974  102.6  1989  101.4  2018  122.2  1873  116.9  1927  121.7  2003   322.5  1931   222.5  2016   256.7  2014   329.4  1876  1103.5  1977
  116.7  1972   89.6  1992   80.9  1889   71.7  1962   71.6  1910   72.4  1876   86.7  1992  102.5  1934  101.0  1936  122.0  2011  116.5  1869  121.3  1862   321.6  2018   220.7  2009   255.7  1909   329.2  1906  1102.3  1985
  115.8  1944   89.4  1879   80.8  1937   71.3  1940   70.8  1965   71.6  2005   86.6  1908  102.3  2017  100.6  1960  121.6  1924  116.1  2005  120.6  2017   316.7  1945   220.5  1922   255.0  1923   328.5  1996  1102.1  1932
  115.0  1951   89.2  1898   80.3  1877   71.0  1926   69.9  1929   71.6  1916   86.5  1973  100.3  1966  100.2  1985  121.0  1898  113.6  1978  120.3  1958   316.3  1989   220.3  1912   254.7  1920   328.4  2011  1101.9  1875
  114.5  1946   88.5  1994   80.1  1901   70.2  1897   69.9  1953   71.3  1866   86.4  1891   99.2  1922   99.7  1993  120.5  1952  113.5  1971  119.3  1957   315.8  1993   219.2  2013   254.4  1880   327.4  2018  1099.6  1957
  114.4  1904   88.1  1897   79.8  2014   70.1  1916   69.3  1917   71.2  2003   85.5  1987   98.5  1931   99.3  1934  119.7  1893  113.3  1900  119.0  1938   314.0  1970   219.2  1949   252.9  1971   326.4  2017  1096.7  2016
  114.0  2003   87.9  1882   79.6  1866   69.5  1937   68.8  1985   71.1  1924   85.5  1937   98.3  1908   98.5  1887  119.0  1867  112.7  1923  119.0  1989   313.1  1919   218.9  1888   252.4  1951   326.3  1896  1095.7  1939
  113.7  1958   84.9  1978   79.2  1939   68.8  1911   68.6  1949   70.3  1871   84.9  1978   97.8  1872   97.3  1943  119.0  1880  112.1  1886  118.4  1945   312.2  1991   218.4  2001   250.4  1929   324.1  2013  1094.4  1926
  113.5  1934   84.1  1865   79.0  2009   68.5  1960   68.5  1873   70.2  1901   84.8  1961   97.5  2010   97.1  1970  118.6  1988  110.8  1899  118.3  1972   310.8  1986   217.7  1937   250.4  1962   323.6  1939  1090.1  1984
  113.5  1862   83.2  1999   78.6  2010   68.3  1948   67.4  1937   70.0  1910   84.3  1980   97.0  1977   96.3  2016  118.6  1945  110.6  1878  117.7  2018   310.2  1956   216.0  1910   249.5  1865   321.7  1899  1085.0  1983
  113.3  1971   82.7  1943   78.6  2020   68.0  2002   66.5  1948   69.5  1864   83.7  1947   96.8  2001   95.5  1886  118.3  1933  110.1  1898  115.2  1881   308.9  1904   214.9  1902   249.0  1982   321.6  1890  1084.0  2013
  111.6  1969   82.6  1867   78.0  1970   67.5  2014   66.3  1908   68.9  1952   82.9  1941   95.4  1953   95.1  1873  118.1  1986  109.6  1999  115.1  2021   308.5  1949   214.3  2004   246.8  1970   320.3  1951  1082.0  1961
  111.4  1912   82.3  1870   77.8  1972   67.5  1930   66.3  1952   68.4  1993   82.1  1929   95.1  1906   93.7  1987  117.9  1889  109.6  1874  115.0  1923   308.4  1892   213.9  1942   246.8  1918   319.0  1965  1081.8  1944
  111.4  1991   81.9  1998   77.4  1976   67.4  2006   65.9  1900   68.3  1973   81.7  1896   94.7  1970   93.4  1882  117.7  1959  109.0  1866  114.4  1930   307.2  2005   213.0  1931   246.1  1961   316.4  2021  1079.6  2005
  111.4  1976   81.8  2008   77.3  1985   67.3  1968   65.6  1996   68.1  1903   81.6  2001   93.0  1974   93.1  1988  117.6  1926  108.0  1994  114.3  2007   305.4  1978   212.6  1970   245.9  1941   314.9  1983  1077.0  2021
  111.2  1910   81.6  1889   76.6  1906   66.5  1863   65.6  2012   67.1  1969   80.1  1975   92.1  1901   92.6  1998  117.3  1995  107.7  2017  112.5  1877   305.3  1979   212.0  1982   245.6  1974   313.7  1870  1076.9  1869
  110.1  2012   81.4  1972   76.6  1965   66.4  1939   65.4  1951   66.7  1981   79.8  1926   92.1  1876   92.0  2005  116.2  1883  106.8  1966  112.3  1946   304.1  1951   211.9  1885   244.9  1968   311.5  1986  1071.9  1968
  109.9  1865   80.6  1908   76.0  1894   65.7  1944   65.0  1918   66.5  1902   78.9  1967   92.0  2006   91.7  1945  115.4  1912  106.7  1864  110.8  2004   301.9  1933   209.0  1950   244.0  1926   311.0  1943  1070.7  1907
  109.7  2013   79.9  2015   75.8  1971   65.7  1885   64.7  1875   65.7  1905   78.5  2016   91.9  1888   91.0  1952  111.4  1894  106.7  1936  110.1  1952   301.7  1955   208.6  1940   243.7  1945   310.8  1979  1069.0  1915
  108.6  1970   79.9  1864   75.6  1902   65.6  1943   64.2  1934   64.8  1974   78.3  2003   91.9  1999   88.9  2001  111.3  1925  106.5  1965  109.7  1984   301.7  1987   208.6  1954   243.0  1915   309.5  1994  1068.6  1943
  108.2  1916   79.3  1912   75.5  2002   65.5  1915   64.2  1941   64.3  1919   78.0  1866   90.7  1916   88.8  1963  111.1  1970  105.9  2008  109.4  1925   301.2  1898   208.3  1952   242.8  2010   308.6  1900  1068.4  1925
  108.1  1952   78.4  1948   75.4  1966   65.5  1895   63.8  1884   63.7  1898   77.9  1933   89.9  1965   87.3  1893  111.0  1868  105.9  1876  109.2  2002   300.6  1906   207.6  1991   242.7  1896   308.0  1864  1067.1  1881
  107.9  1874   77.7  1899   75.3  1874   65.0  1886   63.7  2019   63.5  1939   77.6  1945   89.7  1919   86.6  1973  110.1  1927  105.6  1912  108.9  1895   298.9  1870   207.4  1894   239.6  1908   306.7  1966  1063.8  1936
  107.8  1931   77.6  1949   73.9  1984   64.9  1987   63.0  1921   63.3  1913   76.5  1991   88.1  1902   86.4  1951  108.4  1941  105.0  2016  107.2  1940   298.6  1911   207.3  1923   238.7  1905   306.5  1952  1063.6  1929
  105.5  1918   77.5  1984   73.9  1891   64.4  1969   62.3  1922   62.8  1994   76.1  1889   87.8  1893   86.4  1947  107.4  2009  105.0  2020  107.0  1992   298.4  1938   206.7  1917   238.7  1863   304.2  1873  1062.9  1878
  104.4  1968   76.1  1927   73.6  1907   64.2  1900   62.1  1881   62.8  1989   75.7  2011   87.8  1882   84.8  1868  107.3  1948  104.3  1941  106.7  1916   298.1  1981   204.6  1921   238.4  1944   303.8  1990  1062.2  1978
  103.8  1923   76.0  1955   73.5  1873   64.0  1879   61.4  2016   62.5  1953   74.0  1944   87.4  1949   84.0  1991  107.2  1991  103.2  1891  106.5  1902   296.7  1936   204.3  1926   237.8  1867   303.2  2014  1060.8  1987
  103.6  1924   75.3  1907   73.5  1959   63.9  1917   61.4  1890   62.0  1978   74.0  1900   87.4  1964   82.2  1990  107.0  1977  102.3  1865  106.4  1973   294.8  1901   204.0  1943   237.7  1973   301.7  1881  1060.6  1909
  103.3  1977   75.2  1936   73.5  1917   62.9  2013   61.0  1946   61.9  1950   74.0  1925   87.1  1987   81.2  1884  105.9  1918  101.5  1919  105.8  1944   293.4  1887   202.9  1879   236.6  1952   301.5  1953  1059.8  1880
  102.7  1959   74.5  2010   73.3  1933   62.9  1888   60.8  1944   61.8  1959   73.6  1916   86.6  1926   81.1  1919  104.3  2018  101.3  2007  105.6  1928   292.5  1882   202.7  1869   236.4  1986   300.6  1936  1059.7  1934
  102.3  1925   74.3  2004   72.9  2005   62.8  1874   60.7  1982   61.7  2009   73.4  1904   86.0  1883   80.7  1977  103.9  1939   99.8  1995  105.3  1920   291.7  1908   202.1  2003   236.4  2001   300.5  1911  1059.5  1863
  102.2  2011   73.1  1982   72.5  1930   61.6  1878   59.7  1995   61.6  1929   73.3  1892   85.8  2007   80.5  1938  102.7  1971   99.6  1863  104.6  1962   289.8  1897   201.4  1955   235.9  1916   299.7  1913  1059.5  1897
  102.1  1982   72.2  1969   72.4  1867   61.4  1869   59.6  1882   61.2  1933   73.1  1966   85.8  1875   80.1  1926  102.3  1871   99.0  2011  103.0  1894   288.8  1952   200.9  1978   233.9  1964   299.3  1893  1053.6  2018
  101.9  2000   71.6  1962   72.0  1922   61.0  1903   59.5  1883   60.6  1873   72.8  1951   85.7  1925   80.0  1955  102.0  1957   98.8  1985  102.8  1906   288.0  1941   200.9  1945   231.8  1999   299.0  1898  1053.1  1874
  100.4  1945   71.5  1940   71.5  1932   60.9  1952   59.2  1930   58.6  1960   72.5  2021   85.6  1938   79.6  1922  101.9  1958   98.4  1976  102.5  1961   286.1  1865   200.5  1973   231.3  1893   296.2  2015  1050.3  1995
   99.0  1947   71.1  2019   70.5  1975   60.2  1990   59.0  1914   58.5  1920   70.6  1969   85.4  2005   79.2  1867  101.8  1913   97.3  1918  101.3  1863   282.8  1875   199.9  1901   230.1  1874   295.8  1909  1049.4  1949
   97.8  1981   70.4  1991   70.1  2004   60.0  2009   59.0  1888   58.3  2000   70.4  2004   85.3  2000   78.8  2021  101.6  1876   96.7  1973  100.7  1932   278.1  1914   199.8  1959   228.1  1904   294.5  1948  1049.4  2001
   97.3  1989   69.8  2005   68.0  1942   56.7  1902   58.9  1992   58.0  2001   70.1  1902   85.2  2016   78.6  1920  101.4  2017   96.3  1885  100.2  2009   278.0  1921   199.2  1930   227.8  1914   293.3  1895  1048.7  1997
   96.8  1895   69.6  1981   67.7  2000   56.2  1967   58.5  1988   57.2  1957   69.9  1928   84.0  1918   77.3  2020  101.4  1979   95.8  1975   99.9  1908   275.7  1965   199.2  1948   227.5  1889   289.0  1862  1047.3  1956
   96.4  1933   68.9  1973   66.9  1997   54.8  1971   57.9  1971   56.2  1885   69.0  1907   83.8  1967   76.0  1904  100.5  2010   95.4  1887   99.1  1899   273.5  1918   197.9  1864   227.2  1942   288.6  1865  1046.7  1922
   96.1  1878   68.6  1987   65.6  1899   54.6  1933   57.9  1912   56.2  2015   68.8  1964   83.8  1997   75.7  1937   98.9  1901   95.0  1952   98.3  1904   271.6  2003   197.8  1891   225.8  1901   287.8  1957  1045.1  1989
   94.8  1887   68.6  2018   65.0  1885   52.8  1988   57.9  1909   55.3  1937   68.2  1948   83.1  2018   75.4  1917   98.4  1994   94.9  2001   98.2  1969   269.6  1890   197.6  1976   224.9  1993   286.2  1959  1044.3  1940
   94.4  1979   67.7  1905   64.9  1936   52.6  1866   57.2  1870   54.7  1908   67.3  1943   83.0  1973   74.9  1966   96.3  1955   92.9  1967   97.5  1967   268.6  1871   197.3  1997   224.8  1902   284.9  1905  1038.8  1917
   90.8  1949   65.9  1892   64.4  2013   52.4  1887   57.2  2017   54.5  2014   66.7  1899   82.7  1994   74.5  1964   95.9  1992   92.3  1893   95.0  1870   266.6  2009   196.9  1962   224.0  1978   284.8  1871  1033.4  1884
   90.8  1980   65.0  2006   64.4  1948   51.7  1894   56.1  1977   54.2  1930   66.6  1934   82.7  1862   74.1  1909   95.2  1974   91.3  1892   93.8  1935   266.5  1972   196.2  1941   223.9  1876   284.2  1934  1033.0  1899
   89.3  1882   62.1  1953   63.3  1879   51.5  1914   55.5  1868   53.6  1970   66.6  1986   82.6  1944   73.9  1877   95.0  1881   91.2  1987   93.7  1977   265.7  1878   194.5  1995   223.2  1991   283.3  1888  1031.2  1890
   88.1  1954   61.9  1976   62.3  1950   50.7  1945   55.5  1933   53.5  1891   66.5  1981   81.2  1915   73.6  1870   94.4  1890   91.2  1903   93.0  1937   265.0  1969   194.0  1890   219.4  1934   283.2  1931  1030.9  1898
   87.7  1955   61.1  1874   62.1  1911   50.5  1883   55.4  1974   52.6  1914   66.1  1874   80.3  1914   73.3  1979   94.0  1993   90.7  1907   92.6  1976   264.9  1881   193.9  1881   216.5  2005   279.5  1925  1030.9  1879
   87.3  1908   59.8  2009   62.0  1871   50.4  2003   55.0  1987   52.4  1922   65.2  2013   79.5  1909   73.2  1913   93.4  1999   90.4  1884   92.2  1864   264.3  1902   193.5  1884   216.0  1990   278.0  1975  1030.9  1962
   86.2  1892   59.6  2013   61.6  1904   50.2  1942   53.6  1864   52.3  1961   64.8  1962   78.9  1998   73.1  1905   92.9  1936   90.4  2013   91.7  1874   264.2  1997   193.0  1975   215.9  1935   277.7  1912  1029.3  1919
   83.5  1967   59.5  1919   60.1  1878   49.9  1918   53.3  1915   51.8  1984   64.3  2014   78.5  1996   72.9  1862   92.0  1963   89.5  1932   90.9  1888   263.1  2011   192.7  1871   215.5  1979   277.0  1988  1024.7  1942
   83.0  1909   59.4  2012   59.6  1969   49.5  1941   52.9  1897   51.0  1979   64.1  1887   77.1  1978   72.4  1940   92.0  1899   86.9  1873   90.7  1871   262.7  1982   190.5  1990   214.9  1884   275.9  1958  1024.7  1991
   80.9  1885   59.1  1971   58.9  1926   49.1  1981   52.0  1911   51.0  1983   64.0  1963   76.9  1969   71.4  1881   90.9  1911   86.9  1901   89.8  1987   260.9  1876   190.1  1961   214.6  1969   275.4  1942  1022.3  1885
   80.2  1871   58.0  1938   58.8  1993   49.1  1946   51.5  1957   50.8  1906   63.9  1997   76.3  1896   71.3  1890   89.5  1864   86.7  1964   89.5  1889   257.4  1924   189.8  1958   213.5  1967   273.7  1868  1019.6  1867
   80.1  1891   57.1  1878   58.4  1880   49.0  1955   51.1  2004   50.8  1967   63.4  1901   75.0  1935   71.0  2013   89.4  1910   85.7  1943   88.2  1883   256.9  1973   188.5  1971   213.1  1977   273.3  1969  1019.6  1913
   79.4  2010   56.3  1887   58.0  1949   48.9  1896   50.9  1893   50.6  1895   60.8  1917   74.9  1867   70.1  1969   88.8  1902   84.2  1915   87.9  1887   256.2  1954   188.5  1896   207.4  1989   270.4  1907  1017.2  1911
   78.9  2001   56.1  1913   56.8  1938   48.6  1928   50.9  1863   50.3  1934   59.7  2000   73.8  2002   68.9  1911   87.0  1884   83.7  1902   87.5  2008   255.6  1968   188.1  2017   205.6  1932   268.8  1887  1015.6  1937
   78.8  1992   54.3  1901   56.4  1865   48.6  2019   50.8  1927   50.1  1867   59.6  1921   72.8  1990   67.9  1898   85.4  1905   83.0  1897   87.5  1981   255.5  1927   187.3  1996   205.3  1937   268.3  1978  1014.1  1888
   77.9  1914   53.9  1863   55.4  1898   48.4  1936   50.3  1950   49.6  1899   59.4  2005   72.3  1945   66.9  2007   84.9  1937   82.7  1920   85.1  1913   255.4  1947   186.1  1953   204.3  1898   267.1  1993  1010.0  1873
   77.2  1870   53.7  1968   55.2  1883   48.3  1956   49.7  1887   49.3  1986   59.4  1876   72.2  2013   66.9  1901   84.9  1869   81.4  1924   85.0  1867   254.1  2010   185.9  2011   203.8  1906   264.4  1894  1009.6  1896
   76.4  1985   53.6  1979   54.6  1869   48.2  1890   49.6  1994   48.5  2013   58.6  1949   71.6  1920   65.7  1902   81.9  1956   80.8  1961   84.2  1865   253.4  2019   184.7  1928   203.7  1919   258.6  1884  1009.5  1952
   76.0  2017   52.5  1944   53.9  1945   48.2  1864   47.8  2008   46.5  1893   57.9  1906   69.5  1911   65.7  1900   81.5  1921   79.1  1908   82.6  1903   251.0  1992   183.4  1933   203.4  2000   258.2  1985  1007.6  1908
   74.7  1996   49.0  1875   53.9  1915   47.9  1978   47.8  2018   45.7  1904   57.9  1995   69.4  1939   65.3  1931   79.6  1964   79.0  1990   82.6  1991   250.9  1893   182.8  1911   203.3  1972   257.3  1997  1007.2  1871
   74.3  1941   48.4  2003   53.6  2003   47.5  2010   47.0  1961   44.7  1874   57.9  1972   69.1  1887   63.8  2009   79.0  1953   78.6  1962   82.1  1947   249.9  1996   182.4  1874   202.9  1886   256.6  1914  1006.0  1945
   73.9  1901   46.7  1896   53.3  1955   46.4  1906   46.6  1960   44.4  1951   57.4  1971   67.8  1968   63.1  1889   77.7  1950   77.9  1868   82.0  1931   248.0  1959   180.2  1895   200.9  1940   256.0  1962  1002.4  1969
   73.5  1917   46.7  1983   53.1  1974   46.0  1891   45.5  1984   43.2  2021   57.3  1979   66.0  1871   62.2  1928   75.8  1920   77.9  1870   81.2  1968   247.5  1864   179.5  1880   199.8  1994   255.1  1947  1000.9  1963
   72.0  1902   46.3  1942   52.9  1887   45.5  2015   44.5  1956   43.0  1869   55.2  1996   65.4  2021   61.7  1997   75.6  1888   77.6  1948   81.2  1988   246.6  2017   178.7  1939   198.9  1959   253.4  1919   999.6  1892
   70.4  1893   45.9  1873   51.3  1960   45.0  1884   44.4  1874   42.8  1962   54.3  1994   65.1  1885   58.9  1989   74.9  1887   76.6  1904   80.5  2005   246.6  1942   178.1  1935   196.3  1933   253.1  1971   992.8  1904
   69.7  1973   45.8  1902   51.3  1958   44.7  1870   43.9  1940   42.3  1996   54.2  2018   64.5  1937   58.2  1949   74.4  1915   75.8  1968   80.0  1875   243.8  1886   175.5  1866   193.3  1868   252.7  1901   991.6  1865
   69.0  1898   44.7  1909   50.9  1925   43.7  1958   43.3  1880   42.2  1918   53.6  1905   64.2  1884   57.1  1914   72.6  1866   75.2  2004   79.3  1950   243.4  1907   175.4  1865   189.3  1911   248.4  2016   989.2  1959
   68.4  1940   44.1  1947   50.9  1962   43.1  1997   43.3  1866   42.1  2006   53.1  2006   62.1  1993   56.7  1912   72.4  1997   74.9  2021   77.3  2016   241.1  1976   172.7  1915   187.3  1921   247.9  1989   988.7  1947
   68.0  1876   43.4  1886   50.5  1946   42.1  1875   43.3  2001   42.0  1884   52.2  1897   61.7  1975   54.9  1916   72.1  2015   73.5  1993   77.0  1878   237.3  1889   171.2  1957   187.2  2006   247.6  1897   986.4  1972
   67.5  1950   43.3  1888   49.7  1923   40.9  1929   41.8  1975   41.3  1870   51.4  1952   60.2  1886   54.7  1915   70.8  1965   72.9  1921   74.5  1941   235.4  1971   171.0  1873   185.9  2013   245.5  1941   985.8  1895
   66.4  1864   42.5  1956   49.4  2011   40.7  1995   41.7  1970   40.7  1886   50.0  1870   59.3  1932   53.8  2003   70.8  1919   65.9  1922   74.5  1953   232.5  1874   166.5  1960   181.2  2021   245.4  1973   974.2  1976
   65.3  1907   39.9  1952   49.3  1910   38.9  1892   41.3  1998   39.2  1992   49.7  1919   57.2  1933   53.1  1921   64.5  2007   65.4  1957   73.4  1995   232.4  1944   165.3  1900   179.1  1981   245.2  1956   958.2  1893
   64.9  1889   38.7  1924   48.7  1996   38.9  1921   41.2  1928   38.6  1976   49.4  1990   56.5  1984   52.1  2015   63.9  2003   65.2  1988   71.7  1939   230.2  1905   165.2  1883   177.5  1975   243.8  1910   953.2  1901
   64.9  1966   38.6  1929   47.5  1863   38.0  1881   40.1  1901   38.4  2010   46.1  1999   55.6  1870   47.2  1939   63.6  1931   64.7  1925   70.8  1885   229.3  1879   165.1  2010   176.1  1947   242.2  1908   952.4  1905
   64.6  2019   38.0  1964   46.7  1870   35.8  1976   39.0  1905   37.4  1915   44.4  1976   52.9  1972   46.9  1933   62.1  1973   64.6  1955   69.8  2001   228.4  1932   164.8  1863   176.1  2003   240.9  1955   951.6  1953
   64.4  1888   36.5  1975   45.6  1943   35.7  2011   38.9  2010   37.0  1988   44.3  1864   52.2  1936   46.0  1929   61.5  1914   63.5  1871   68.5  1971   227.7  1909   160.7  1946   175.9  1996   240.8  1964   947.9  1889
   64.1  1905   35.8  1862   45.3  1956   34.9  1912   38.7  1978   35.8  1932   42.7  1911   47.5  1864   44.3  1996   61.3  1897   60.4  1989   67.9  1975   222.6  1953   158.1  1892   173.7  1949   240.4  1889   945.4  2010
   63.5  1935   35.2  1985   43.6  1935   33.2  2017   37.8  1936   35.7  1923   42.0  1989   46.0  1869   44.1  1906   59.3  1985   59.4  1889   66.9  1996   221.3  1985   157.6  1918   173.6  1925   238.3  1902   942.9  1941
   62.9  1879   34.3  1963   43.3  1961   30.9  1982   35.6  1990   35.7  1975   39.7  1982   45.9  1981   40.9  1895   59.1  1969   58.5  1909   66.1  1927   219.3  1895   154.9  1887   171.9  2018   237.9  2003   935.3  1971
   60.7  1896   34.2  1917   42.7  1973   30.5  1865   34.7  1959   34.7  2018   38.9  1878   44.5  1913   40.8  1888   58.9  1904   58.0  1956   64.0  1943   216.3  1896   154.4  1944   161.3  1864   237.1  1920   935.2  1996
   59.3  2006   33.3  1993   42.7  1918   30.1  2020   33.8  1935   33.8  1865   38.9  1977   43.7  1959   40.6  2002   54.4  1962   57.6  1934   63.5  1873   215.3  1880   153.1  1938   160.0  1885   233.6  1867   928.8  1973
   58.8  1911   30.2  1890   40.2  1875   29.2  1954   33.1  1939   32.3  1868   38.7  1935   43.3  1991   37.0  1971   53.5  1975   55.6  1933   63.0  1970   214.4  1917   151.2  1936   158.5  1887   232.7  2007   921.4  1975
   57.0  1897   25.0  1959   37.1  1924   28.9  1873   32.9  2020   31.2  1941   38.7  1885   41.6  1899   36.2  1972   52.6  1908   55.0  1958   62.5  1879   211.6  1940   149.3  1980   158.0  1899   232.1  1945   918.6  1964
   50.4  1953   24.6  1965   36.7  2012   28.3  1984   32.0  1989   30.8  1942   38.3  1983   38.6  1983   35.4  1986   52.4  1879   54.6  1862   62.1  1917   204.9  2006   148.5  1870   146.9  1870   220.7  1933   905.8  1864
   49.0  1929   24.3  1930   35.1  1900   27.4  1957   30.5  1871   29.7  1995   37.7  1869   38.2  1940   33.5  1894   52.4  1978   51.1  1983   61.4  1892   195.7  1888   147.7  1984   145.0  1984   213.3  1879   902.2  1902
   45.1  1987   23.8  1891   34.5  1892   26.6  2007   29.9  1919   27.7  1940   36.7  1984   38.1  1880   32.9  1941   48.1  1972   49.0  1879   59.0  1905   193.2  1929   147.0  1875   143.9  1955   213.3  1915   900.4  1921
   43.7  1964   23.5  1921   34.2  1953   23.7  1893   28.4  1980   27.6  1949   36.1  1898   31.4  1955   30.1  1907   47.2  1922   46.8  1896   51.4  1926   171.5  1963   141.6  2020   141.1  1913   211.6  1904   900.1  2003
   42.9  1880   21.5  1934   32.8  1893   20.1  2021   26.2  1876   25.4  1887   33.4  1913   26.7  2003   26.7  1910   47.0  2016   46.7  1937   47.1  2010   167.9  1934   138.1  1956   127.9  1983   210.5  1972   897.0  1955
   33.1  1881   19.5  1895   28.7  1931   18.4  1980   22.6  1991   24.6  1889   30.4  1955   24.2  1976   24.9  1865   40.7  1951   44.8  1942   39.7  1963   143.2  1891   127.4  1929   126.8  1869   207.5  1921   863.6  1870
   32.6  1963   17.3  1986   27.9  1944   14.6  1974   22.0  1895   17.4  1921   25.3  1863   18.4  1995   23.2  1959   39.7  1947   35.4  1867   39.4  1890   121.3  1964   123.1  1974   107.3  1976   207.3  1937   834.5  1933
   29.0  1997    9.2  1932   16.6  1929   14.1  1938   19.2  1896   13.9  1925   24.1  1868   10.4  1947   22.5  2014   31.5  1946   21.8  1945   32.9  1933     ---  1862   107.4  1893   105.9  1995   192.7  1922   821.2  1887