Areal values from HadUK-Grid 1km gridded climate data from land surface network
Source: Met Office National Climate Information Centre
Monthly, seasonal and annual total duration of bright sunshine for UK
Areal series, starting in 1919
Last updated 01-Jan-2022 11:00
    jan  year    feb  year    mar  year    apr  year    may  year    jun  year    jul  year    aug  year    sep  year    oct  year    nov  year    dec  year     win  year     spr  year     sum  year     aut  year     ann  year
   69.7  1959  101.3  2008  166.9  1929  225.1  2021  266.9  2020  265.1  1957  256.9  1955  259.4  1947  172.2  1959  120.0  2003   78.9  1925   64.0  2001   193.0  1963   626.0  2020   672.1  1976   341.3  1959  1586.3  2003
   66.5  2001   99.1  2019  157.7  2003  223.0  2020  243.1  1989  264.4  1940  249.7  2006  251.2  1995  160.7  1991  119.6  1959   77.4  2005   56.7  2014   191.7  2018   555.4  1948   664.6  1995   333.1  1971  1579.5  1995
   61.3  1952   98.0  2018  149.8  2012  211.8  2015  240.6  2018  248.2  1925  247.4  2013  240.9  1976  160.0  1928  114.1  1997   77.1  2006   54.4  2008   190.7  2015   530.1  1929   645.8  1989   330.3  2003  1560.1  2018
   60.0  2003   94.4  1970  143.8  1948  205.4  1942  237.8  1948  246.6  1975  244.6  1989  197.7  2003  157.6  1933  113.9  1971   76.0  1988   52.9  1962   189.7  2001   525.3  1990   623.1  1975   314.4  1986  1555.9  1989
   59.6  1963   93.4  2003  143.0  1933  203.3  2007  234.8  1992  243.1  1949  239.4  1990  196.5  1975  151.9  2015  111.5  1919   75.6  1996   50.1  2009   187.6  2000   519.2  2007   615.5  2018   305.9  1996  1548.5  1955
   59.5  1965   92.7  1949  141.8  2007  202.3  2011  225.0  1990  235.8  1960  234.0  2018  190.3  1933  151.6  1971  111.4  2018   75.3  1989   49.8  1946   186.1  2019   513.6  2011   605.1  1949   305.8  1928  1531.3  1959
   59.3  1991   87.7  1988  139.2  2009  201.9  1984  223.5  1980  234.4  2018  226.9  1935  190.1  1983  151.5  1964  108.8  2008   74.3  2016   49.1  1961   184.5  2003   513.0  2009   596.0  1955   305.7  2018  1527.8  1949
   58.4  2015   86.8  2004  138.5  1955  186.9  1990  219.9  2001  231.7  1970  224.3  1934  189.9  1989  150.2  1929  108.7  1922   71.9  1923   49.0  1967   184.0  1949   509.9  2003   591.9  2006   301.8  1997  1497.4  2020
   58.2  2012   84.5  2016  136.1  2020  182.4  1921  217.8  1977  230.8  1969  223.8  1976  183.5  1991  150.1  1986  105.7  1931   70.8  1977   48.6  1929   183.5  2008   506.7  2015   587.3  1933   301.3  1929  1489.5  1929
   57.9  2000   83.0  2001  132.6  1995  181.6  2003  215.7  1935  220.8  1921  221.9  2014  183.3  1919  146.7  1997  104.6  2010   70.8  2017   48.3  1999   179.1  1952   505.4  1955   584.0  1959   301.1  1921  1481.9  1921
   54.7  2017   82.7  1996  132.4  1982  181.4  2010  214.5  1959  220.1  1996  213.0  1984  182.1  2005  146.2  2003  104.5  2016   70.1  2013   47.1  1976   174.0  2004   503.2  1956   575.3  1940   300.2  1964  1481.5  1990
   54.7  1933   82.4  1989  131.7  1967  179.8  1954  213.1  1943  213.8  1930  211.5  1971  181.1  1955  145.0  2020  104.4  1995   69.3  1973   47.0  1960   170.2  1962   499.4  1982   575.2  1996   299.8  2006  1479.5  1975
   53.7  1940   81.7  1960  131.1  1931  177.1  1969  212.5  2009  213.7  1939  210.6  1983  180.8  2016  142.9  2019  102.9  1921   69.1  1947   46.8  1948   168.7  2002   496.3  2010   574.4  2013   299.5  1923  1472.3  2006
   53.5  1931   81.4  2000  130.8  1953  173.8  1948  211.8  1997  213.1  1951  207.4  1995  180.1  1984  142.6  1987  102.3  1999   68.9  1965   46.4  2010   168.1  1989   491.1  1921   574.4  1984   298.3  1999  1465.7  2009
   53.3  1984   80.5  1963  130.7  1924  173.4  1945  211.0  1929  212.3  1950  207.0  1999  179.6  1997  142.5  1921  101.4  1955   67.6  1971   46.2  1957   167.8  1933   488.2  1953   569.7  1947   298.1  2016  1454.4  2019
   53.3  2010   79.3  1934  129.5  1956  172.1  1951  210.7  1971  211.3  1989  204.9  1921  177.8  1959  142.4  1979  101.3  1920   66.5  1985   46.0  2019   167.7  1985   487.3  2021   568.0  2014   294.9  1919  1445.0  2015
   52.7  2009   78.8  1955  126.0  2014  170.9  2002  210.7  1956  210.6  1959  195.9  1943  175.1  2019  141.6  1934  101.3  1981   65.8  1998   46.0  2005   165.0  2010   485.1  2016   565.4  1934   293.7  1955  1444.8  1933
   52.7  1962   77.9  1957  125.8  1973  168.7  2019  210.5  1919  208.7  2010  195.6  1959  174.4  1990  141.3  1940  100.9  1986   64.7  1975   45.7  2012   164.6  2020   484.9  2017   564.0  1921   293.7  2010  1444.5  2010
   52.2  1989   76.9  1928  121.6  1972  168.6  1962  209.4  2000  208.6  1962  194.4  1997  173.8  1926  141.1  2004  100.6  1994   64.1  2003   45.7  1965   164.5  1988   482.2  1942   563.6  1969   289.8  2012  1436.1  2007
   51.7  1979   76.6  1985  121.0  2015  168.0  1946  209.1  1922  207.4  1976  193.9  1928  172.7  1998  140.1  1955   99.6  2007   64.1  1969   45.6  2004   162.1  1959   480.5  1995   559.8  1983   288.4  1988  1427.1  1976
   51.6  1994   75.6  2015  120.9  2011  167.8  1968  208.6  1921  207.4  1933  193.5  1949  172.3  1944  139.0  1954   99.6  1956   64.0  2010   45.3  2003   161.8  2005   476.1  1946   556.5  1935   288.2  1979  1420.0  1997
   50.9  2007   75.3  1999  119.1  1961  167.2  1974  208.3  1946  207.3  1967  191.6  2021  171.5  2000  138.7  1996   99.5  1939   63.3  1986   45.0  1994   161.1  1934   475.2  1943   550.1  1925   286.7  1947  1417.4  2016
   50.8  2019   74.8  2014  119.0  2017  166.3  2013  208.2  2016  206.7  2006  191.6  1996  170.4  1953  138.4  2012   98.8  1965   62.4  1952   44.6  2017   160.3  2009   475.1  1989   547.5  2003   286.2  1975  1416.6  2014
   50.2  1967   74.8  2013  118.9  1943  165.1  1955  207.6  2017  206.0  1995  191.5  1994  169.5  2014  138.0  2006   98.7  1961   62.0  1976   44.3  1951   160.3  2007   474.8  2012   540.1  1950   285.0  1973  1410.9  2013
   50.1  1999   74.4  1973  118.6  1965  163.0  1956  207.2  1975  203.0  2009  189.6  1933  169.5  2007  137.9  2002   98.2  1951   61.8  2018   44.1  2007   159.9  1999   470.9  2019   534.9  1990   284.5  2007  1406.7  1999
   49.9  1980   74.2  1968  116.5  2016  162.7  1980  206.7  1949  197.8  1929  187.4  1969  168.5  1949  137.5  1923   97.6  1952   61.5  1972   44.0  1952   159.4  2012   470.7  1949   532.6  1928   284.0  1987  1406.7  2001
   49.7  2011   74.1  1986  115.8  2010  162.7  1938  206.5  1982  197.6  1920  185.2  1977  167.5  1981  136.0  1949   97.3  1998   61.4  1999   43.9  1984   159.2  2014   468.9  2008   528.3  1926   283.8  1933  1402.2  1935
   49.1  2018   73.6  1952  115.2  2019  162.4  1953  204.0  1966  195.7  1932  183.5  1929  166.5  1937  135.4  1919   96.9  1929   61.3  2012   43.8  1925   159.0  1930   467.5  1980   526.7  1919   283.1  1991  1398.0  1984
   48.2  1956   73.4  2020  115.1  1938  161.9  2006  202.4  2005  194.6  1934  180.0  1975  165.0  1964  134.6  1999   96.7  1936   61.1  1930   43.6  1996   158.5  2006   466.5  1922   526.2  1994   283.0  1995  1398.0  2011
   47.9  1928   72.6  1943  114.7  2008  161.4  2009  201.8  1955  193.5  1986  175.8  1941  164.8  1923  132.4  2018   96.6  1926   60.0  1961   43.5  1979   157.5  1968   466.3  1997   526.1  2009   279.5  2005  1392.2  1943
   47.2  1985   72.5  1933  113.9  1997  160.5  1982  201.0  1942  193.5  1992  173.3  2019  164.3  1973  131.7  1981   96.4  1993   60.0  1948   42.9  1970   156.9  1967   457.5  1935   524.2  1960   279.5  2019  1391.2  2021
   47.2  2005   72.1  2021  113.4  1990  160.4  2016  200.3  2008  192.3  1973  171.8  1951  164.0  1974  130.7  2005   95.6  1975   59.6  1978   42.7  1973   156.7  2013   455.6  2018   523.8  1970   279.4  1981  1389.7  1996
   47.0  1978   71.5  1967  113.3  1944  159.9  1957  199.2  1940  191.9  1941  171.6  1982  163.5  1996  129.8  1937   94.6  1987   59.5  1967   42.6  1935   156.3  1991   454.1  2001   523.7  1999   279.1  1925  1386.9  1948
   46.9  1988   70.8  1946  113.0  1986  159.6  1922  199.2  2010  191.4  1942  171.2  1926  162.5  1935  128.2  2007   94.6  1964   59.3  2009   42.2  2006   155.6  1995   452.2  2002   521.8  1951   277.7  1998  1381.9  2005
   46.9  1934   70.8  1975  112.9  1949  158.3  2017  198.4  2012  191.0  2003  171.2  1950  162.1  1972  128.0  2009   94.5  1985   58.5  2011   42.1  1938   154.8  1977   449.3  1977   520.4  1929   277.7  2015  1381.2  1940
   46.8  1954   70.0  1998  112.8  1962  157.6  1936  197.0  1957  190.0  1974  170.6  1963  161.9  2004  127.7  1990   93.8  1947   58.3  1995   41.6  2013   154.3  2021   448.0  1974   518.9  1957   275.8  1949  1381.1  1919
   46.8  1992   70.0  1983  112.4  1950  156.9  1939  196.2  2004  189.2  1968  169.4  2011  160.6  1993  127.7  1963   93.8  1962   58.2  2021   41.4  1963   153.4  1970   447.9  2000   516.9  1967   275.7  1961  1375.2  2008
   46.7  1986   69.6  1936  111.8  1970  156.5  1995  196.0  1961  188.7  2015  169.2  1924  159.7  1940  127.4  1973   93.4  1980   58.2  1960   41.3  1986   153.3  1956   447.0  1945   513.5  1930   275.0  2011  1369.5  1952
   46.5  1932   69.3  1932  109.5  2002  155.8  1952  195.0  1953  187.2  1919  169.0  1972  159.3  1936  126.4  2011   93.1  1930   57.9  1990   41.0  1964   152.7  1986   446.5  1962   512.0  1941   273.7  1972  1369.3  2017
   46.4  1990   69.0  2005  109.4  1945  153.9  2008  193.9  1978  186.9  1961  168.8  2009  159.3  2001  125.9  1975   92.7  1928   56.8  1979   40.8  1995   151.7  1928   446.4  1959   511.7  1997   273.0  2002  1368.0  1925
   46.4  1945   68.7  1920  109.4  1935  153.3  1994  191.4  1995  183.8  1928  168.2  2017  158.3  1966  125.1  2010   92.6  1941   56.7  2007   40.8  1936   151.5  1955   444.4  1984   510.0  2005   271.6  1989  1367.4  1973
   45.9  1958   68.4  1962  109.2  2004  152.2  1929  190.7  1988  183.2  1926  167.3  1952  157.8  1930  125.1  1988   92.5  1938   56.3  1943   40.6  1932   150.8  2016   437.6  1957   509.0  1977   271.5  1952  1365.3  1934
   45.7  1987   67.7  1939  108.1  1966  151.1  1949  190.5  2011  182.7  1922  167.0  1991  157.7  1965  124.2  1942   92.4  1945   55.9  1950   40.4  2016   150.4  1939   436.6  1938   508.1  2019   270.5  2009  1364.9  1977
   45.7  1946   67.7  2002  107.3  1927  150.9  1925  187.1  1998  182.3  1943  166.7  1925  157.7  1977  124.0  1953   91.9  1983   55.8  1921   40.4  1944   150.2  1946   436.4  1951   506.4  1943   270.4  1985  1363.8  1928
   45.7  1977   67.4  1950  106.0  1934  150.4  1977  186.9  2019  181.9  2021  166.1  1967  157.6  2013  123.9  1935   91.6  1996   55.6  1927   40.2  2000   150.1  1998   434.6  1952   504.3  1974   270.0  1990  1360.0  1951
   45.4  1947   67.3  2007  105.8  1999  149.1  1981  185.6  1952  181.4  1994  165.9  2008  156.8  1945  123.7  1947   91.3  1972   55.4  2001   40.1  1980   149.8  2017   432.8  1939   503.3  1973   268.7  2004  1358.8  1994
   45.4  1982   67.1  2006  105.6  1993  148.4  1965  183.6  1937  181.3  1984  165.2  1948  156.6  1950  123.6  1939   90.5  1927   54.9  1993   39.9  1983   149.8  1936   432.1  1927   501.6  2021   266.0  1940  1358.3  1950
   45.4  2006   67.0  1956  105.6  1923  148.0  1960  183.3  1939  180.3  1936  163.7  1958  156.4  1938  123.4  1960   90.4  2015   54.4  2000   39.6  1926   149.4  1987   430.9  1950   497.6  2015   264.9  2020  1358.2  2000
   45.1  2020   66.9  1990  105.5  1968  147.2  1991  182.4  1960  180.1  1963  162.5  1923  155.5  1961  122.2  1974   90.2  1923   54.4  1949   39.0  1949   148.4  1945   430.9  1954   493.2  2010   264.5  1954  1358.0  1957
   44.8  1957   66.7  1981  105.1  1932  147.1  1973  181.8  1963  178.7  2008  162.0  1946  155.3  1970  122.1  2014   90.1  2012   54.2  1929   38.6  2011   148.4  1997   430.4  1919   487.5  2001   264.1  2008  1356.9  1971
   44.7  1998   66.7  1995  104.2  1994  146.9  1999  181.7  1987  176.6  2014  161.9  2005  155.1  2017  122.1  1944   90.1  2011   54.2  1964   38.1  1955   148.2  1981   430.3  1973   487.3  1962   263.7  1926  1355.5  2004
   44.7  2021   66.0  1930  104.2  1978  146.2  2005  181.7  1984  174.5  2011  161.5  1966  154.9  1928  121.9  1982   89.7  1950   54.1  1937   38.0  1981   148.0  1961   430.2  2005   487.0  1939   263.6  1977  1354.2  1986
   44.5  1949   65.6  1979  104.0  2000  146.2  1927  180.9  1974  170.9  1988  161.0  1964  154.3  2009  120.9  1972   89.1  1977   53.7  1938   38.0  1923   147.3  1994   429.4  2004   486.8  1992   263.2  1922  1353.9  1967
   44.4  1930   65.3  1922  104.0  1941  144.1  2014  178.6  1927  170.9  1945  160.8  2015  153.3  1994  120.4  1943   89.0  1979   53.4  2008   37.9  1990   147.2  2011   427.7  1975   484.5  1952   262.4  1948  1353.2  1970
   43.9  1995   64.5  1969  103.9  1920  144.0  1976  178.5  1936  170.7  1927  160.4  1942  151.6  1968  120.3  1995   88.6  1967   53.1  1935   37.8  1974   146.8  1984   425.9  2006   483.4  1991   261.7  1939  1350.2  1947
   43.2  1920   64.3  1948  103.7  1940  143.1  1943  178.4  1951  170.4  1938  160.1  2001  151.5  1931  120.3  1978   88.5  1969   53.1  2020   37.4  2020   146.8  1979   425.7  1994   483.1  2004   261.6  1943  1345.9  1953
   42.7  2014   63.0  1997  103.7  1958  143.1  1950  177.7  1958  170.1  1952  160.0  2007  151.4  1988  119.5  2021   88.4  2001   53.1  1922   37.2  1943   146.6  1960   423.2  2013   482.6  1961   260.8  2013  1339.5  1974
   42.5  1923   62.8  1937  103.4  1930  140.7  1997  177.4  1996  169.4  2013  158.8  2003  150.9  1992  119.4  2016   88.4  2019   53.1  1928   36.7  1993   146.6  1932   422.1  1968   482.3  1945   260.4  1978  1338.5  1962
   42.3  1976   62.6  2012  103.2  1985  140.0  1958  176.5  1920  168.6  2004  156.6  2016  150.7  1939  119.2  1966   88.4  1973   52.9  1940   36.5  1972   146.1  1983   421.4  1958   481.9  1971   260.1  1937  1337.1  1982
   42.2  1935   62.6  1921  102.4  1937  138.5  1987  176.2  2013  168.1  2001  156.2  1919  150.5  2012  118.2  1958   87.6  1948   52.6  1942   36.5  1982   144.8  1996   420.3  1971   480.9  2000   259.6  1965  1336.9  1960
   42.0  2004   62.3  1987  101.9  2021  136.8  1959  176.0  2006  167.1  1999  156.2  1953  149.6  1999  117.2  1989   87.3  1988   52.4  1957   36.5  1950   144.1  1920   419.0  1944   479.3  1972   257.9  2021  1332.5  1969
   41.8  1997   62.0  1977  101.3  1963  134.7  1972  175.7  1934  167.1  1935  156.1  1985  148.1  2015  117.0  1926   87.0  1984   52.1  1955   36.4  1975   143.9  1975   419.0  2014   478.8  2017   257.7  1930  1332.1  2012
   41.7  1951   61.9  1959  101.1  1954  134.5  2000  175.7  1944  166.1  2005  154.6  1945  147.5  2002  117.0  1961   86.9  2000   52.0  1980   36.2  2018   143.7  1958   418.1  1987   477.3  1968   257.7  1980  1330.0  1956
   41.4  1974   61.7  1953  100.9  1989  134.4  2001  175.4  1950  166.1  1977  154.2  1947  147.1  1960  115.9  1970   86.3  1958   51.8  1970   36.2  1992   142.8  1953   416.5  1961   475.9  1953   257.1  1920  1325.0  1961
   41.3  1981   61.7  2010  100.1  1921  134.3  1983  174.9  1964  163.0  1979  153.9  1956  147.1  1952  114.8  1948   86.0  2002   51.8  1966   36.2  1920   142.7  1973   415.8  1992   473.4  1964   255.5  1967  1322.6  1939
   41.2  1924   61.6  1944  100.0  1974  133.9  1924  174.2  2007  162.9  1985  153.8  2000  147.1  2018  114.6  1998   85.7  1925   51.4  1974   36.1  1954   142.3  1950   415.4  1940   472.1  2016   255.3  2014  1317.6  1988
   40.7  1961   61.6  1945   99.8  1946  133.6  1947  173.8  2015  162.3  1937  152.6  2004  146.7  1927  114.5  1925   85.4  1949   51.1  2014   35.5  1928   142.2  1957   415.2  1965   470.1  2007   254.8  1951  1314.4  1942
   40.6  1939   61.0  1951   99.8  2001  133.3  1970  172.3  1926  161.4  1924  151.2  1940  146.5  1934  113.6  2013   84.9  1943   51.1  1933   35.5  1924   142.2  1964   414.9  1966   470.0  2011   254.3  1993  1309.3  1922
   40.1  1927   60.9  1964   99.6  1976  132.4  1935  171.9  2002  161.2  2020  150.4  1979  146.2  1932  112.2  1980   84.8  2006   50.9  1992   35.3  1997   142.1  1943   411.5  1933   468.5  1936   253.8  1934  1307.8  1946
   40.0  1919   60.9  1941   98.9  1919  131.4  2018  170.6  2003  160.8  1956  150.3  1974  146.1  2010  111.6  1952   84.4  1990   50.8  1954   35.3  1977   142.1  1965   411.0  1999   467.9  1986   253.7  1931  1301.3  1963
   39.8  1964   60.7  1971   97.9  1987  131.2  1989  170.2  1986  160.8  1993  146.6  1973  145.5  1962  111.5  1924   84.3  1970   50.5  1920   35.2  1966   142.0  1990   410.9  1967   466.4  1993   253.2  1942  1297.2  2002
   39.7  1983   60.4  1961   97.8  1922  130.0  1944  169.7  1979  160.0  1978  145.7  1987  145.4  1969  109.5  1985   84.1  1992   50.2  1982   35.1  1991   141.2  1992   410.8  1970   465.4  1982   252.9  1938  1295.8  1945
   39.2  1943   60.4  1925   97.2  1975  130.0  1928  168.2  1994  159.7  2019  145.3  1986  145.1  2020  109.0  1994   83.1  1944   50.1  1926   35.0  1933   139.7  1978   410.6  1924   464.1  1932   252.5  1974  1293.9  1991
   38.8  1929   59.6  1938   95.0  1959  128.9  1932  165.6  1970  159.0  1983  145.0  1993  144.6  1982  108.6  2000   83.1  2009   49.9  1956   34.4  1998   139.6  1974   410.3  1978   462.7  1963   251.9  1970  1292.9  1926
   38.7  1925   59.4  1992   94.3  1925  128.9  1923  165.5  1947  158.7  1965  144.2  2020  144.3  1941  108.4  2017   82.5  2004   49.5  1959   34.4  1940   139.3  1937   409.7  1986   462.2  1942   251.9  1963  1290.2  1930
   38.4  1922   59.1  1994   93.2  1952  128.7  1988  165.1  1962  158.0  1955  142.5  1992  144.3  1979  108.1  1932   82.4  1953   49.0  2002   33.8  1945   139.2  1951   408.6  1988   461.2  1966   251.7  1969  1286.6  1979
   38.1  2008   59.1  1991   92.5  1939  127.4  1967  164.2  1945  156.6  1946  141.9  1930  143.5  1967  107.8  1951   82.2  1924   48.9  1951   33.4  1988   139.1  1931   405.1  1963   458.0  1985   251.6  2001  1286.0  1938
   37.8  1941   57.5  1931   91.0  1926  126.9  1998  161.1  1993  156.1  1947  141.3  1960  140.8  1987  107.7  2001   82.0  2014   48.4  1963   33.0  1941   138.3  1947   404.7  1960   457.7  1979   251.6  2017  1283.0  1992
   37.6  1936   57.4  1978   89.9  1979  126.7  2012  160.7  1931  155.6  2000  140.2  1961  139.2  1929  107.4  1967   80.5  1932   48.1  2019   32.9  1921   137.3  1982   402.3  1931   457.4  1938   251.2  1994  1273.8  1923
   37.3  1938   56.9  1919   89.2  1988  126.6  1933  160.5  1928  155.5  2017  139.5  2002  138.9  1985  107.1  1968   80.5  1978   48.1  1931   32.8  1939   136.9  1980   400.9  1972   454.3  1946   250.4  1953  1271.5  1964
   37.3  2016   56.7  1954   88.0  2006  126.4  1986  160.4  2021  149.3  1953  138.4  2010  138.3  1921  106.7  1938   80.2  2021   48.0  1919   32.7  1953   136.6  1971   400.8  1936   453.9  1923   250.3  1966  1271.4  1972
   37.1  1953   56.0  1927   87.4  1971  124.0  2004  160.0  1985  149.2  1982  138.2  1922  136.9  1951  106.5  1957   79.3  1966   48.0  1991   32.4  1937   136.6  1922   398.9  1934   452.5  1988   250.3  1944  1269.0  1985
   36.9  2002   55.5  1974   85.9  1951  123.3  1975  158.9  1938  149.2  2002  136.8  1970  136.6  1956  105.3  1920   79.1  1989   47.3  1936   32.4  1922   136.2  1954   395.9  1925   451.3  1956   250.0  1935  1261.5  1983
   36.9  1960   54.7  2017   83.6  2018  122.2  1971  158.5  1923  148.2  1972  136.6  1981  135.7  1946  103.7  1977   78.8  1974   46.8  1987   32.2  1919   135.7  1927   394.9  1976   450.5  2020   250.0  2000  1259.1  1936
   36.9  1972   53.9  1982   81.6  2005  122.1  1963  158.3  1999  148.0  1948  136.5  2012  135.5  2006  103.6  1930   77.1  2013   46.5  1981   31.8  1985   134.6  1925   393.0  1923   449.4  1924   249.2  1958  1258.9  1965
   36.6  1955   53.6  1984   81.3  1980  121.8  1985  157.4  1973  147.5  1964  136.5  1968  135.3  1925  103.0  1993   76.5  1946   46.2  1924   31.5  1968   133.1  1941   392.1  1969   448.8  1927   247.5  1950  1258.0  1998
   36.1  2013   53.5  1935   81.2  1977  121.1  1919  157.0  1930  146.8  1944  135.4  1978  130.3  1957  102.9  1992   76.4  1942   45.1  2004   31.1  2002   131.1  1944   385.1  1998   448.4  2008   243.0  1927  1256.0  1980
   35.9  1950   53.2  2009   80.8  1957  120.7  1926  153.2  1941  145.7  1931  133.3  1998  129.1  1986  101.9  2008   76.3  1937   45.0  1944   30.8  1931   129.6  1924   385.0  1985   448.4  1920   242.4  1960  1247.6  1968
   35.7  1937   53.1  1942   80.8  1969  120.5  1996  151.8  1967  143.5  1981  133.1  1962  128.4  1971  101.9  1950   75.8  1963   44.7  1958   30.5  1958   129.4  1938   384.0  1926   447.6  1981   241.9  1936  1246.7  1927
   35.5  1926   51.6  1958   80.7  2013  120.3  1979  151.4  1976  141.9  1971  131.4  1927  128.2  1943  101.4  1922   75.2  1933   44.3  1968   30.3  1942   129.0  1921   380.3  1930   447.0  1937   240.8  1956  1242.3  1987
   35.3  1975   51.1  2011   80.6  1991  119.9  1930  150.7  1925  141.4  1966  130.7  1938  128.1  2021  100.0  1931   74.7  1954   44.3  1932   29.8  1987   127.2  1976   379.9  1979   446.0  1998   239.9  1924  1240.0  1981
   34.9  1948   50.4  1924   78.7  1947  117.2  1934  150.0  1954  141.3  1980  130.2  1988  127.4  1920   99.1  1969   74.4  1991   44.0  1953   29.6  1969   127.1  1969   378.7  1993   443.5  1922   238.0  1992  1238.3  1941
   34.3  1968   50.2  1929   75.8  1942  116.4  1964  148.8  2014  140.6  2007  130.1  1980  126.2  2011   98.0  1936   73.6  1957   43.7  1984   29.5  1978   126.6  1948   377.9  1947   437.3  1965   236.5  1982  1230.5  1966
   33.4  1942   48.6  1976   74.6  1928  112.4  1940  148.8  1968  140.0  1998  128.9  1936  125.9  1980   97.8  1984   73.0  1935   42.1  1983   29.1  2015   124.6  1929   376.7  1937   436.2  2002   232.9  1932  1229.8  1944
   33.0  1971   46.8  1923   74.3  1960  112.2  1978  148.3  1965  138.4  1954  123.5  1957  122.7  1978   97.6  1941   72.4  2017   41.8  1945   28.7  1989   122.9  1940   375.9  1920   426.3  1944   232.6  1957  1229.5  1920
   32.8  1993   44.1  1972   73.2  1981  112.0  1993  146.1  1991  137.8  1997  123.4  1920  122.6  1922   97.6  1962   72.2  1934   41.6  1994   28.2  1930   121.8  1923   374.0  1991   423.1  1948   231.5  1941  1227.0  1924
   32.2  1944   43.5  1980   72.1  1983  110.8  1992  146.0  1924  134.7  2016  122.6  1939  118.8  1924   96.9  1927   71.7  1940   41.3  1941   28.1  1959   121.0  1926   367.0  1981   418.1  1978   230.8  1962  1222.7  1978
   31.7  1973   43.0  1947   71.2  1998  110.5  1931  144.7  1981  132.9  1991  122.2  1932  118.3  1958   96.0  1983   71.4  2005   41.0  1997   27.9  1971   119.6  1942   365.1  1928   414.0  1958   229.9  1983  1214.8  1937
   31.2  1969   42.2  1993   70.2  1992  105.8  1941  144.6  1972  132.1  1958  120.9  1965  114.3  1954   95.8  1946   66.8  2020   40.0  1934   27.6  2021   116.7  1935   363.0  1941   412.3  1931   228.4  1984  1213.8  1932
   30.2  1921   41.8  1926   64.9  1964  102.8  1966  142.0  1933  126.7  1923  120.0  1954  112.0  1963   95.0  1976   65.1  1976   39.4  1962   27.5  1947   114.6  1966   361.0  1996   402.4  1987   224.7  1945  1212.7  1958
   29.7  1966   41.5  1965   64.7  1936  101.4  1961  134.2  1969  121.1  1990  118.2  1937  110.4  1942   91.9  1965   64.3  1982   38.8  1946   26.9  1927   111.2  1993   360.4  1932   400.8  2012   222.1  1976  1211.0  1993
   29.4  1970   39.2  1966   63.0  1996   95.4  1920  126.4  1932  115.9  1987  115.1  1931  109.9  1948   91.3  1956   60.8  1960   38.6  1939   21.0  1934   108.9  1972   356.2  1964   397.3  1980   211.2  1946  1210.0  1931
   21.4  1996   36.4  1940   60.8  1984   90.7  1937  115.9  1983  113.9  2012  107.2  1944  103.8  2008   90.5  1945   56.8  1968   35.5  2015   19.5  1956     ---  1919   322.3  1983   372.7  1954   208.2  1968  1207.7  1954