Areal values from HadUK-Grid 1km gridded climate data from land surface network
Source: Met Office National Climate Information Centre
Monthly, seasonal and annual total duration of bright sunshine for Wales
Areal series, starting in 1919
Last updated 01-Jan-2022 11:00
    jan  year    feb  year    mar  year    apr  year    may  year    jun  year    jul  year    aug  year    sep  year    oct  year    nov  year    dec  year     win  year     spr  year     sum  year     aut  year     ann  year
   81.7  1933  107.2  2008  204.6  1929  231.8  2021  285.8  2020  286.8  1957  297.5  1955  274.8  1947  196.4  1959  122.6  1919   89.4  1925   73.1  2001   223.2  1963   647.1  2020   684.4  1976   354.5  1959  1652.9  1929
   76.7  1940  104.7  2019  167.5  2003  221.5  2007  262.5  1948  283.1  1925  285.4  2013  266.4  1995  175.9  1933  119.0  1975   82.6  1923   64.3  2008   209.6  1933   609.0  1948   680.3  1989   347.3  1971  1629.2  1955
   74.3  1963   97.9  1986  167.5  1948  219.3  2020  251.0  1977  278.6  1940  269.4  1990  257.3  1976  169.6  1929  118.5  1965   81.8  1988   63.2  1948   203.4  1934   601.1  1929   679.1  1995   328.4  1921  1627.7  1949
   69.5  1959   96.9  1934  162.3  1955  216.8  2015  243.9  1990  262.7  1975  261.2  1984  218.6  1955  165.5  1971  118.1  1994   78.3  2006   59.9  1962   199.0  1949   544.4  2007   667.1  1949   328.4  1955  1608.6  1995
   68.9  2001   96.5  2004  154.4  2011  213.6  1984  238.6  1989  261.0  2018  254.4  2006  214.9  1983  165.5  2015  117.2  1971   76.9  1989   58.5  1961   194.2  2003   543.1  1956   648.2  1955   326.9  1933  1590.8  1959
   68.4  2003   95.8  2018  153.4  2012  207.8  2011  233.7  1992  256.3  1949  254.3  1989  210.8  1989  164.4  1991  117.0  1962   75.3  2005   56.8  1963   190.8  2008   541.4  2010   646.4  2018   321.5  1999  1587.4  1921
   62.9  2009   91.4  1949  148.6  1924  206.3  1938  232.2  2018  248.7  1969  246.9  2018  201.3  2005  163.4  1940  116.1  2010   74.9  1967   54.7  1960   188.9  1952   539.9  1953   640.7  1975   319.5  1975  1576.7  1989
   61.9  1965   89.0  1963  147.9  1953  206.3  1954  232.1  1975  245.1  1960  240.5  1983  198.0  1975  161.2  1921  116.0  1921   71.6  1965   54.2  1996   186.2  2001   536.3  1990   631.8  1940   316.4  2010  1569.3  1975
   61.7  1952   88.6  1996  144.4  1956  202.2  2010  230.5  1921  239.1  1921  239.4  1971  196.6  1933  160.5  1928  116.0  1997   71.3  1933   53.1  1944   182.5  2010   532.1  2011   630.0  1984   315.9  1929  1566.8  1933
   60.3  2006   87.1  1956  142.1  2020  201.8  1921  228.4  1956  236.7  2010  235.7  1934  193.7  1937  156.5  1964  114.8  2018   70.7  2016   53.0  1957   181.0  1985   527.6  2003   626.4  2013   315.0  2006  1543.1  2018
   60.1  1991   87.1  1975  141.8  1933  198.8  1945  226.8  1929  235.7  1942  232.5  2014  192.4  1944  155.4  1996  114.3  1922   69.3  2010   53.0  1933   178.6  2004   525.0  1921   625.7  1959   312.4  1964  1542.8  2003
   60.0  1931   86.7  2003  141.5  1944  189.5  1969  224.9  1971  234.3  1929  228.1  1921  191.8  1959  154.0  1955  114.3  1931   69.0  1995   52.7  1970   177.2  2015   512.7  2016   616.1  2014   312.4  1986  1537.8  1990
   59.1  2010   86.7  1970  140.4  1973  187.0  1953  223.3  1980  232.1  1930  226.4  1999  189.4  1998  153.7  2020  114.1  1947   68.4  1986   52.6  1929   176.1  1959   511.2  1955   609.0  2006   312.0  1995  1531.1  2010
   58.8  1945   84.0  1933  139.5  1949  186.1  2003  221.7  1949  229.7  1939  225.4  1949  189.0  1919  153.2  1954  113.7  1959   66.9  1996   52.0  1946   175.3  1945   505.0  1946   605.9  1934   310.1  1919  1494.3  1984
   58.8  1979   83.4  1988  139.1  2007  185.4  1990  221.4  1966  228.2  1959  220.8  1935  186.4  2003  152.3  2002  109.4  1951   65.9  1955   51.6  2014   175.1  2018   504.8  2021   605.4  1925   308.1  1988  1493.0  1940
   57.4  1992   83.1  1952  138.4  1967  185.3  1951  219.9  1959  227.4  1932  214.2  1997  185.4  1949  151.3  1986  109.1  1999   64.5  1971   51.3  2009   171.7  2009   504.1  1949   604.2  1921   306.6  2003  1485.9  2020
   57.1  1980   82.9  2001  133.8  1943  184.7  1942  218.9  1997  223.6  1962  212.4  1976  183.1  1984  150.5  2019  108.6  1993   64.2  2014   49.0  2007   170.2  1962   503.7  1922   600.8  1983   305.9  1928  1485.3  2006
   56.9  1989   82.8  1985  133.7  1982  179.0  1948  216.4  1957  222.2  2006  209.1  1928  181.3  2007  150.4  1949  108.5  1955   64.1  1952   49.0  1943   169.2  1930   501.7  1943   598.2  1996   303.6  1923  1483.7  2014
   55.5  2011   81.5  1968  132.2  1931  178.4  1922  216.3  2016  221.6  1950  206.5  1943  181.3  1991  149.1  1999  108.3  2003   64.0  1998   48.8  1992   166.0  2002   498.2  1944   584.6  1933   297.9  2016  1475.2  2007
   54.9  1985   80.3  2000  130.7  2009  175.3  1995  215.6  2017  220.2  2015  206.0  1996  181.1  1935  148.5  1966  107.8  1995   63.7  1977   48.2  1995   165.6  1986   497.9  2015   579.1  1969   297.7  2018  1468.2  1953
   54.5  1987   80.0  1983  127.8  2010  174.3  1939  213.5  1998  220.2  2014  205.7  1959  180.9  1972  148.3  1939  107.1  1939   63.3  1999   48.0  1965   165.5  2000   494.8  1982   575.2  1929   297.6  1996  1466.8  2015
   54.2  1997   79.9  1957  127.4  1995  173.3  1946  211.4  1935  218.7  1996  203.4  2021  180.4  1964  148.0  2014  106.8  2016   63.3  1975   47.7  1935   165.4  1988   485.3  1995   570.0  1947   297.6  1925  1464.3  1919
   53.5  1934   79.7  1955  126.8  1972  172.8  1974  211.4  2010  218.2  1951  202.9  1977  177.4  1981  147.6  1990  104.4  1920   63.0  1969   47.7  1925   165.2  2006   484.8  1997   566.0  1990   296.0  2002  1463.9  1943
   53.3  1994   78.2  1989  126.6  1946  172.2  2016  210.9  1961  217.1  1995  199.1  1933  176.8  1940  147.2  2006  103.4  1953   62.6  1985   46.8  1938   164.6  1998   481.9  2012   563.3  1919   294.6  1972  1462.4  1925
   53.0  1946   78.1  1932  126.5  2014  171.7  1960  210.5  1943  215.3  1989  197.5  1929  176.4  2019  144.6  1972  103.4  1927   62.4  1990   46.7  1920   164.5  1997   481.0  1938   563.2  1935   293.1  1990  1448.5  1976
   52.5  2015   77.5  1959  126.3  1965  171.3  1925  209.4  1922  214.6  1976  195.6  1995  175.7  1923  138.6  1923  102.7  2007   62.2  1976   46.6  2004   164.2  1991   478.8  1984   551.6  1957   292.5  1987  1446.7  2013
   51.1  1928   75.8  2016  126.3  1932  170.8  1982  208.0  2005  214.0  1961  195.2  1994  174.9  1965  138.0  1987  101.2  1941   62.0  1961   46.4  1967   161.4  1956   478.0  2009   550.6  1928   291.2  1947  1445.7  1948
   50.9  1978   74.7  1967  124.1  2016  170.4  1956  207.2  2012  213.2  1926  191.5  1951  174.2  1990  138.0  1937  100.9  1952   61.7  1993   45.8  1976   161.4  1920   476.4  1989   548.8  1926   290.2  1939  1437.9  1996
   50.6  1998   74.1  1920  122.9  1962  169.8  1929  206.1  2001  213.1  1967  188.7  1941  173.5  1996  137.1  1919  100.7  1956   61.6  2011   45.5  2010   160.0  1996   475.5  2017   548.6  1951   288.7  1991  1434.8  2011
   50.5  1929   74.0  1928  120.7  1950  169.5  1980  205.8  1944  210.7  1934  188.4  1969  172.2  1953  137.1  1975  100.5  2008   61.6  1972   45.1  1923   158.9  1979   474.3  1935   547.3  2005   288.1  1940  1431.7  1935
   50.3  2012   73.8  2014  119.9  1938  167.4  1973  205.1  1946  210.7  1970  185.0  1953  171.1  1939  136.7  2003  100.5  1943   61.5  2003   44.5  2003   158.9  2005   472.3  1977   544.5  1999   287.9  2014  1430.9  1934
   49.7  1942   73.2  2015  119.2  2015  164.4  1962  205.0  1953  199.2  2011  183.0  2000  170.9  2016  136.3  1979   98.7  1969   61.5  1973   44.5  1983   158.6  1989   471.7  1954   544.4  1950   287.4  1966  1430.4  2016
   49.3  1954   72.6  1954  116.8  2004  163.8  1936  204.8  2004  198.4  1992  181.8  2019  170.5  1936  135.2  1995   97.4  1936   61.0  1964   44.0  1951   158.5  2019   471.2  1980   543.7  1960   287.1  2015  1418.1  2019
   49.0  2017   72.1  2010  115.8  1922  162.9  2006  203.7  1978  198.3  1973  180.0  1975  169.9  1926  133.6  2005   96.8  1945   61.0  1948   44.0  1932   157.1  1940   468.2  1945   540.3  1941   286.1  1937  1417.6  1997
   49.0  1967   72.0  1930  115.6  1945  162.5  2002  200.6  2000  197.6  2009  179.5  1919  169.4  1966  131.4  1934   96.8  1987   60.5  2013   44.0  2012   156.9  1967   464.3  1975   538.9  1961   285.5  2007  1415.8  2005
   48.3  1919   71.9  1948  115.4  1935  161.7  1955  200.3  1939  196.0  1941  178.8  1925  168.3  2000  131.2  2007   96.7  1929   60.3  1937   43.6  1973   156.6  1968   464.0  2019   533.5  1943   285.2  1997  1414.2  2001
   48.1  1962   71.8  1998  114.7  1961  161.7  2017  198.3  2019  194.8  1919  177.5  2011  166.9  1997  131.1  1988   96.3  2001   60.2  1935   43.4  1952   155.6  1987   463.9  1957   533.4  2015   284.0  1949  1413.0  1957
   47.6  2000   71.8  1951  114.1  1968  161.4  1957  197.9  1950  193.6  1943  177.3  1924  166.4  1928  131.0  2010   95.2  1988   59.5  1957   43.3  1984   154.6  1941   460.0  1973   531.7  1930   283.7  1965  1407.3  1928
   47.6  1941   71.6  1944  114.1  1997  160.5  1968  197.4  1919  193.3  1922  177.1  2017  163.3  2014  130.8  1963   95.1  1928   59.1  1947   43.2  1964   154.0  1970   457.1  1942   528.8  1977   283.2  1952  1406.2  1956
   47.2  1984   70.7  2007  113.2  1985  159.4  2013  196.7  1984  190.1  2008  176.4  1940  163.0  1945  130.3  1973   94.9  1964   58.8  1980   43.2  1979   153.8  1936   457.0  1950   527.9  1967   283.1  2005  1400.5  1939
   47.2  1988   70.5  1939  111.3  2000  157.4  1943  194.3  1988  189.0  2003  176.1  1985  163.0  1974  130.1  2004   93.4  1977   58.3  2012   42.2  1997   152.9  1954   455.5  1962   526.9  1942   280.5  1993  1390.1  1973
   47.1  2007   69.3  1943  111.0  2019  157.1  1965  193.8  1940  189.0  1968  175.6  1968  162.7  1973  129.0  2009   93.3  1966   58.2  2018   42.0  2005   151.8  2011   453.4  2000   526.1  1968   276.0  1979  1389.5  2009
   46.9  1947   69.2  1936  110.7  1940  156.9  2009  193.0  1937  188.9  1933  174.1  2005  161.5  1968  128.8  1978   92.7  1986   57.7  1987   41.9  1919   151.1  2020   452.7  1974   525.4  1953   275.4  1953  1387.6  1971
   46.8  1982   69.0  2013  110.6  1958  156.4  2008  191.4  1987  188.0  2013  172.6  1946  160.2  1993  128.8  1944   91.1  1950   57.6  1927   41.8  1939   150.3  2007   452.3  1939   520.8  1973   275.2  1973  1386.3  1977
   46.5  1956   68.9  1921  109.9  2008  155.3  1976  191.0  1942  186.7  1974  170.0  1979  159.8  2004  127.9  1967   90.7  1926   56.7  2002   41.1  1994   149.7  1932   450.2  2008   514.2  1939   274.4  2019  1386.1  1962
   45.9  2020   68.4  1941  108.9  1937  154.7  2019  190.4  2009  186.1  2004  169.5  1942  159.4  1934  127.6  1997   90.5  2015   56.3  2017   41.0  2019   149.7  1951   442.8  1924   510.7  1994   274.1  1943  1384.1  2021
   45.7  1958   68.4  1960  108.8  1954  154.4  1994  190.3  1982  185.7  1984  166.6  1950  159.2  1961  124.7  1981   90.2  1983   55.8  1950   40.3  2016   149.6  1964   442.8  2013   509.0  2003   271.1  1967  1383.4  1922
   45.5  1950   68.3  1981  107.3  1986  153.6  1988  190.2  1927  185.6  1963  166.6  2015  157.6  1987  124.7  2018   90.2  1979   55.6  1938   40.3  1986   149.3  2013   441.5  2002   507.1  2000   270.9  2020  1382.9  1951
   45.4  1920   67.5  2005  106.9  1990  151.8  1997  187.7  1936  181.9  1993  166.4  2001  157.3  1931  124.0  1925   89.9  2004   55.0  1930   39.9  1926   149.0  1958   441.5  2018   504.9  2011   270.8  1920  1377.4  1967
   45.0  1990   66.9  1922  106.8  1974  150.9  1944  187.2  1955  180.2  1988  166.3  1972  156.2  1950  123.8  1953   89.9  1944   54.6  1943   39.9  1924   148.8  1931   440.0  1927   502.5  2021   270.0  2012  1377.0  1950
   44.8  2005   66.8  1919  106.8  1934  149.9  1987  186.4  1952  179.2  2001  165.7  1961  155.6  1941  123.5  1942   89.5  2006   54.5  1936   39.2  1936   148.7  1939   438.7  1951   501.0  2001   268.8  1961  1375.7  1961
   44.8  1935   65.5  1991  106.4  1927  149.6  1977  185.4  1996  176.7  1956  165.7  1926  155.4  2001  123.3  2012   89.2  1985   54.1  2020   39.1  1950   148.7  2014   438.4  2004   498.5  1962   268.6  1931  1374.7  1942
   44.5  1930   65.1  1925  105.5  2021  149.2  1924  185.1  1934  175.0  1928  164.8  1967  153.8  1977  122.9  1960   88.4  2012   53.7  1963   39.0  2002   148.7  1944   438.2  1965   498.1  2019   266.8  1922  1373.4  1960
   44.4  1949   64.5  2021  105.3  1978  148.1  2014  184.8  1923  174.7  1952  163.6  1966  153.7  1930  121.1  2021   88.4  1972   53.5  1978   38.6  1990   148.4  1924   437.2  1959   496.6  2010   266.4  1985  1370.0  2004
   44.1  1922   64.2  2020  105.0  2002  147.5  1935  183.9  2008  174.6  1986  163.4  1922  153.2  1956  120.7  1935   87.8  1937   53.4  1942   38.6  1940   148.2  1955   436.7  1933   495.9  1971   263.7  1998  1369.8  1999
   43.9  1999   63.6  1962  104.7  1976  147.4  1972  183.7  2007  174.1  2021  162.6  2007  153.1  2013  120.4  2016   87.6  1984   52.8  1924   38.4  1980   147.8  1928   435.4  2001   495.3  1932   263.4  2011  1366.9  1952
   43.8  2018   63.4  1945  103.6  1970  145.7  1989  183.6  2013  173.4  1938  162.2  1987  151.3  1994  119.8  1961   87.0  2002   52.5  1960   38.4  1968   146.6  1975   434.2  1978   495.2  1992   262.8  1927  1357.8  1969
   42.1  1924   62.9  2006  101.1  1966  144.9  1933  182.6  1995  173.2  1999  159.8  1973  150.8  1960  119.0  1943   87.0  1938   52.1  1949   37.8  2013   145.9  1965   433.8  1919   495.1  1997   260.6  2008  1354.0  2008
   41.6  1923   62.8  1979  100.4  1994  144.8  1999  174.9  1986  172.1  1965  159.5  1982  150.4  1979  118.3  2011   86.9  1961   51.7  2007   37.6  1999   145.5  1922   431.1  2005   494.7  2009   260.6  1962  1351.0  1944
   41.5  1972   62.2  1942  100.3  1975  143.6  1981  174.4  1926  172.1  1977  156.1  1948  150.3  1992  118.2  1952   85.9  1981   51.4  2021   37.3  1978   145.4  1992   430.9  1988   494.1  2004   258.3  1977  1347.8  1965
   41.3  1953   61.2  1924  100.3  1920  143.3  1927  174.1  2002  171.8  2005  155.4  2008  150.1  1967  117.9  1947   85.9  1930   51.3  1931   36.8  1928   144.9  1929   429.7  1987   493.2  1970   258.1  2009  1340.4  2000
   40.7  1932   61.0  1927  100.2  1963  143.0  1958  173.9  2003  170.8  1920  154.9  1991  149.5  2009  117.2  1970   84.9  1998   51.2  1968   36.6  1949   144.6  1984   428.5  1971   492.9  1993   258.1  1954  1340.4  1988
   40.7  1957   60.8  1987   99.9  1941  142.8  1949  173.0  1974  169.8  1945  154.9  2016  149.5  1952  115.4  1920   84.2  1925   51.1  1921   36.6  1937   144.1  1981   425.9  1960   485.6  1974   258.0  1994  1337.8  1947
   40.3  1974   59.8  2012   99.7  2013  142.5  1983  172.3  1960  168.4  1927  154.3  1956  149.2  1927  115.3  1932   83.7  1924   51.0  1920   35.8  1991   144.1  1957   425.3  1968   484.5  2017   256.8  2004  1326.0  1945
   40.1  1927   59.2  1973   98.3  2017  141.7  1919  171.8  1951  168.2  1953  153.1  1923  148.5  2002  114.8  1998   83.4  2011   50.8  2008   35.5  1969   143.5  1946   423.1  1934   484.2  1956   256.5  1989  1324.7  1946
   39.8  1977   58.8  1990   97.9  1925  141.6  2005  171.1  1963  164.3  1994  151.3  1963  147.5  1988  114.7  1980   83.4  2009   50.5  1951   35.5  2017   143.1  1942   422.9  1952   478.5  2007   256.0  1936  1324.6  1941
   38.7  1951   58.6  2002   96.7  1952  141.5  2000  171.0  1985  162.2  1985  150.8  1993  147.4  2010  114.5  1985   83.4  1973   50.4  1919   35.4  1981   142.1  1974   422.2  1961   476.0  1979   255.9  1978  1318.3  1985
   38.4  1966   58.5  1938   94.7  1919  140.8  1979  169.9  2011  161.3  1935  148.5  1952  146.9  1932  113.8  1982   83.3  1948   50.2  1926   34.8  1987   142.1  1921   421.3  1966   475.2  1965   253.6  1941  1317.6  1983
   38.3  1948   58.5  1931   94.6  1923  140.5  1928  169.0  1928  160.7  2017  148.4  1964  146.7  2017  112.1  1989   83.1  1990   50.2  1928   34.6  1954   142.0  1961   419.3  1940   474.6  1966   253.6  1980  1317.4  1923
   37.5  2004   58.2  1976   93.2  1959  140.2  1991  168.2  1962  157.8  2020  148.3  2004  146.6  2015  110.1  1993   82.3  1923   49.7  1932   34.5  1921   141.0  1927   419.2  1998   473.8  1985   253.2  1963  1317.4  2017
   37.4  1981   58.1  1974   93.2  1969  139.8  1952  167.5  2021  157.5  1944  147.7  1960  146.3  1970  109.8  1930   82.3  1991   49.6  1979   34.4  2000   140.9  1977   417.3  2014   472.6  1922   253.0  2001  1316.5  1994
   37.3  1926   57.6  1929   92.7  1921  139.7  1947  167.0  1941  156.2  1982  147.6  2009  144.9  1999  109.3  1984   81.8  1970   49.6  1929   33.6  1972   139.9  1953   416.3  1958   472.6  1952   252.2  1942  1313.3  1986
   37.1  1960   57.6  1923   92.4  1930  138.4  1950  164.0  1920  155.8  2000  147.1  1958  143.6  1925  109.3  2008   81.5  1949   49.2  1974   33.4  1985   139.5  1947   414.9  1969   469.2  1972   251.8  1981  1311.0  1963
   37.1  2014   57.4  1946   92.1  1989  137.4  2001  162.7  1958  155.6  1979  146.5  1992  143.4  1929  108.9  1941   80.8  1946   48.8  1945   33.2  1966   139.4  1983   414.4  1992   467.6  1923   251.5  1944  1306.8  1968
   37.0  1936   56.0  1964   91.9  1999  133.4  1998  162.3  1979  154.5  1937  146.0  1980  142.0  1969  108.5  2001   80.7  1958   48.4  1922   33.0  1945   138.6  1925   413.0  1925   467.0  2016   250.7  1938  1304.0  1982
   36.7  1964   56.0  1997   91.8  2001  132.2  1926  161.9  2015  153.1  1947  145.9  1930  139.0  1951  108.2  1938   80.4  1932   48.2  2001   32.5  2006   138.3  1980   411.5  1976   466.3  1945   250.7  1930  1303.5  2012
   36.6  2016   55.7  1994   90.8  1993  131.9  1975  160.7  1964  152.1  1936  144.7  2012  138.5  2018  105.8  1968   80.1  1980   48.2  1953   31.7  1977   138.3  2012   411.3  1937   466.3  1991   249.6  2021  1302.7  2002
   36.5  1995   55.3  1977   88.4  1987  131.2  1934  159.4  1970  150.1  1946  143.8  2002  137.4  1962  105.8  1974   79.6  1933   46.5  1982   31.2  1998   137.9  1971   411.1  1936   465.1  1937   248.0  1935  1302.5  1987
   36.4  1943   55.3  1953   86.2  1957  127.2  1970  157.8  2006  148.5  1958  143.1  2020  137.1  1921  104.1  1958   79.3  2019   46.2  1954   31.2  1941   137.8  1948   408.3  1967   460.4  1964   246.2  1948  1299.4  1938
   36.4  2013   55.2  1982   85.2  1991  125.3  1978  157.0  1991  146.8  1978  142.1  1947  136.4  1938  104.1  1936   79.3  1940   45.9  1956   31.0  1953   137.3  1982   407.2  1972   457.7  1963   245.4  1932  1298.9  1991
   36.3  1976   54.1  1969   85.0  2006  124.8  1986  156.7  1954  145.4  1983  137.4  1962  136.3  1957  104.0  1922   77.2  1974   45.9  1962   30.9  1931   136.8  1994   407.0  1986   452.1  1998   245.1  1969  1298.3  1970
   36.0  2019   53.8  1935   84.7  2018  124.6  2018  154.8  1965  145.2  1954  136.3  1970  135.5  1985  104.0  2017   77.1  2021   45.7  1983   30.8  1971   135.1  2016   406.9  1985   450.1  1982   243.8  1950  1297.7  1974
   35.0  1961   53.7  1999   83.0  1988  124.3  1971  154.7  1938  143.4  1948  135.9  1974  134.4  1982  103.7  2000   76.4  2000   45.7  2009   30.3  1930   132.3  1943   405.6  2006   449.2  1946   243.6  1960  1293.2  1979
   34.6  2008   53.6  1971   83.0  1964  124.1  1959  154.3  1947  142.9  1924  133.6  2003  134.1  2012  103.0  1931   75.7  2014   45.5  1966   29.9  2020   132.2  2017   401.9  1923   448.5  1944   243.6  1970  1291.8  1926
   34.4  2021   52.9  1984   82.0  1960  123.9  1996  154.1  1993  141.6  1966  133.5  1981  133.4  1943  102.6  1994   75.3  1996   45.4  1940   29.8  1982   132.2  1990   397.7  1994   447.3  1988   242.5  1926  1290.9  1972
   34.4  2002   52.3  1961   81.7  1951  122.7  1985  153.8  1945  141.2  2016  133.5  1945  132.8  1978  101.9  1948   75.3  1942   45.3  1984   29.3  1922   131.9  1960   390.2  1970   446.8  1924   242.2  1984  1290.7  1966
   34.3  1986   52.2  1992   81.5  2005  122.5  1923  152.3  1973  141.0  2002  132.5  1978  132.4  2006  101.8  1927   74.3  2005   44.6  2019   29.1  1958   131.1  1978   389.0  1928   442.9  1927   241.0  1951  1288.5  1998
   34.1  1938   50.8  2011   81.5  1942  122.4  1964  151.5  1976  139.9  2019  128.6  1957  128.2  2011  101.6  2013   73.6  1978   44.6  1970   28.7  1974   129.2  1950   384.2  1926   440.0  1981   237.8  1924  1285.5  1992
   33.8  1955   50.2  1958   79.4  1928  121.3  2012  150.6  1968  139.5  1931  128.2  1965  127.1  1920  101.5  1926   73.5  1992   44.4  1959   28.3  2021   129.2  1938   383.4  1941   438.0  1936   236.3  1945  1276.0  1937
   33.6  1925   48.5  1978   79.3  1971  120.9  1967  150.0  1933  138.8  1923  127.0  1998  127.0  2020  101.3  1924   72.1  2013   43.5  1941   28.3  1989   128.9  2021   382.5  1991   437.2  2008   234.3  2013  1274.9  1964
   31.8  1970   47.5  1995   78.4  1980  120.9  1993  149.0  1967  135.6  1998  126.8  1986  126.6  1924  101.2  1977   69.6  1957   42.8  1992   28.1  2011   128.8  1999   381.9  1931   433.3  2002   232.2  1974  1272.4  1930
   31.6  1971   47.0  1950   77.8  1939  120.4  1932  148.2  1931  134.6  2007  125.4  1931  126.6  1946  101.2  1992   69.6  2017   42.0  1991   27.8  1993   128.5  1923   379.9  1963   430.3  1987   231.5  1983  1270.6  1924
   31.5  1939   45.7  1937   77.7  1926  120.3  1930  145.1  1924  133.9  1980  125.3  1927  125.8  1971   97.7  1962   68.8  1963   41.7  1997   27.8  1955   125.2  1995   376.4  1979   428.2  1938   229.9  2017  1269.5  1927
   31.3  1973   44.8  1972   73.3  1979  116.9  2004  143.8  1925  132.1  1955  121.0  1932  125.0  2021   96.9  1950   68.3  1967   41.2  1981   27.6  1947   124.1  1973   376.0  1996   427.9  2020   229.5  1934  1260.3  1932
   31.2  1937   44.5  2009   72.4  1998  116.6  1941  142.8  1994  131.6  1964  120.8  1920  122.3  1954   95.6  1983   68.2  1960   40.1  1958   27.0  1975   124.0  1926   368.6  1999   422.1  1931   227.3  1982  1260.0  1954
   30.8  1975   43.7  1993   71.7  1977  116.1  1992  142.7  2014  130.7  1971  119.6  1988  121.8  1942   94.7  1957   67.6  1989   37.5  2000   26.6  1942   122.2  1966   366.0  1964   421.4  1986   224.9  1958  1259.9  1980
   29.6  1983   42.9  2017   70.7  1981  114.8  1940  133.0  1972  130.0  1991  118.5  1938  121.6  1980   93.6  1965   67.2  1935   37.2  1994   26.4  1959   121.6  1969   365.8  1993   418.7  1920   223.9  1957  1250.4  1936
   29.2  1969   40.8  1965   68.5  1984  109.3  1937  132.2  1969  129.0  1981  116.9  1937  120.8  1963   92.5  1946   67.0  1982   36.8  2004   23.5  1988   121.5  1976   361.4  1947   417.1  1948   221.8  1956  1239.0  1978
   28.7  1968   40.7  1947   67.4  1947  108.7  1963  131.9  1999  122.4  1990  115.4  1936  120.0  1986   90.7  1945   64.7  1976   34.9  1946   23.4  1956   120.6  1935   356.9  1932   412.2  1978   217.6  2000  1238.7  1993
   28.1  1944   39.1  1926   66.6  1996  101.4  1931  130.4  1930  122.0  1972  113.4  1939  117.6  1948   85.5  1976   64.3  1934   34.8  1939   22.7  1927   120.5  1993   343.1  1930   401.5  1980   217.5  1992  1222.0  1931
   28.0  1993   38.6  1940   65.8  1983   98.7  1966  125.8  1981  118.6  2012  112.4  2010  116.0  1922   83.4  1969   63.1  2020   33.8  1934   22.7  2015   117.0  1972   340.8  1920   401.2  1958   212.4  1976  1196.5  1920
   26.4  1921   38.1  1980   64.5  1992   96.6  1961  122.9  1983  114.0  1997  106.2  1954  105.6  1958   81.1  1951   58.7  1954   32.8  1944   22.0  1934   116.1  1937   340.1  1981   397.4  2012   208.2  1946  1173.0  1981
   23.2  1996   35.9  1966   59.5  1936   76.5  1920  110.2  1932  110.4  1987   98.5  1944   91.7  2008   75.2  1956   49.8  1968   31.1  2015   17.9  2018     ---  1919   331.3  1983   373.7  1954   206.8  1968  1167.4  1958