Areal values from HadUK-Grid 1km gridded climate data from land surface network
Source: Met Office National Climate Information Centre
Monthly, seasonal and annual total precipitation amount for England E and NE
Areal series, starting in 1862
Last updated 01-Jan-2022 10:59
year    jan    feb    mar    apr    may    jun    jul    aug    sep    oct    nov    dec     win     spr     sum     aut     ann
1862   63.5   35.9   93.2   53.3   72.4   73.7   77.2   68.8   79.0   88.8   32.4   67.8     ---   218.9   219.7   200.2   805.9
1863  102.3   18.4   34.3   29.9   33.2   77.3   37.8   85.9   71.0   96.5   76.8   56.4   188.6    97.4   201.0   244.3   719.9
1864   35.1   58.5   74.7   41.8   61.3   46.6   23.1   35.4   69.0   86.4   74.9   73.7   150.0   177.8   105.1   230.3   680.5
1865   55.3   51.7   41.1   36.4   81.6   27.0   64.2   96.6   15.5  146.2   72.1   34.9   180.6   159.1   187.7   233.8   722.5
1866   69.0   70.4   57.9   51.2   32.4   61.8   97.6   81.8  110.8   51.7   78.2   73.5   174.3   141.5   241.2   240.8   836.4
1867   85.2   39.5   47.6   81.7   60.5   44.1   89.1   70.6   59.3   49.1   27.0   57.5   198.3   189.8   203.8   135.5   711.3
1868   80.1   47.5   55.7   67.4   33.5   19.7   13.0   84.3   80.5   78.2   55.3  156.6   185.1   156.6   117.1   214.0   771.9
1869   82.4   65.7   51.8   49.4   94.4   35.7   18.9   48.2   99.3   55.9   64.3  106.0   304.8   195.6   102.7   219.5   772.0
1870   52.0   55.2   44.1   21.1   33.5   61.2   26.4   47.4   37.4  136.1   61.8  106.3   213.2    98.7   135.0   235.4   682.7
1871   29.8   61.6   30.1   84.4   37.6   81.0  103.5   34.0  131.9   57.1   48.5   59.1   197.8   152.1   218.4   237.5   758.6
1872   90.3   76.3   78.3   78.4   53.7   82.0  109.5   86.1  117.9  121.7  124.6  101.2   225.8   210.4   277.6   364.2  1120.1
1873   69.3   43.1   59.6   25.6   62.0   40.8   71.4   77.6   56.1   67.7   53.1   18.0   213.7   147.2   189.8   176.9   644.4
1874   51.4   41.1   41.0   34.9   51.2   24.0   41.6   74.1   62.4   66.9   84.9   90.7   110.5   127.1   139.7   214.2   664.2
1875   82.1   36.7   21.8   24.0   34.5   66.6  106.9   61.3   72.4  115.5  140.1   49.7   209.5    80.3   234.8   328.0   811.6
1876   34.0   76.6   83.5   81.6   26.6   65.8   57.2   56.7  103.1   54.3   91.7  175.0   160.3   191.8   179.6   249.0   906.0
1877  106.3   61.9   72.9   96.1   59.6   44.1   79.4  134.2   72.4   77.1   73.0   55.6   343.1   228.6   257.7   222.5   932.6
1878   67.0   35.3   29.3   48.2   91.9   72.7   23.8  136.9   55.5   64.9  133.1   67.0   157.9   169.4   233.5   253.6   825.7
1879   34.8   76.6   33.6   55.7   67.2  100.4  110.7   92.1   53.0   26.6   54.0   31.3   178.4   156.4   303.2   133.6   736.1
1880   10.9   58.6   46.9   62.4   42.1   69.4  140.5   45.5  127.4  141.9   75.8   86.3   100.9   151.5   255.3   345.1   907.8
1881   27.7   90.4   74.4   35.6   37.8   59.1   87.2  133.7   90.1   91.9   79.3   82.3   204.5   147.8   279.9   261.3   889.5
1882   49.2   42.7   54.6  100.7   48.3  108.2   86.7   74.8   53.2  124.8   98.2  113.9   174.3   203.6   269.6   276.3   955.3
1883   76.9   73.4   46.8   47.1   49.2   83.9  102.5   46.0  127.5   83.2   70.2   47.8   264.2   143.2   232.4   280.9   854.6
1884   96.7   48.4   56.9   47.8   32.6   19.3  100.7   33.4   43.7   43.4   46.0   72.9   192.9   137.4   153.4   133.1   641.9
1885   56.6   57.4   49.2   51.7   71.1   55.0   27.3   60.2   79.8  133.3   61.1   30.0   186.9   172.0   142.6   274.1   732.7
1886  101.9   23.6   77.5   53.5  101.3   28.8  108.9   47.8   48.3  116.7   88.1  110.0   155.5   232.3   185.5   253.1   906.4
1887   52.0   22.1   48.0   31.6   48.1    6.6   38.5   48.9   91.7   64.4   77.3   61.8   184.0   127.7    94.0   233.4   590.9
1888   29.9   43.2   93.4   57.9   23.9   56.4  138.9   67.0   37.3   31.3  119.9   45.3   134.9   175.2   262.3   188.5   744.3
1889   34.9   44.7   74.8   77.7   76.3   12.1   63.9  102.5   39.1  123.2   25.9   40.4   124.8   228.8   178.5   188.1   715.4
1890   75.9   34.1   53.5   23.2   60.4   65.6   54.9  108.1   43.6   46.1  106.1   34.7   150.4   137.1   228.6   195.8   706.2
1891   44.6    3.6   59.7   51.5   63.1   32.3   92.3  117.9   60.9   95.5   78.3  102.5    82.9   174.3   242.5   234.7   802.2
1892   43.8   62.9   34.4   39.5   82.2   93.4   47.8   90.2   63.0  155.3   40.8   29.2   209.3   156.1   231.3   259.1   782.5
1893   46.4   86.4   15.9   12.6   47.2   39.1   78.2   58.6   49.1   47.1   81.3   65.7   162.1    75.6   175.9   177.5   627.6
1894   64.8   90.2   34.8   41.9   61.8   87.9   73.3   77.1   26.9  119.9   48.5   61.8   220.7   138.5   238.4   195.3   789.0
1895  116.6   24.0   72.2   41.3   20.9   56.7  135.0   80.4   23.2  112.8   86.7   65.1   202.4   134.4   272.0   222.7   834.8
1896   29.6   21.6   75.1   26.5   19.9   68.4   59.8   48.9  102.4  140.5   40.6  115.5   116.3   121.5   177.1   283.6   748.9
1897   55.0   62.0   93.5   44.2   34.9   69.3   30.3   91.9   79.0   42.1   62.1   72.7   232.5   172.7   191.5   183.2   737.1
1898   29.5   40.9   50.2   74.4   59.0   47.2   24.7   80.3   16.8  117.0   78.9   65.4   143.1   183.7   152.2   212.8   684.4
1899   83.2   41.7   44.2   70.8   89.9   38.5   56.4   25.2   87.8   70.7   52.2   80.8   190.3   204.9   120.1   210.8   741.5
1900   97.0  132.6   30.7   40.0   39.4   80.5   45.0  134.9   24.2  119.7   89.0   88.9   310.3   110.1   260.5   233.0   922.1
1901   45.0   50.0   63.2   43.9   41.5   40.7   66.4   63.2   30.5   57.2  110.4  120.2   184.0   148.6   170.3   198.2   732.3
1902   31.7   37.5   36.6   43.6   71.2   59.0   65.0   62.9   27.6   73.4   44.0   75.3   189.4   151.5   186.9   145.1   628.0
1903   75.2   50.0   81.8   45.0   76.1   53.5   96.2   88.6   90.7  205.5   58.1   44.7   200.5   202.9   238.4   354.4   965.6
1904   59.7   76.5   50.4   40.9   68.4   34.0   58.9   82.5   40.6   21.9   59.3   55.2   180.9   159.6   175.4   121.7   648.2
1905   19.1   30.6   59.3   69.8   22.8   41.2   34.8   91.0   62.2   67.0  113.7   18.2   104.9   151.9   167.0   242.9   629.7
1906   85.2   49.7   48.5   25.2   89.2   40.6   36.3   79.3   21.5  141.2   88.9   68.2   153.1   162.9   156.3   251.6   773.8
1907   25.8   42.3   42.1   56.5   97.4   82.9   49.4   60.2   16.0  141.5   63.0   91.7   136.2   195.9   192.6   220.4   768.8
1908   44.4   52.6   89.3   70.9   52.8   26.1   77.8   60.1   60.6   43.5   41.9   42.5   188.8   213.0   163.9   146.0   662.4
1909   37.6   39.2  114.9   64.6   42.2   74.4   86.1   95.5   55.4   87.7   25.2  116.6   119.3   221.7   255.9   168.3   839.3
1910   72.8   81.0   23.0   63.2   64.9   49.0   81.4   97.6   16.5   74.8   87.8   82.5   270.4   151.1   228.0   179.1   794.5
1911   45.9   44.2   58.4   36.3   29.3  100.9   18.3   63.4   63.2   74.1   99.8  114.4   172.5   123.9   182.6   237.1   748.0
1912   86.1   51.4   74.8    6.3   69.3  129.3  101.6  135.6   54.2   78.2   70.9   68.6   251.9   150.3   366.5   203.3   926.1
1913   94.7   27.1   90.9   75.1   60.6   35.4   23.2   32.8   57.0   83.0   59.1   41.0   190.3   226.6    91.3   199.1   679.8
1914   49.8   48.6   64.2   22.0   43.5   72.8   80.5   47.8   37.1   59.8   93.1  147.4   139.4   129.7   201.1   190.0   766.6
1915   78.1   91.6   43.6   23.1   46.0   17.4  119.6   77.3   35.4   37.2   59.6  152.6   317.2   112.7   214.2   132.2   781.5
1916   41.1   98.6  105.6   43.0   75.1   61.9   65.1   79.4   46.2   93.7   96.2   84.5   292.3   223.6   206.4   236.1   890.4
1917   88.4   24.5   51.7   60.6   47.0   42.8   35.9  169.9   33.2   86.4   47.0   50.6   197.4   159.3   248.7   166.6   738.1
1918   64.9   53.2   29.7   39.1   60.4   18.0   95.8   58.1  141.3   63.2   45.1   91.1   168.7   129.1   171.9   249.6   759.8
1919   93.0   54.0   83.6   48.2   26.1   28.2   57.7   70.1   39.7  106.3   88.6   99.7   238.1   157.9   156.0   234.7   795.2
1920   79.7   40.0   77.4   96.5   81.0   34.7  109.5   44.0   43.2   56.0   32.5   90.0   219.4   254.9   188.2   131.6   784.4
1921   98.2    6.9   37.4   29.1   45.5   12.5   36.4  114.1   27.8   52.2   56.8   64.9   195.1   112.0   163.0   136.8   581.8
1922   85.4   70.3   54.3   55.7   31.7   37.8  121.0   75.8   82.9   41.5   32.3   96.1   220.6   141.7   234.6   156.7   784.8
1923   44.6  110.3   42.8   47.2   67.5   22.4   72.5   97.9   67.0   69.3   98.2   77.9   251.0   157.5   192.7   234.5   817.4
1924   60.0   29.1   28.4   44.6  112.8   49.9   96.1   67.6   73.9  105.3   43.9   80.2   166.9   185.8   213.6   223.1   791.8
1925   53.7   90.6   44.4   72.0   87.0    4.3   40.1   70.0   82.8   72.4   68.6   92.3   224.5   203.4   114.4   223.8   778.2
1926   78.6   57.2   24.4   43.2   62.9   92.5   73.1   68.8   56.6   83.9  105.0   23.0   228.1   130.4   234.3   245.4   769.0
1927   56.1   35.1   59.1   56.2   39.3   84.5   89.5  143.3  119.9   63.4   85.9   73.4   114.3   154.6   317.3   269.2   905.8
1928  116.5   50.6   75.3   27.8   40.2  105.7   32.9  101.9   20.0  106.3   84.6   52.4   240.5   143.2   240.5   210.9   814.1
1929   51.8   25.8    6.2   31.6   35.0   40.7   66.2   67.9   23.1   78.1  104.8  130.7   130.0    72.8   174.9   206.0   662.0
1930   94.3   33.1   62.3   69.5   40.4   38.7  141.3  104.6   95.2   64.7   97.5   68.5   258.1   172.2   284.5   257.4   910.0
1931   67.2   60.1   26.7   87.1   71.3  100.5  109.7  101.1   84.2   36.7   88.1   37.2   195.8   185.1   311.3   209.0   869.9
1932   46.9   20.0   58.2   61.2  116.1   25.9   93.0   50.8   75.1  108.0   40.7   37.2   104.1   235.5   169.7   223.8   733.0
1933   51.6   96.0   52.1   34.4   55.1   49.9   50.3   23.2   51.4  109.0   77.8   25.9   184.8   141.6   123.3   238.2   676.6
1934   54.4   21.7   73.7   83.4   35.6   45.8   57.5   70.6   48.1   79.6   64.9  116.1   101.9   192.7   173.9   192.6   751.4
1935   58.7   81.9   22.2   75.1   21.3   70.9   17.1   56.5  116.7  111.9  117.1   62.9   256.6   118.6   144.5   345.7   812.2
1936  106.7   77.4   46.8   42.2   41.3   89.2   99.7   48.2   77.1   57.2   80.8   55.5   246.9   130.2   237.1   215.1   821.9
1937   93.9   91.1   82.0   73.1   87.3   37.8   63.1   41.5   42.9   64.3   48.0  111.5   240.5   242.4   142.4   155.3   836.6
1938   76.0   32.5   13.4    6.5   78.1   62.5   80.4   72.5   57.9  108.6   83.7  108.8   220.0    98.0   215.4   250.2   780.9
1939  126.2   38.5   72.9   41.4   34.1   67.9   92.7   66.7   37.9  118.4   96.5   49.2   273.5   148.4   227.3   252.7   842.4
1940   52.3   52.2   63.1   42.1   32.1   19.8  156.9   26.3   43.4   90.7  107.9   65.5   153.6   137.3   203.0   241.9   752.1
1941   83.9  113.6   80.2   34.7   46.9   17.0   68.8   85.4   17.2   96.5   82.3   19.4   263.0   161.8   171.2   196.1   745.9
1942   84.3   45.2   39.3   28.4   66.3   32.1   74.4   64.4   61.7   65.1   34.7   60.3   148.8   134.0   170.8   161.6   656.1
1943  103.2   27.4   21.0   34.2   76.7   52.9   37.8   90.1   82.7   56.1   66.6   34.7   190.9   131.9   180.8   205.4   683.3
1944   57.5   56.4   13.8   56.8   43.3   62.5   70.3   72.3  133.8   80.1  131.8   54.9   148.6   113.9   205.1   345.7   833.4
1945  108.5   59.5   19.9   45.6   73.4   66.3   45.8   81.9   48.4   89.0   22.1   47.1   222.9   139.0   194.0   159.5   707.5
1946   55.0   48.7   37.3   37.0   50.4   65.1   87.2  110.3  105.8   35.5  140.0   74.7   150.8   124.7   262.5   281.3   846.9
1947   65.5   72.7  124.1   83.5   43.0   72.0   66.6    7.0   42.0   17.7   62.2   58.4   212.9   250.6   145.6   122.0   714.8
1948  167.4   39.2   27.5   45.7   47.1  104.9   34.8  111.4   65.8   47.2   38.4   70.3   264.9   120.4   251.1   151.4   799.7
1949   32.1   30.1   30.1   54.3   38.1   22.2   60.8   56.1   33.4   95.4   97.3   79.8   132.5   122.6   139.2   226.1   629.8
1950   41.7  107.4   27.7   66.4   52.2   41.1   79.3  104.9  101.3   38.0  130.1   66.5   228.9   146.4   225.3   269.4   856.7
1951   63.9   76.6   91.7   49.2   99.6   33.3   44.7  127.6   40.4   34.4  152.2   73.8   207.0   240.5   205.6   226.9   887.3
1952   60.9   17.7   55.7   38.8   43.5   48.2   35.9   67.9   95.4   81.1   79.8   69.7   152.5   138.0   152.0   256.3   694.6
1953   27.1   50.2   13.2   67.7   57.8   68.8   68.8   85.0   51.7   50.7   55.7   33.6   147.0   138.7   222.6   158.0   630.2
1954   61.2   59.8   49.7   11.9   89.2   58.2   60.6  139.4   74.1  118.4  122.3   74.1   154.6   150.8   258.1   314.7   918.8
1955   58.1   65.3   55.3   25.7   71.8   63.6   28.7   23.2   34.9   52.1   43.5   87.9   197.5   152.8   115.5   130.4   609.9
1956  108.8   54.8   27.9   32.5   19.8   79.9   91.9  172.9   60.7   43.5   28.8   66.5   251.5    80.3   344.7   133.0   788.1
1957   57.7   68.6   44.2   11.4   41.0   48.5   93.4  102.5   96.5   57.6   52.2   62.4   192.8    96.6   244.4   206.3   736.0
1958   64.0  104.3   62.6   34.6   79.2   93.0  100.2   73.2   65.8   50.5   22.3   95.0   230.7   176.3   266.4   138.6   844.6
1959   70.3   11.1   37.0   62.2   14.4   44.4   52.2   16.3   14.1   54.3  105.8  112.3   176.4   113.6   112.8   174.1   594.3
1960  126.1   65.5   43.8   30.3   35.5   21.1  107.9   86.5   69.7  167.0  104.9   88.2   303.9   109.5   215.5   341.6   946.3
1961   98.8   44.8   20.3   68.7   39.8   40.0   75.9   78.8   56.5   93.8   44.5   74.3   231.8   128.7   194.7   194.8   736.1
1962   70.3   35.1   32.7   62.2   61.5   15.9   53.5   98.6   88.3   19.5   62.8   55.2   179.7   156.4   168.0   170.6   655.6
1963   45.5   38.2   65.4   55.2   40.7   83.2   48.1  116.4   54.7   42.8  126.8   31.0   139.0   161.3   247.6   224.3   748.0
1964   25.8   25.3   90.2   51.8   28.6   67.7   39.3   58.3   31.8   32.4   32.5   68.7    82.1   170.6   165.3    96.7   552.5
1965   76.8   28.5   57.5   66.0   56.6   50.6   81.1   66.4  135.6   31.6  132.6   97.2   174.1   180.1   198.2   299.7   880.6
1966   47.3  112.9   25.8   86.6   58.4   80.7   66.4  113.7   42.8   90.8   72.0   74.0   257.4   170.8   260.7   205.5   871.3
1967   39.2   72.8   43.1   42.6  128.8   38.3   62.0   82.2   66.0  121.0   80.4   50.2   186.1   214.5   182.5   267.4   826.6
1968   46.5   41.9   60.7   52.7   61.3   63.3  102.7   59.0  121.7   75.7   77.4   72.8   138.6   174.8   225.0   274.7   835.5
1969   75.8   66.7   75.4   67.5   87.4   72.5   53.7   48.6   51.6   17.4  127.2   66.3   215.2   230.4   174.8   196.2   810.2
1970   84.0   59.7   48.0   74.8   17.0   30.2   77.2   65.1   38.6   52.7  110.7   58.6   210.0   139.9   172.5   201.9   716.6
1971   65.8   24.9   62.2   51.5   43.3   63.2   44.8  117.5   20.0   41.3   76.1   30.2   149.3   157.0   225.6   137.5   640.9
1972   94.7   54.8   65.0   48.9   62.6   70.5   48.3   25.4   35.2   17.6   75.4   57.5   179.7   176.5   144.2   128.2   655.8
1973   34.0   24.0   15.4   66.3   67.5   56.9  102.7   60.7   61.6   47.4   28.1   51.1   115.5   149.2   220.3   137.1   615.7
1974   80.5   61.7   46.7   18.9   24.9   46.0   74.6   68.0   81.2  102.3   83.2   62.6   193.3    90.5   188.7   266.8   750.8
1975   74.7   24.0   63.4   65.4   49.8   28.2   61.0   55.3   66.8   27.3   50.6   46.3   161.4   178.6   144.4   144.7   612.9
1976   65.9   28.3   36.1   25.0   83.3   11.6   25.1   19.7  159.1  140.5   38.6   72.1   140.5   144.3    56.4   338.2   705.2
1977   96.7  101.5   59.9   44.5   51.4   77.3   19.6   63.8   29.1   48.0   86.8   70.6   270.3   155.8   160.6   163.9   749.1
1978   99.5   76.4   54.2   43.1   44.4   58.6   77.2   79.4   57.9   21.2   45.1  178.1   246.5   141.8   215.3   124.2   835.2
1979   61.9   48.2  120.0   49.0  110.7   33.3   32.6   87.3   36.9   65.6   77.7  123.7   288.3   279.6   153.2   180.2   846.9
1980   78.2   72.2   92.2   12.3   26.6  126.2   51.1  103.7   37.7  104.3   82.6   56.3   274.1   131.1   281.0   224.6   843.4
1981   40.8   48.4  125.4   71.7   60.0   37.6   56.1   43.2  105.6   93.9   61.0   58.4   145.5   257.1   136.9   260.5   802.1
1982   70.1   24.2   71.5   13.8   36.3  130.4   28.3   75.1   55.6   85.5   87.9   69.2   152.8   121.6   233.7   229.1   748.0
1983   61.6   46.3   60.3  100.3   98.9   34.8   38.1   25.9   79.8   58.2   39.3  106.8   177.2   259.6    98.8   177.3   750.4
1984  113.1   42.0   71.4   13.8   43.4   43.9   22.9   60.3  103.1   60.0  132.7   42.7   261.9   128.6   127.1   295.8   749.2
1985   79.3    8.1   66.6   62.7   71.9   62.5   79.8   96.3   53.4   32.5   80.3   84.9   130.1   201.1   238.6   166.2   778.3
1986   85.6   37.2   57.0   95.1   88.6   36.3   40.4  122.0   21.4   60.1   68.4  108.2   207.8   240.8   198.7   149.8   820.4
1987   43.0   47.8   84.2   61.5   42.7   95.6   74.3   82.6   58.9  116.1   63.0   47.9   199.0   188.4   252.5   238.0   817.7
1988  103.1   54.2   75.9   32.3   54.9   31.0  133.1   65.0   47.1   78.7   58.1   35.4   205.3   163.0   229.1   183.9   768.8
1989   25.8   57.1   59.6   65.0   16.9   57.4   29.4   51.6   23.0   61.8   38.6   80.8   118.3   141.5   138.4   123.4   567.2
1990   86.6   99.5   20.7   21.6   36.4   71.6   30.8   43.8   41.8   75.2   54.7  101.5   267.0    78.7   146.3   171.7   684.3
1991   64.8   84.3   59.3   39.2   16.4   64.2   37.6   23.6   47.7   56.5   78.9   50.7   250.6   114.9   125.4   183.2   623.3
1992   39.0   34.9   84.7   70.8   28.3   27.1   83.8   91.2   91.7   74.4   86.4   61.0   124.6   183.8   202.1   252.5   773.3
1993   79.0   17.4   17.5  102.8   81.5   42.3   61.0   71.8  114.0   76.3   68.1  104.2   157.4   201.8   175.0   258.5   836.0
1994   98.4   60.9   62.4   54.5   37.3   27.6   50.2   62.0   87.9   64.8   70.6   98.1   263.4   154.2   139.8   223.4   774.7
1995  107.6   81.2   52.1   26.7   43.8   25.6   25.5    8.8   98.4   34.6   81.7   70.5   287.0   122.7    59.9   214.8   656.7
1996   42.4   70.8   24.9   40.2   43.0   24.4   42.3   65.9   23.7   55.3   99.6   80.8   183.6   108.2   132.5   178.6   613.2
1997   15.3   87.0   24.4   17.9   61.7  148.0   62.9   65.4   23.2   44.0   74.4   96.7   183.1   104.1   276.3   141.6   721.0
1998   96.2   15.1   70.6  121.6   54.1  107.8   60.1   48.8   59.1  117.9   73.0   60.6   208.0   246.3   216.8   250.0   884.9
1999   97.4   33.6   91.3   57.9   55.3   84.0   23.0   85.5   77.9   67.8   54.8   95.7   191.6   204.6   192.5   200.5   824.2
2000   49.2   54.5   31.7  138.5   73.5   59.8   58.0   60.2  112.4  123.1  151.1   87.8   199.4   243.7   177.9   386.6   999.7
2001   44.2   96.3   52.6   87.8   25.7   56.1   59.2   78.8   94.1   91.8   50.9   49.1   228.2   166.0   194.1   236.8   786.4
2002   57.8  105.6   40.2   32.1   62.5   54.1   91.8   88.3   31.0  123.1  106.9  108.9   212.5   134.9   234.3   261.0   902.5
2003   82.7   24.4   28.1   32.0   67.6   83.9   53.3   17.1   43.4   46.2   58.5   77.1   215.9   127.6   154.2   148.0   613.9
2004  106.9   52.7   42.2   84.4   30.3   73.1   81.5  166.3   36.2  126.3   35.6   38.1   236.7   156.9   320.9   198.2   873.7
2005   62.0   60.9   47.7   77.9   43.6   50.2   77.7   63.1   62.2   89.2   72.0   45.6   161.1   169.2   190.9   223.5   752.0
2006   29.1   49.5   85.9   39.0   96.1   18.6   30.4  107.1   73.0   82.7   67.3   89.0   124.2   221.0   156.1   223.0   767.7
2007   84.7   71.6   39.4   10.0   77.1  181.3  114.1   43.0   40.5   30.9   61.3   72.1   245.4   126.5   338.4   132.7   826.1
2008  137.1   33.8   76.0   77.1   25.6   76.0  106.1  111.0  107.7   74.3   67.3   59.7   243.1   178.8   293.1   249.2   951.8
2009   62.1   49.5   31.5   29.7   52.1   55.1  133.7   62.6   31.5   61.8  148.3   87.4   171.3   113.3   251.3   241.6   805.2
2010   69.2   71.9   65.4   21.4   22.1   42.6   61.5   76.4   83.8   65.1  118.6   40.8   228.4   108.9   180.4   267.5   738.7
2011   54.6   82.3   20.6   10.5   48.7   62.9   71.5   94.2   43.2   62.2   35.9   76.2   177.7    79.8   228.5   141.3   662.6
2012   47.3   24.1   21.5  141.2   62.1  141.6   96.5   88.0   94.7   86.3  112.1  128.0   147.5   224.8   326.2   293.1  1043.4
2013   69.9   34.2   60.1   22.3   76.7   40.7   55.7   60.9   43.6  111.6   52.6   76.9   232.1   159.0   157.3   207.9   705.3
2014  118.9   82.1   44.4   42.1  104.5   45.7   54.4   96.2   18.1   83.2   81.4   61.4   277.9   191.0   196.3   182.6   832.3
2015   63.1   37.3   45.6   25.8   82.7   34.8   85.5   73.0   38.9   64.3  116.4  147.3   161.9   154.1   193.4   219.7   814.9
2016  120.5   53.4   67.6   70.1   36.3   77.6   51.6   73.6   48.6   50.1   93.5   38.3   321.2   174.0   202.8   192.2   781.2
2017   39.4   65.9   63.8   19.4   42.9  115.8   81.9   64.5   85.1   49.7   69.4   57.0   143.6   126.0   262.2   204.2   754.7
2018   72.9   55.1   93.7   75.2   32.6   26.0   41.8   55.3   55.5   62.7   71.5   71.5   185.0   201.5   123.2   189.8   713.9
2019   23.0   36.3   82.6   27.5   51.9  116.0   78.2   91.0  110.3  117.5  128.5   62.5   130.8   162.0   285.2   356.4   925.3
2020   48.0  141.8   35.3    9.7   15.9   89.8   66.0  110.9   50.6  106.7   40.1  118.3   252.3    60.9   266.7   197.5   833.2
2021  132.0   84.8   40.9   11.8   99.0   29.3   71.9   45.9   45.9   95.3   51.2   75.2   335.1   151.8   147.1   192.4   783.2