Areal values from HadUK-Grid 1km gridded climate data from land surface network
Source: Met Office National Climate Information Centre
Monthly, seasonal and annual mean of daily minimum air temperature for England SE and Central S
Areal series, starting in 1884
Last updated 01-Jan-2022 11:00
year    jan    feb    mar    apr    may    jun    jul    aug    sep    oct    nov    dec     win     spr     sum     aut     ann
1884    3.5    2.6    2.5    2.5    6.3    9.0   11.6   11.5   10.5    4.8    2.1    2.1     ---    3.77   10.75    5.79    5.76
1885   -0.0    3.2    0.4    3.2    4.8    9.2   10.8    9.4    8.3    3.9    3.2    0.4    1.69    2.78    9.82    5.11    4.72
1886   -1.1   -1.8    0.2    3.4    6.1    8.6   11.0   11.1    9.9    7.8    3.1   -1.0   -0.80    3.23   10.27    6.91    4.81
1887   -1.6   -0.1   -0.1    1.2    5.3    9.2   11.4   10.0    7.6    2.7    1.7   -0.1   -0.92    2.13   10.23    3.98    3.96
1888   -0.3   -1.6   -0.1    2.0    5.3    8.9   10.1   10.1    8.5    2.8    5.6    2.0   -0.66    2.39    9.73    5.58    4.45
1889   -0.5   -0.9    0.5    3.4    8.3   10.4   10.9   10.3    8.3    5.1    3.6   -0.3    0.25    4.05   10.54    5.68    4.96
1890    2.6   -0.0    1.6    2.8    6.6    9.1   10.3   10.3    9.6    4.8    2.0   -4.1    0.80    3.68    9.92    5.47    4.67
1891   -2.6   -0.8    0.3    1.9    5.0    9.7   10.3   10.3    9.7    6.4    2.5    1.3   -2.56    2.42   10.10    6.18    4.53
1892   -1.0    0.4   -1.3    1.6    5.9    8.0   10.0   11.0    8.3    3.1    3.7   -0.8    0.22    2.06    9.69    5.01    4.08
1893   -1.3    1.8    1.7    3.9    7.4    9.7   11.8   12.1    8.4    6.1    1.4    0.7   -0.15    4.33   11.24    5.27    5.32
1894    0.2    1.4    2.1    5.3    5.0    9.3   11.5   10.9    8.0    6.3    4.7    2.0    0.73    4.11   10.57    6.29    5.56
1895   -2.4   -5.8    1.0    3.9    6.3    8.8   11.1   11.1   10.1    3.3    4.8    1.2   -1.92    3.73   10.39    6.02    4.52
1896    1.6    0.5    3.5    4.3    5.9   10.8   11.3    9.9    9.6    3.6    0.7    0.9    1.12    4.57   10.68    4.65    5.24
1897   -0.8    3.0    3.2    3.5    5.0   10.4   11.6   11.7    8.1    6.4    3.7    1.8    0.94    3.91   11.25    6.04    5.64
1898    3.4    1.2    0.3    3.3    7.0    8.9   10.5   11.9    9.8    8.2    4.1    4.2    2.17    3.56   10.46    7.37    6.11
1899    2.3    1.7   -0.2    4.1    5.4    9.6   12.4   12.6    9.2    4.9    5.1   -0.8    2.75    3.10   11.56    6.38    5.54
1900    1.2   -0.1    0.2    3.2    5.7    9.6   12.5   11.0    8.4    5.7    4.4    3.9    0.10    3.04   11.05    6.18    5.52
1901    0.2   -1.4    0.7    3.4    5.5    8.6   12.0   10.9    9.6    5.5    0.9    0.2    1.00    3.22   10.53    5.34    4.73
1902    1.8   -1.4    2.6    3.0    4.2    9.0   10.0   10.4    8.5    5.6    3.7    1.7    0.27    3.26    9.82    5.92    4.97
1903    1.7    3.4    3.5    2.0    6.5    8.0   10.8   10.2    9.1    7.7    3.1    0.9    2.25    4.01    9.65    6.64    5.58
1904    0.5    0.8    0.6    4.5    6.7    8.5   12.0   10.4    7.8    6.1    1.5    1.8    0.71    3.95   10.31    5.14    5.12
1905   -0.3    2.3    3.1    4.0    5.3   10.4   12.6   10.7    8.8    2.7    1.4    1.9    1.22    4.12   11.23    4.26    5.24
1906    2.1   -0.1    1.2    1.6    6.3    8.2   10.6   11.7    9.0    7.8    4.3   -0.3    1.33    3.02   10.16    7.05    5.22
1907    0.4   -0.9    0.9    3.2    6.5    8.9    9.5   10.2    8.8    6.6    3.5    2.6   -0.27    3.53    9.55    6.31    5.05
1908   -1.0    1.4    0.5    1.9    7.6    9.1   11.2   10.0    8.3    7.6    4.0    1.3    0.97    3.37   10.10    6.63    5.17
1909    0.3   -1.4    0.1    3.5    5.0    7.9   10.6   10.8    8.2    7.5    1.2    0.7    0.13    2.85    9.78    5.64    4.57
1910    0.8    1.8    1.5    3.4    6.6   10.2   10.3   11.2    8.4    7.9   -0.3    3.8    1.09    3.81   10.55    5.37    5.49
1911    0.4    1.2    1.8    3.0    7.5    9.7   12.0   13.1    9.0    6.0    2.9    3.7    1.81    4.11   11.60    5.99    5.89
1912    1.5    2.6    4.2    3.5    7.7    9.5   11.9    9.4    7.1    3.6    3.1    4.1    2.59    5.13   10.30    4.59    5.70
1913    2.2    1.5    3.0    4.0    6.9    9.1   10.2   10.5   10.1    7.9    4.8    2.3    2.65    4.63    9.94    7.61    6.07
1914   -0.1    3.0    2.7    4.4    6.0    9.0   11.4   11.4    8.3    6.4    3.4    2.3    1.70    4.34   10.64    6.02    5.69
1915    1.3    1.0    1.3    2.9    6.1    8.8   10.4   11.1    8.4    5.5   -0.2    3.2    1.53    3.43   10.13    4.58    5.02
1916    4.4    0.7    0.7    3.5    7.0    7.3   10.2   11.9    9.0    7.9    3.1   -0.6    2.81    3.72    9.82    6.68    5.44
1917   -0.6   -2.1   -0.5    0.8    7.5   10.3   11.1   12.0    9.9    3.6    4.5   -1.1   -1.07    2.61   11.13    5.97    4.65
1918    0.5    3.0    1.3    2.8    7.5    7.4   10.9   11.2    9.0    5.7    2.5    4.5    0.71    3.91    9.87    5.72    5.55
1919    0.2   -0.9    0.9    2.4    7.4    8.6    9.5   11.3    8.5    2.4    0.4    2.4    1.34    3.59    9.82    3.76    4.47
1920    1.8    2.3    3.0    5.2    7.3    9.7   10.5    9.0    8.7    6.9    2.7    1.8    2.19    5.17    9.74    6.09    5.75
1921    4.5    1.1    3.1    3.2    6.4    9.0   12.3   11.3    9.3    7.9    1.8    3.1    2.53    4.24   10.86    6.36    6.13
1922    1.0    1.5    1.8    1.8    7.0    9.1    9.8    9.7    8.2    4.4    1.6    2.9    1.90    3.52    9.53    4.74    4.93
1923    1.3    3.3    3.2    4.0    5.5    8.2   12.7   10.7    7.8    6.7   -0.3    0.5    2.50    4.24   10.58    4.76    5.33
1924    2.2   -0.2    0.1    2.9    7.3    9.6   10.4   10.2   10.1    7.3    4.3    3.7    0.84    3.44   10.07    7.25    5.68
1925    2.5    2.2    1.0    3.0    7.1    9.2   11.8   11.4    7.3    6.9    1.2    0.5    2.82    3.74   10.81    5.14    5.38
1926    1.4    4.4    2.8    4.5    6.2    8.7   12.1   11.7   10.7    4.5    3.6    1.1    2.01    4.47   10.86    6.26    5.97
1927    1.5    1.0    3.9    3.9    6.5    8.3   11.8   11.7    9.1    6.5    2.9    0.0    1.19    4.78   10.60    6.18    5.62
1928    1.7    2.3    2.8    3.9    6.0    8.5   11.3   11.1    7.5    6.7    4.9    0.3    1.29    4.21   10.35    6.35    5.58
1929   -1.2   -3.1    0.2    1.6    5.9    8.3   10.7   11.0   10.8    5.7    3.3    3.1   -1.31    2.56   10.03    6.62    4.74
1930    3.2    0.3    1.5    4.4    6.5   10.3   11.2   11.6   10.0    7.0    3.2    1.5    2.27    4.15   11.02    6.76    5.93
1931    0.5    0.7    0.3    3.9    7.0   10.2   11.2   10.9    7.5    4.9    4.7    2.4    0.91    3.72   10.77    5.70    5.38
1932    3.1   -0.4    0.1    3.3    6.3    8.7   11.6   12.9    9.6    5.3    3.8    2.8    1.75    3.23   11.07    6.20    5.60
1933   -0.5    0.9    2.7    3.7    7.1    9.8   12.6   12.2   10.4    6.5    2.6   -1.6    1.05    4.54   11.57    6.52    5.57
1934    0.4   -0.9    1.1    3.9    6.2    9.8   12.0   10.4    9.8    7.0    3.3    5.9   -0.70    3.73   10.76    6.73    5.79
1935    1.9    2.6    2.1    4.1    5.3   10.6   12.2   11.0   10.0    6.0    3.9    1.0    3.47    3.81   11.28    6.61    5.89
1936    2.0   -0.4    3.5    2.4    6.6   10.1   11.4   11.2   10.7    4.8    2.6    1.9    0.90    4.17   10.91    6.01    5.59
1937    2.5    3.1    0.4    5.3    7.6    9.3   11.8   11.8    8.7    7.0    1.7    0.6    2.47    4.44   10.98    5.81    5.83
1938    2.9    1.5    3.6    1.9    5.5    9.8   10.7   11.6    9.5    6.4    6.2    1.2    1.67    3.71   10.70    7.37    5.94
1939    2.2    2.0    2.4    4.0    6.0    9.3   11.1   11.7   10.2    4.9    5.8    0.0    1.80    4.11   10.72    6.95    5.81
1940   -4.3   -0.0    1.9    4.4    6.9   10.5   10.4   10.4    7.8    5.9    3.5    0.5   -1.45    4.39   10.47    5.76    4.85
1941   -1.3    0.6    1.4    2.5    4.2    9.7   12.0   10.6    9.9    6.3    3.4    2.0   -0.10    2.70   10.78    6.55    5.13
1942   -2.4   -2.9    1.3    4.6    6.1    8.5   11.1   11.9    9.7    7.2    1.6    3.9   -1.05    3.99   10.50    6.20    5.10
1943    2.4    1.8    1.9    5.8    7.1    9.4   11.3   11.6    8.4    7.1    2.5    1.0    2.70    4.90   10.79    5.99    5.87
1944    2.8    0.2    0.0    4.9    5.1    9.0   12.2   12.5    8.2    5.9    3.0    0.6    1.34    3.33   11.23    5.67    5.38
1945   -2.7    3.6    2.9    5.0    7.4    9.9   11.7   11.3   10.9    7.6    4.2    2.1    0.41    5.12   10.95    7.58    6.17
1946   -0.2    3.2    1.1    4.1    5.9    8.8   11.2   10.5   10.3    6.8    5.2   -0.6    1.66    3.71   10.17    7.42    5.53
1947   -1.2   -3.8    1.0    4.1    7.9   10.6   12.5   12.9   10.3    5.6    4.1    2.2   -1.80    4.37   11.99    6.64    5.58
1948    2.7    1.4    3.0    4.1    6.1    9.6   11.1   10.9    9.7    6.0    4.1    3.0    2.13    4.41   10.52    6.57    5.98
1949    2.1    1.3    1.0    5.3    5.7    9.2   11.8   11.7   12.3    8.3    3.2    2.9    2.18    4.00   10.96    7.95    6.28
1950    1.5    2.6    3.4    3.7    6.6   11.1   11.8   11.5    9.6    6.2    3.1   -1.3    2.32    4.59   11.46    6.29    5.83
1951    1.6    1.0    1.4    2.4    6.1    8.8   11.5   10.9   10.5    5.5    5.6    3.0    0.41    3.33   10.41    7.18    5.73
1952    0.1   -0.3    3.4    4.8    8.2    9.5   11.9   12.1    6.8    5.7    1.1    0.0    0.97    5.45   11.22    4.55    5.31
1953    0.3    0.6    0.3    3.6    7.7    9.7   11.2   11.5    9.3    6.5    5.3    4.7    0.28    3.88   10.81    7.04    5.92
1954   -0.2   -0.1    2.7    2.0    6.6    9.5   10.5   10.6    9.1    8.8    3.7    3.8    1.51    3.82   10.24    7.23    5.64
1955    0.1   -1.1   -0.7    4.0    5.5    9.7   11.8   12.5    9.3    4.7    3.8    2.7    0.99    2.93   11.38    5.92    5.24
1956    0.7   -4.3    2.0    1.9    6.1    8.8   11.8    9.9   11.0    5.7    2.6    3.4   -0.20    3.32   10.22    6.42    5.00
1957    2.4    2.7    5.5    4.5    5.7    9.5   12.8   11.5    9.3    7.2    3.6    1.1    2.85    5.26   11.26    6.72    6.34
1958    0.7    1.9    0.5    2.8    6.9    9.5   11.6   12.0   11.3    7.8    3.8    2.3    1.19    3.41   11.05    7.65    5.95
1959   -1.1    0.6    3.6    5.4    6.9    9.7   11.8   12.3    9.6    7.7    3.5    3.1    0.60    5.30   11.29    6.97    6.13
1960    1.2    1.1    3.4    4.1    7.8   10.5   11.2   10.7    9.3    7.4    4.3    1.6    1.82    5.12   10.81    7.03    6.08
1961    1.0    4.2    2.6    6.5    6.2    9.2   10.8   11.4   11.1    7.1    3.1   -0.1    2.22    5.06   10.49    7.12    6.10
1962    1.3    0.9   -1.3    3.6    5.8    7.9   10.7   10.6    8.5    6.4    2.7   -1.4    0.68    2.72    9.77    5.85    4.66
1963   -5.4   -3.5    2.2    4.5    5.8   10.1   10.5   10.5    9.2    7.4    5.6   -0.7   -3.41    4.18   10.39    7.39    4.74
1964    0.3    1.5    1.7    4.5    8.4    9.7   11.7   11.1    9.3    4.3    4.6    0.4    0.35    4.84   10.85    6.05    5.62
1965    0.8   -0.0    1.4    3.6    7.1    9.3   10.4   10.6    8.0    6.9    1.6    1.6    0.38    4.05   10.10    5.51    5.14
1966    0.3    3.9    2.3    4.5    6.2   10.6   10.8   10.3    9.6    7.5    2.4    2.2    1.87    4.34   10.56    6.52    5.89
1967    1.6    2.2    3.5    3.5    6.7    9.1   12.1   11.4   10.2    8.1    2.1    1.0    1.98    4.60   10.85    6.84    5.99
1968    1.0   -0.7    2.6    3.2    5.7   10.1   10.9   11.8   10.4    9.8    4.0    0.5    0.48    3.84   10.97    8.07    5.80
1969    3.1   -1.6    0.9    2.9    7.1    8.7   12.0   12.1   10.3    8.6    2.5    0.6    0.73    3.62   10.95    7.16    5.65
1970    1.4   -0.0   -0.0    2.8    7.5   10.6   10.9   11.3   10.1    7.0    4.9    1.1    0.69    3.42   10.94    7.35    5.67
1971    1.9    1.0    1.3    3.7    6.6    8.8   11.8   12.2    8.8    7.1    1.9    3.8    1.32    3.84   10.98    5.91    5.76
1972    1.2    2.1    2.5    4.8    6.5    7.7   11.2   10.5    7.6    6.9    2.9    3.1    2.35    4.58    9.83    5.81    5.59
1973    1.7    0.5    1.1    3.0    7.1    9.7   11.1   12.3   10.2    5.3    2.4    2.0    1.81    3.77   11.02    5.98    5.57
1974    3.3    2.5    2.2    3.7    6.0    9.2   11.2   10.7    8.5    4.2    4.3    5.3    2.59    3.94   10.40    5.64    5.94
1975    4.1    1.4    2.1    4.0    5.9    8.7   12.3   12.9    9.3    6.2    2.5    1.2    3.66    4.02   11.31    6.02    5.92
1976    2.7    1.6    1.1    3.0    7.3   11.4   12.8   11.4    9.6    8.0    3.1   -0.6    1.83    3.82   11.86    6.93    5.97
1977    0.6    2.9    3.9    3.0    6.0    8.3   11.3   11.2    9.3    8.2    3.8    3.7    0.90    4.34   10.30    7.12    6.06
1978    0.4    0.0    2.9    2.9    6.6    9.2   11.0   10.7    9.6    7.4    5.3    2.2    1.44    4.14   10.34    7.43    5.73
1979   -3.2   -1.3    1.5    3.9    5.7    9.6   11.6   10.6    8.7    7.7    3.1    3.4   -0.72    3.69   10.59    6.54    5.15
1980   -0.7    2.7    1.8    4.2    5.8    9.5   10.5   11.9   11.0    5.3    3.5    2.2    1.77    3.93   10.66    6.59    5.65
1981    1.6   -0.6    5.6    3.9    7.4    9.2   11.4   11.6   10.0    5.1    4.3   -1.6    1.13    5.64   10.78    6.49    5.71
1982    0.3    1.9    1.9    3.7    6.4   11.4   12.2   11.9   10.0    7.1    5.7    1.5    0.14    3.99   11.84    7.59    6.18
1983    3.9   -0.9    2.5    2.9    6.6   10.5   14.0   12.4   10.3    7.0    4.6    2.6    1.60    4.03   12.33    7.28    6.43
1984    1.2    0.9    1.6    2.5    5.6    9.5   11.0   12.5   10.0    7.8    5.7    2.3    1.56    3.24   11.01    7.82    5.89
1985   -2.7   -1.0    0.7    4.3    6.8    8.9   11.8   11.1   10.1    7.5    0.9    4.6   -0.45    3.93   10.59    6.17    5.28
1986    0.7   -3.7    1.1    2.2    6.7    9.9   11.8   10.2    6.7    7.5    4.6    2.8    0.66    3.38   10.66    6.30    5.12
1987   -1.8    0.5    0.8    5.4    5.8    9.3   11.7   11.2   10.2    6.7    3.8    3.4    0.51    3.99   10.73    6.92    5.60
1988    2.9    1.4    3.5    3.9    7.7    9.8   11.2   10.9    9.8    7.8    1.7    4.5    2.55    5.07   10.65    6.44    6.28
1989    2.8    2.5    4.2    3.0    8.0    9.4   13.0   11.6   11.0    8.6    3.0    3.0    3.32    5.09   11.36    7.54    6.72
1990    4.0    4.8    4.3    3.1    7.1    9.4   11.3   12.9    8.4    8.7    4.2    1.7    3.91    4.82   11.20    7.15    6.67
1991    1.4   -2.0    4.5    3.8    6.2    8.5   12.8   12.5   10.1    6.7    3.6    1.3    0.48    4.83   11.31    6.80    5.85
1992    1.0    1.6    4.3    4.6    8.3   10.2   12.7   12.3   10.0    4.4    4.4    1.2    1.31    5.75   11.72    6.25    6.26
1993    3.1    1.8    2.3    5.8    7.7   10.5   11.3   10.2    8.6    5.8    1.7    3.0    2.04    5.29   10.67    5.37    6.02
1994    2.5    0.6    4.5    4.1    7.1    9.7   13.2   12.3    9.6    6.3    8.1    3.5    2.08    5.23   11.76    7.96    6.82
1995    1.8    4.1    1.6    4.8    6.6    9.4   13.4   13.5    9.6    9.5    4.6    0.5    3.07    4.35   12.14    7.91    6.63
1996    2.7   -0.6    1.4    4.1    4.8    9.1   11.4   11.7    9.4    7.9    2.3    0.7    0.87    3.42   10.73    6.54    5.42
1997   -0.8    3.4    4.2    3.6    6.7   10.6   11.8   14.7    9.8    6.4    5.4    3.2    1.01    4.86   12.40    7.19    6.60
1998    2.5    2.6    4.8    4.5    8.6   10.8   11.7   10.9   11.3    7.5    2.7    2.9    2.77    5.99   11.10    7.19    6.76
1999    3.1    2.0    3.6    5.3    8.7    9.3   12.6   12.3   11.8    6.7    4.8    1.7    2.67    5.86   11.39    7.74    6.83
2000    1.3    3.0    3.7    4.2    8.2   10.8   11.1   12.1   11.2    7.4    3.9    3.8    1.97    5.38   11.37    7.50    6.74
2001    0.9    1.6    3.0    4.3    7.5    9.5   12.5   12.8    9.7   10.7    3.5    0.4    2.12    4.96   11.64    7.97    6.40
2002    2.8    4.1    4.0    4.6    8.0   10.2   11.8   12.7    9.7    6.9    6.3    4.2    2.38    5.57   11.56    7.65    7.14
2003    1.5    0.7    3.2    4.4    7.5   11.2   13.0   13.4    8.7    5.1    5.5    2.3    2.20    5.02   12.56    6.39    6.40
2004    2.4    2.5    2.8    4.9    7.4   10.7   11.6   13.4   10.9    7.7    4.9    1.9    2.41    5.03   11.93    7.84    6.78
2005    3.0    1.4    3.2    4.9    6.9   10.8   12.5   11.1   10.9   10.2    2.5    0.7    2.13    5.02   11.47    7.88    6.55
2006    1.8    0.9    1.8    4.8    8.3   10.6   14.2   12.4   13.1   10.3    4.6    3.9    1.17    4.96   12.42    9.33    7.26
2007    4.4    3.2    3.2    6.0    8.3   11.4   11.8   11.2    9.8    6.9    3.7    2.1    3.85    5.84   11.45    6.79    6.85
2008    3.8    1.1    3.0    4.0    9.0   10.2   12.0   13.0    9.5    5.8    4.6    0.7    2.34    5.36   11.75    6.61    6.41
2009   -0.4    1.2    2.5    5.6    7.7   10.1   12.4   12.5   10.3    8.1    6.6    0.4    0.49    5.27   11.66    8.33    6.44
2010   -1.3    0.6    2.4    3.7    5.8   10.0   13.1   11.7    9.7    7.1    2.9   -2.7   -0.11    3.98   11.60    6.56    5.27
2011    1.8    3.6    2.4    6.6    7.8    9.7   10.8   11.8   11.2    8.9    6.9    3.1    0.82    5.60   10.76    9.00    7.06
2012    2.8    0.3    3.3    3.4    8.1   10.4   11.6   12.8    8.7    7.1    3.8    2.0    2.10    4.95   11.64    6.53    6.23
2013    1.5    0.3    0.4    3.2    6.0    9.7   12.8   12.5    9.8    9.4    3.5    2.8    1.31    3.21   11.66    7.58    6.03
2014    3.0    3.7    3.3    6.1    8.2   10.6   13.1   11.1   10.8    9.8    6.1    2.2    3.15    5.85   11.62    8.92    7.35
2015    1.4    0.8    3.1    4.3    7.3    9.6   11.9   12.2    8.4    7.6    7.2    8.2    1.47    4.89   11.26    7.77    6.88
2016    2.4    2.1    2.1    3.6    8.1   11.4   12.7   12.8   12.4    7.1    2.8    2.6    4.28    4.61   12.29    7.43    6.68
2017    0.2    3.6    5.5    4.2    8.7   11.9   13.2   11.8    9.8    9.1    3.3    2.0    2.07    6.14   12.29    7.44    6.96
2018    2.9   -0.5    2.1    6.7    8.0   11.1   13.7   12.5    9.3    6.9    5.3    4.4    1.55    5.60   12.47    7.16    6.92
2019    0.7    2.2    4.8    4.4    6.4   10.5   12.8   12.4   10.2    7.5    3.6    3.1    2.43    5.23   11.95    7.12    6.59
2020    3.8    3.8    3.2    5.1    7.1   10.9   11.7   14.1    9.9    7.8    5.9    2.8    3.55    5.12   12.24    7.87    7.18
2021    0.7    2.3    3.1    1.2    6.0   11.5   13.3   12.1   11.6    8.8    3.9    4.6    1.92    3.44   12.28    8.10    6.61