Areal values from HadUK-Grid 1km gridded climate data from land surface network
Source: Met Office National Climate Information Centre
Monthly, seasonal and annual mean of daily minimum air temperature for England N
Areal series, starting in 1884
Last updated 01-Jan-2022 10:59
year    jan    feb    mar    apr    may    jun    jul    aug    sep    oct    nov    dec     win     spr     sum     aut     ann
1884    2.5    1.2    1.5    2.1    5.1    7.5   10.4   10.5    8.8    4.6    1.7    0.4     ---    2.91    9.49    5.03    4.71
1885   -0.4    1.1   -0.3    2.3    3.4    7.7    9.7    8.3    6.5    3.3    2.1   -0.2    0.34    1.79    8.60    3.93    3.63
1886   -1.7   -1.9   -0.4    2.1    4.5    7.4    9.9   10.2    8.3    7.0    2.7   -1.8   -1.28    2.07    9.21    6.00    3.89
1887   -1.4   -0.4   -0.1    0.8    4.2    8.8   10.9    9.0    6.8    2.9    1.2   -0.9   -1.20    1.66    9.56    3.58    3.50
1888   -0.1   -1.3   -1.0    1.6    4.5    7.0    8.4    8.8    6.7    3.4    3.9    1.2   -0.75    1.69    8.05    4.66    3.59
1889    0.0   -0.9    0.1    2.4    6.9    8.9    9.1    9.8    7.5    4.5    2.7   -0.3    0.14    3.18    9.29    4.92    4.27
1890    1.4   -0.2    1.7    1.5    5.7    8.4    9.2    9.1    9.7    5.4    1.2   -2.6    0.34    3.00    8.91    5.42    4.25
1891   -2.1   -0.0   -0.5    0.8    3.8    8.2    9.6    9.5    8.7    4.6    1.5   -0.5   -1.64    1.37    9.12    4.95    3.65
1892   -1.5   -0.8   -2.1    0.7    5.3    7.4    8.5    9.7    7.1    2.7    2.4   -2.1   -0.92    1.31    8.53    4.01    3.11
1893   -1.1    0.3    1.3    2.6    6.3    8.7   10.2   11.5    7.3    4.8    1.1    0.8   -0.97    3.41   10.15    4.41    4.52
1894   -0.7    0.1    0.7    3.6    3.5    7.9   10.3    9.4    6.7    4.3    4.0    1.2    0.07    2.58    9.18    4.99    4.26
1895   -3.8   -5.7    0.7    2.7    5.4    7.8    9.6   10.5    9.1    2.3    3.0    0.1   -2.66    2.93    9.31    4.75    3.52
1896    1.2    0.5    1.5    3.8    5.3    9.8   10.1    9.2    8.4    2.6    1.2    0.3    0.61    3.53    9.68    4.05    4.50
1897   -1.7    1.5    2.0    1.7    3.8    9.0    9.8   10.6    6.6    5.1    3.9    0.8   -0.01    2.49    9.84    5.23    4.45
1898    3.1    0.3   -0.3    3.0    5.5    7.7    8.8   10.3    9.2    7.2    3.0    3.0    1.43    2.71    8.99    6.48    5.10
1899    0.5    0.0   -0.1    2.7    3.9    8.5   11.3   10.8    7.8    3.8    4.7   -1.5    1.20    2.17   10.23    5.38    4.38
1900    0.7   -2.1   -0.4    2.6    4.9    8.9   11.6    9.6    7.8    4.6    3.4    3.6   -0.92    2.36   10.05    5.26    4.65
1901   -0.2   -1.4    0.5    2.5    5.0    7.6   11.6   10.1    8.7    4.5    1.0   -0.4    0.78    2.65    9.80    4.72    4.16
1902    1.0   -2.7    1.9    1.9    3.5    7.8    8.8    8.3    7.7    5.6    3.3    1.6   -0.64    2.44    8.31    5.54    4.11
1903    0.3    2.8    2.4    1.0    5.1    7.2    9.7    9.1    7.6    6.0    2.2    0.0    1.55    2.86    8.67    5.26    4.46
1904    0.4   -0.5   -0.1    3.7    5.3    7.7   10.7    9.5    7.5    5.0    1.6   -0.3   -0.02    2.93    9.31    4.68    4.21
1905    0.2    0.8    1.9    2.2    4.8    8.3   11.2    9.5    7.6    2.5    1.3    2.1    0.21    2.99    9.67    3.78    4.39
1906    1.7   -1.2    0.3    0.7    5.4    8.3    9.5   10.8    7.8    6.3    3.7   -0.7    0.92    2.18    9.58    5.93    4.43
1907    0.0   -1.4    0.8    2.4    5.0    7.5    8.6    8.9    7.6    5.3    2.4    1.0   -0.69    2.77    8.35    5.09    4.05
1908   -1.3    1.2   -0.2    1.3    6.7    7.8   10.1    9.0    8.2    7.5    2.9    0.1    0.30    2.59    8.96    6.21    4.44
1909   -0.4   -0.9   -0.8    2.4    4.2    6.6    9.6    9.9    7.0    5.7    0.8   -0.2   -0.41    1.95    8.74    4.50    3.69
1910   -0.7    0.6    1.4    1.8    5.2    8.6    9.1   10.3    7.4    6.6   -0.8    2.9   -0.13    2.81    9.33    4.42    4.39
1911    0.6    0.7    1.1    3.0    6.7    8.0   10.7   11.6    7.5    4.7    2.3    2.3    1.42    3.61   10.11    4.83    4.96
1912   -0.1    0.9    2.8    2.7    5.9    8.9   10.7    8.3    6.5    3.5    2.6    2.1    1.02    3.82    9.29    4.20    4.58
1913    0.2    0.6    1.2    3.1    5.7    8.3    9.3    9.2    8.9    6.5    4.1    1.5    1.00    3.34    8.94    6.49    4.91
1914    0.3    2.7    1.5    3.5    5.0    8.1   10.5   10.2    7.4    6.0    2.8    0.9    1.44    3.34    9.64    5.41    4.92
1915    0.6   -0.0    0.6    2.3    4.2    7.4    9.3    9.8    7.7    4.5   -1.0    0.9    0.49    2.38    8.87    3.74    3.89
1916    3.6   -0.1   -0.4    2.7    5.5    6.7    9.9   10.7    8.0    5.7    3.4   -1.1    1.45    2.58    9.11    5.67    4.54
1917   -0.6   -2.7   -1.4    0.0    5.8    8.3    9.9   11.0    9.2    2.7    4.3   -0.8   -1.46    1.50    9.76    5.34    3.84
1918   -0.4    2.6    1.1    2.1    6.6    7.1    9.5   10.7    6.9    5.2    1.1    2.6    0.40    3.29    9.11    4.38    4.61
1919   -0.4   -1.7   -1.0    2.3    6.4    8.2    8.5    9.7    7.2    2.9   -0.5    1.2    0.25    2.57    8.80    3.21    3.60
1920    0.7    1.4    2.2    3.5    5.9    8.2    9.5    8.7    7.6    5.8    3.5    0.8    1.10    3.87    8.83    5.63    4.84
1921    3.0    1.0    2.5    2.4    5.1    7.8   10.9   10.2    8.4    7.9    0.8    2.7    1.62    3.33    9.64    5.72    5.25
1922   -0.5    0.0    0.5    0.2    6.3    7.6    8.3    8.5    7.2    4.1    2.1    2.2    0.75    2.34    8.15    4.47    3.91
1923    2.2    1.5    2.0    2.4    3.7    7.4   11.9    9.6    7.3    5.1   -0.3   -0.2    1.99    2.73    9.64    4.04    4.41
1924    0.6    0.2   -1.7    1.4    6.1    8.4   10.0    9.1    8.8    5.8    3.3    3.7    0.19    1.97    9.16    5.99    4.66
1925    1.4    0.8    1.0    2.3    6.2    8.3   10.9   10.4    6.5    5.5   -0.5   -1.2    2.00    3.18    9.88    3.85    4.33
1926    0.8    2.6    2.0    3.9    4.3    8.0   11.6   10.6    8.9    3.3    1.7    1.1    0.69    3.41   10.08    4.62    4.91
1927    1.0   -0.0    2.6    2.8    4.6    6.5   10.6   10.5    7.8    5.6    2.1   -0.8    0.70    3.33    9.26    5.19    4.48
1928    1.0    1.4    1.6    2.9    4.9    6.9   10.1   10.0    7.2    5.3    3.6   -0.4    0.53    3.11    9.02    5.36    4.55
1929   -1.3   -3.3   -0.1    1.3    5.1    7.4    9.9    9.9    8.8    4.8    2.3    1.8   -1.59    2.13    9.10    5.31    3.95
1930    1.2   -0.9    0.6    3.7    5.0    8.8   10.2   10.4    9.0    5.9    1.8    0.8    0.77    3.08    9.83    5.58    4.75
1931   -0.6   -0.1   -1.2    3.0    5.6    8.8   10.7    9.0    7.1    3.7    3.9    1.7    0.06    2.45    9.50    4.88    4.32
1932    2.2    0.1    0.4    1.6    5.4    7.8   11.2   11.3    7.7    4.0    3.1    2.6    1.35    2.47   10.11    4.90    4.79
1933   -1.2    0.3    1.6    3.9    6.6    9.0   11.7   11.5    9.0    6.0    2.4   -0.5    0.57    4.04   10.74    5.82    5.05
1934    0.7    0.6    0.3    2.8    5.4    8.5   11.4    9.6    8.6    6.2    2.7    4.6    0.25    2.83    9.82    5.84    5.14
1935    1.1    2.0    2.5    3.0    3.8    9.2   10.7   10.4    8.1    4.8    2.9   -0.6    2.60    3.11   10.10    5.28    4.84
1936   -0.2   -1.7    2.5    1.2    5.4    8.5   10.7   10.5   10.0    4.9    1.6    1.3   -0.83    3.07    9.92    5.50    4.59
1937    1.3    1.0   -1.0    4.2    6.4    8.5   10.9   10.6    7.8    5.8    1.7   -0.6    1.19    3.19   10.03    5.12    4.75
1938    1.9    1.5    4.4    2.4    5.0    8.6    9.7   10.4    8.7    6.0    5.0    0.9    0.94    3.94    9.58    6.56    5.40
1939    0.3    1.5    1.7    3.2    5.6    7.8   10.4   11.1    9.3    3.8    4.2    0.5    0.85    3.52    9.77    5.75    4.96
1940   -5.2   -1.3    1.2    2.9    6.0    9.2    9.6    9.6    7.0    5.5    3.0    0.7   -2.04    3.37    9.47    5.15    4.02
1941   -2.8   -1.3   -0.0    1.9    3.7    8.4   11.1    9.7    9.9    6.0    2.3    2.0   -1.10    1.88    9.72    6.07    4.27
1942   -2.1   -3.7    0.1    2.9    5.0    7.9    9.7   11.4    8.3    6.1    1.5    2.7   -1.17    2.68    9.67    5.29    4.20
1943    0.7    1.9    1.6    5.0    5.1    8.7    9.6   10.4    8.0    5.9    2.5    0.5    1.75    3.88    9.58    5.46    4.99
1944    2.0    0.2    0.6    4.4    5.2    7.9   11.2   11.0    7.2    4.9    2.0    0.5    0.90    3.39   10.05    4.69    4.76
1945   -3.3    2.8    3.0    3.9    5.9    8.9   11.3   10.1    9.1    6.9    4.2    1.3   -0.08    4.27   10.14    6.73    5.36
1946   -0.8    1.9    0.5    4.1    4.7    7.6   10.6    9.3    9.1    5.9    4.4   -0.3    0.75    3.06    9.17    6.45    4.74
1947   -0.8   -4.1   -1.5    3.4    6.7    9.8   11.6   11.3    9.1    6.3    2.5    1.7   -1.64    2.88   10.88    5.99    4.73
1948    1.3    1.1    2.4    3.3    4.5    8.1   10.3   10.0    9.1    5.5    3.3    1.6    1.38    3.41    9.46    5.95    5.05
1949    1.3    1.1    0.5    4.8    4.9    8.1   10.9   10.9   10.6    7.0    2.9    2.1    1.35    3.38    9.98    6.86    5.45
1950    1.1    0.5    2.4    2.1    5.7    9.7   10.6   10.3    8.2    5.6    1.8   -2.0    1.28    3.43   10.18    5.20    4.70
1951   -0.0   -0.2   -0.5    1.6    4.5    7.5   10.6    9.9    9.1    5.3    4.5    1.2   -0.75    1.88    9.37    6.28    4.48
1952   -1.3   -0.6    2.2    3.6    7.2    8.6   11.1   10.5    6.5    4.7    0.6   -0.3   -0.25    4.36   10.09    3.93    4.42
1953    0.7    1.0    0.4    1.6    6.9    9.0   10.5   10.6    9.1    4.9    4.9    3.5    0.45    2.98   10.03    6.30    5.29
1954   -0.4   -1.7    1.2    2.3    6.1    8.6    9.3    9.8    7.3    7.5    2.7    3.0    0.55    3.19    9.21    5.88    4.68
1955   -0.9   -2.8   -1.4    3.9    4.1    7.8   10.7   11.7    9.0    4.4    3.7    1.2   -0.15    2.15   10.08    5.64    4.30
1956   -0.2   -3.6    1.3    1.0    5.5    7.8   10.8    8.5    9.4    5.2    2.6    2.5   -0.81    2.63    9.05    5.73    4.27
1957    1.6    0.2    4.3    3.0    4.6    7.8   11.5   10.6    7.9    6.1    3.4    0.7    1.48    3.99    9.97    5.81    5.17
1958   -1.0   -0.0   -0.8    2.2    5.3    8.2   10.5   10.8   10.0    6.4    2.4    0.9   -0.13    2.23    9.86    6.28    4.60
1959   -2.7    1.0    2.7    4.1    6.2    9.0   10.9   11.2    8.3    7.3    3.2    2.3   -0.30    4.33   10.40    6.27    5.32
1960    0.3   -0.4    2.2    3.8    6.7    9.4    9.9    9.8    8.3    6.6    2.9    0.5    0.76    4.25    9.70    5.95    5.02
1961   -0.3    2.6    3.5    4.8    5.4    8.6    9.8    9.8    9.6    6.2    2.5   -1.8    0.88    4.56    9.41    6.14    5.08
1962    0.3    0.7   -2.1    2.5    5.2    7.6    9.5    9.5    8.1    5.9    1.6   -2.0   -0.27    1.85    8.87    5.21    3.91
1963   -4.0   -4.6    1.2    3.6    5.0    9.1    9.3    9.4    7.6    6.4    4.0   -0.1   -3.50    3.27    9.28    5.98    3.95
1964    0.1    0.8    0.7    4.3    7.3    8.6   10.4    9.8    8.1    4.2    3.2   -0.8    0.22    4.12    9.64    5.18    4.75
1965   -0.3    0.3   -0.3    2.7    6.1    8.8    8.9    9.3    8.2    6.4    0.6    0.3   -0.28    2.85    9.01    5.06    4.27
1966   -0.3    1.3    2.2    2.6    5.3    9.9    9.7    9.6    9.1    5.7    2.0    1.1    0.42    3.39    9.71    5.59    4.87
1967    0.7    1.8    3.0    3.2    5.0    8.0   10.9   10.5    8.8    6.4    1.1    0.5    1.18    3.75    9.83    5.44    5.02
1968    0.6   -1.8    1.8    2.6    4.4    8.8    9.8   10.4    9.1    8.6    3.4    0.1   -0.19    2.95    9.67    7.05    4.84
1969    1.7   -2.9   -0.6    1.8    5.9    7.6   10.9   11.3    9.1    8.4    0.8   -0.2   -0.30    2.38    9.99    6.14    4.55
1970   -0.1   -1.4   -0.7    1.9    6.9    9.4   10.3   10.7    9.5    5.9    3.2    1.3   -0.54    2.74   10.15    6.21    4.79
1971    0.9    0.9    1.1    2.8    5.5    7.4   10.7   10.5    8.7    6.6    2.1    3.6    1.04    3.15    9.53    5.78    5.09
1972    0.9    0.8    1.4    3.8    5.7    6.9    9.9    9.5    6.5    5.7    2.3    1.7    1.76    3.65    8.81    4.84    4.61
1973    1.4    0.5    1.5    2.0    6.0    9.2   10.6   10.4    9.0    4.7    1.5    0.6    1.19    3.17   10.07    5.05    4.80
1974    1.9    1.8    1.2    2.3    5.4    7.8    9.9    9.7    7.3    3.9    2.5    4.0    1.41    2.97    9.15    4.55    4.83
1975    2.6    0.6    0.5    3.6    3.9    7.6   11.5   12.3    7.8    5.3    1.8    2.0    2.47    2.68   10.51    4.98    5.00
1976    2.2    1.3    0.6    3.2    6.4   10.1   11.1   10.1    8.5    6.6    1.9   -1.2    1.85    3.39   10.42    5.66    5.08
1977   -1.1    0.7    2.5    2.5    4.6    7.1   10.2   10.0    8.5    7.4    2.4    2.7   -0.54    3.21    9.15    6.11    4.83
1978   -0.6   -1.6    2.2    2.0    5.7    8.2    9.4   10.3    9.5    7.7    4.4    0.1    0.23    3.30    9.33    7.23    4.82
1979   -4.0   -1.9    0.6    2.9    4.5    8.7   10.4    9.7    8.1    6.8    2.3    2.0   -1.94    2.65    9.59    5.73    4.20
1980   -1.0    1.8    0.3    3.3    4.7    8.8    9.6   10.6    9.9    4.4    3.3    1.8    0.93    2.77    9.65    5.85    4.79
1981    0.6   -0.4    3.2    2.8    6.2    8.5   10.4   10.6    9.3    3.4    3.4   -3.9    0.73    4.06    9.82    5.35    4.53
1982   -1.4    1.0    1.3    3.1    5.1    9.8   10.9   10.7    8.8    6.1    4.0    0.2   -1.52    3.18   10.47    6.28    4.98
1983    2.6   -1.7    2.5    1.7    5.3    8.5   12.2   10.9    8.8    5.9    3.8    2.0    0.44    3.18   10.57    6.17    5.27
1984   -0.5   -0.0    1.2    2.0    4.1    8.8   10.2   11.1    9.1    6.5    4.7    1.6    0.51    2.44   10.04    6.77    4.91
1985   -2.2   -1.3    0.2    3.7    5.8    7.1   10.8   10.0    9.4    6.9   -0.2    2.4   -0.59    3.20    9.34    5.41    4.43
1986   -0.4   -3.6    0.6    1.3    6.3    8.7   10.5    8.5    5.8    6.0    3.6    2.0   -0.42    2.73    9.24    5.16    4.16
1987   -2.1   -0.5   -0.0    4.7    4.6    7.8   10.9   10.7    8.3    5.0    3.3    2.5   -0.20    3.06    9.82    5.53    4.62
1988    1.5    1.1    1.6    3.5    5.9    9.1   10.4   10.3    8.5    6.3    1.3    4.0    1.72    3.70    9.95    5.34    5.31
1989    2.9    1.8    2.3    2.0    6.4    8.0   11.5   10.7    9.1    7.2    2.9    1.0    2.93    3.56   10.08    6.40    5.50
1990    2.7    3.3    3.9    2.4    6.2    8.8   10.2   12.1    7.9    7.6    3.4    1.2    2.28    4.20   10.38    6.32    5.83
1991   -0.7   -1.5    3.5    3.2    6.1    7.1   12.0   11.2    8.4    6.4    2.5    1.0   -0.32    4.29   10.15    5.79    4.99
1992    0.1    1.7    3.0    4.0    7.0    9.8   10.9   10.1    8.6    3.4    2.6    0.1    0.94    4.68   10.28    4.87    5.12
1993    1.3    2.0    1.9    4.8    5.9    9.0   10.2    9.0    7.8    3.9    1.0    1.1    1.10    4.18    9.42    4.20    4.83
1994    1.1   -0.9    3.0    3.4    5.2    8.9   11.3   10.4    7.9    5.5    5.9    2.3    0.48    3.85   10.23    6.42    5.37
1995    0.1    2.2    0.6    3.5    5.8    8.3   12.1   11.6    8.6    8.3    4.0   -0.9    1.48    3.32   10.68    6.99    5.37
1996    1.8   -1.1    0.9    3.5    4.0    7.9   10.2   11.0    8.7    6.9    1.5    0.0   -0.02    2.77    9.74    5.74    4.64
1997   -0.8    2.5    3.5    3.7    5.3    8.9   11.0   12.6    8.8    5.3    5.1    2.4    0.51    4.19   10.88    6.38    5.72
1998    1.6    4.0    3.3    3.4    7.3    9.3   10.7   10.6   10.0    5.9    1.9    1.4    2.63    4.68   10.21    5.94    5.80
1999    1.7    1.4    3.1    4.4    7.7    8.6   11.6   10.9   10.3    6.5    4.1    0.5    1.50    5.10   10.37    6.97    5.93
2000    1.3    2.1    3.0    3.1    6.2    9.4    9.9   10.9    9.8    5.9    3.2    2.0    1.29    4.11   10.07    6.28    5.57
2001   -0.3   -0.4    0.3    2.7    6.3    8.5   11.4   11.1    8.9    9.4    3.5   -0.3    0.47    3.12   10.39    7.27    5.14
2002    1.5    2.6    2.6    3.5    7.1    9.4   10.4   12.1    9.1    5.1    4.5    2.6    1.18    4.42   10.64    6.22    5.89
2003    1.3   -0.5    1.9    3.9    7.1   10.3   12.3   11.7    8.3    4.4    4.2    0.8    1.17    4.30   11.42    5.64    5.50
2004    1.7    1.7    2.1    5.1    6.4    9.9   10.5   12.5    9.6    6.4    4.2    1.7    1.38    4.50   10.96    6.72    5.97
2005    2.4    1.1    3.4    3.7    5.9    9.8   11.4   10.5    9.8    9.0    2.1    0.9    1.73    4.30   10.56    7.01    5.86
2006    1.1    0.9    0.5    3.5    6.5    9.8   12.4   11.2   11.5    8.4    4.0    2.8    0.98    3.50   11.15    7.99    6.09
2007    3.0    2.0    2.6    5.3    6.7    9.8   10.6   10.4    8.9    6.3    3.7    1.1    2.60    4.86   10.26    6.31    5.88
2008    2.7    0.6    1.6    3.1    7.3    8.8   11.3   12.1    9.2    5.3    3.5    0.1    1.49    4.02   10.74    6.01    5.49
2009    0.0    1.0    2.4    4.3    6.7    9.0   11.2   11.7    9.5    7.0    4.4   -0.6    0.36    4.47   10.66    6.99    5.58
2010   -1.6   -1.3    1.4    3.4    5.2    9.3   11.9   10.2    9.5    6.0    1.6   -4.5   -1.16    3.32   10.49    5.72    4.29
2011    0.2    2.8    1.8    5.7    7.0    8.5    9.7   10.4   10.2    7.9    5.7    2.1   -0.60    4.83    9.54    7.92    6.00
2012    1.5    0.9    3.4    2.7    5.9    8.9   10.8   11.3    8.3    4.7    2.9    0.8    1.48    4.00   10.34    5.29    5.18
2013    0.6   -0.2   -1.0    2.5    5.5    8.5   12.1   11.6    8.9    8.6    2.1    2.6    0.41    2.32   10.76    6.57    5.19
2014    2.1    2.5    2.8    5.4    7.6    9.9   11.5   10.1    9.6    7.9    4.9    1.6    2.39    5.27   10.50    7.48    6.34
2015    0.8    0.5    1.8    3.0    5.9    8.1   10.3   10.9    7.5    6.3    5.2    5.0    0.98    3.56    9.77    6.35    5.48
2016    1.9    0.6    1.7    2.3    6.7    9.9   11.6   11.7   11.2    6.7    1.5    2.9    2.54    3.58   11.07    6.49    5.75
2017    0.9    2.7    3.9    3.8    7.5   10.8   11.0   10.8    9.1    8.5    2.7    1.0    2.16    5.08   10.87    6.81    6.09
2018    1.7   -0.7    0.7    4.9    7.0    9.7   12.0   11.7    8.6    6.0    4.6    2.9    0.72    4.17   11.15    6.41    5.80
2019    0.8    1.9    3.4    3.2    5.8    9.2   12.4   12.3    9.2    5.6    3.0    2.3    1.87    4.14   11.29    5.93    5.78
2020    3.0    2.2    1.9    4.2    6.1    9.9   10.7   12.0    8.6    6.3    4.9    1.6    2.51    4.08   10.90    6.57    5.96
2021   -0.7    1.1    3.2    0.3    4.8    9.9   12.4   11.5   11.1    8.0    3.9    2.3    0.65    2.81   11.28    7.68    5.69