Areal values from HadUK-Grid 1km gridded climate data from land surface network
Source: Met Office National Climate Information Centre
Monthly, seasonal and annual number of days in the month with air frost (minimum temperature below zero) for England N
Areal series, starting in 1960
Last updated 01-Jan-2022 10:59
year    jan    feb    mar    apr    may    jun    jul    aug    sep    oct    nov    dec     win     spr     sum     aut     ann
1960   15.9   17.1    4.7    2.7    0.4    0.0    0.0    0.0    0.0    0.6    4.2   14.9     ---     7.8     0.0     4.9    60.6
1961   15.9    3.7    2.9    2.1    0.5    0.0    0.0    0.0    0.0    0.1    6.7   21.4    34.5     5.4     0.0     6.8    53.1
1962   10.0   10.4   22.1    4.6    0.5    0.6    0.0    0.0    0.0    1.9    9.7   21.3    41.8    27.2     0.6    11.6    81.0
1963   26.9   27.7    9.2    2.2    0.2    0.0    0.0    0.0    0.0    0.1    4.1   13.1    75.9    11.7     0.0     4.2    83.6
1964   13.3   11.6   11.8    2.0    0.0    0.0    0.0    0.0    0.3    2.6    5.9   17.4    38.0    13.8     0.0     8.8    64.9
1965   16.6   12.1   14.9    4.1    1.4    0.0    0.0    0.0    0.0    0.1   15.8   11.8    46.0    20.3     0.0    15.9    76.7
1966   16.4   11.1    6.2    6.7    0.3    0.0    0.0    0.0    0.0    1.5    6.8    9.4    39.2    13.2     0.0     8.3    58.3
1967   11.6    7.3    3.4    3.2    2.3    0.0    0.0    0.0    0.0    0.3   10.2   13.8    28.3     8.8     0.0    10.5    52.0
1968   14.1   22.7    8.1   10.2    1.6    0.0    0.0    0.0    0.0    0.0    4.3   15.7    50.7    19.9     0.0     4.3    76.7
1969    9.6   20.9   18.1    8.9    0.6    0.0    0.0    0.0    0.0    0.1   13.3   16.5    46.2    27.5     0.0    13.4    88.0
1970   12.5   17.3   18.0   10.6    0.0    0.0    0.0    0.0    0.0    0.7    4.7   10.9    46.3    28.6     0.0     5.3    74.8
1971    9.8    9.2   11.1    4.9    1.4    0.1    0.0    0.0    0.0    1.5   12.1    5.2    29.9    17.4     0.1    13.6    55.3
1972   10.9    8.4    7.8    1.2    0.2    0.0    0.0    0.0    0.4    1.1    9.0    7.3    24.5     9.1     0.0    10.4    46.1
1973    9.7   12.3    9.3    6.2    1.5    0.0    0.0    0.0    0.0    3.6   11.3   13.3    29.3    17.0     0.0    14.9    67.2
1974    6.4    7.6    8.3    4.7    1.1    0.1    0.0    0.0    0.6    2.0    5.2    3.3    27.4    14.0     0.1     7.8    39.3
1975    6.3   10.8   12.4    6.1    2.1    0.3    0.0    0.0    0.1    1.0    9.2    8.5    20.3    20.6     0.3    10.3    56.7
1976   10.3    9.3   13.7    4.6    0.1    0.0    0.0    0.0    0.1    0.1    8.4   20.0    28.0    18.3     0.0     8.6    66.4
1977   17.6    8.1    5.3    6.0    1.7    0.1    0.0    0.0    0.0    0.0    7.9    4.8    45.7    13.0     0.1     7.9    51.6
1978   16.7   17.7    6.3    7.0    0.1    0.1    0.0    0.0    0.0    0.2    5.7   15.5    39.2    13.4     0.1     5.9    69.3
1979   26.9   22.4   12.9    5.0    4.9    0.0    0.0    0.0    0.5    0.4    7.4    9.5    64.8    22.8     0.0     8.3    89.9
1980   19.0    6.4   12.4    3.8    1.3    0.0    0.0    0.0    0.0    3.0    7.1   10.6    34.8    17.5     0.0    10.1    63.4
1981   14.4   18.0    5.7    4.9    1.7    0.0    0.0    0.0    0.0    5.1    3.9   23.7    43.0    12.4     0.0     9.0    77.5
1982   15.1   10.1    7.0    4.0    2.2    0.0    0.0    0.0    0.0    0.9    5.4   15.1    48.8    13.1     0.0     6.4    59.8
1983    5.9   21.0    4.7    8.0    0.1    0.0    0.0    0.0    0.1    4.3    6.4    7.5    42.0    12.8     0.0    10.7    58.0
1984   17.2   13.7    8.4    8.1    2.5    0.0    0.0    0.0    0.0    0.2    0.9    8.9    38.4    19.0     0.0     1.1    59.9
1985   24.8   16.5   13.7    3.3    0.2    0.0    0.0    0.0    0.0    0.1   15.1    8.3    50.2    17.3     0.0    15.2    82.0
1986   16.3   24.6   10.1    8.1    0.0    0.0    0.0    0.0    0.8    0.2    1.8    8.3    49.2    18.2     0.0     2.8    70.2
1987   21.1   15.8   16.4    0.9    1.1    0.0    0.0    0.0    0.2    1.9    3.4    8.3    45.1    18.4     0.0     5.5    69.0
1988    7.0    9.1    9.1    4.4    0.2    0.0    0.0    0.0    0.2    2.6   10.7    1.3    24.4    13.6     0.0    13.6    44.7
1989    3.8    7.0    6.7    6.8    0.3    0.1    0.0    0.0    0.0    0.0    7.2   10.5    12.1    13.8     0.1     7.2    42.5
1990    3.8    3.6    4.7    6.3    0.1    0.0    0.0    0.0    0.0    0.3    4.5    9.2    17.9    11.0     0.0     4.9    32.5
1991   18.6   19.6    4.4    4.7    0.6    0.4    0.0    0.0    0.1    0.7    6.4   11.1    47.4     9.7     0.4     7.2    66.6
1992   16.1    7.4    3.0    2.1    0.4    0.0    0.0    0.0    0.0    6.1    5.7   14.6    34.6     5.5     0.0    11.8    55.4
1993    7.9    6.7    8.3    1.8    0.8    0.0    0.0    0.0    0.2    6.1   13.3   12.2    29.3    10.9     0.0    19.7    57.5
1994   10.9   16.6    3.5    4.0    0.8    0.0    0.0    0.0    0.0    0.9    1.6    7.4    39.8     8.2     0.0     2.5    45.7
1995   15.0    6.1   14.6    5.6    2.5    0.0    0.0    0.0    0.2    0.4    5.5   16.8    28.5    22.7     0.0     6.2    66.8
1996    8.2   20.2   10.4    5.9    3.8    0.0    0.0    0.0    0.0    0.0   14.4   15.1    45.2    20.1     0.0    14.4    78.0
1997   20.4    4.4    3.6    4.3    2.2    0.0    0.0    0.0    0.0    4.6    1.1    6.4    39.9    10.0     0.0     5.7    46.9
1998    9.3    4.5    5.7    4.8    0.1    0.0    0.0    0.0    0.0    1.6    7.5    9.9    20.2    10.5     0.0     9.1    43.3
1999    7.3    9.1    3.6    4.3    0.0    0.0    0.0    0.0    0.0    0.7    3.4   12.4    26.3     7.9     0.0     4.1    40.8
2000    9.1    6.0    6.0    5.5    0.1    0.0    0.0    0.0    0.0    0.5    1.5   10.6    27.5    11.6     0.0     2.0    39.2
2001   17.0   16.9   12.9    4.0    0.8    0.1    0.0    0.0    0.0    0.0    4.8   18.6    44.5    17.7     0.1     4.8    75.2
2002    9.3    5.2    5.8    4.5    0.1    0.0    0.0    0.0    0.0    3.0    0.4    5.7    33.1    10.4     0.0     3.4    34.0
2003   12.1   15.8    8.0    4.7    0.1    0.0    0.0    0.0    0.0    3.4    3.6   14.7    33.6    12.8     0.0     7.0    62.3
2004    9.7   12.1    6.1    0.7    0.3    0.0    0.0    0.0    0.0    0.0    6.0    9.6    36.5     7.2     0.0     6.0    44.7
2005    5.9   10.2    8.2    3.1    1.2    0.0    0.0    0.0    0.1    0.0   12.2   11.6    25.7    12.5     0.0    12.3    52.5
2006   10.4   10.0   14.4    3.6    0.3    0.0    0.0    0.0    0.0    0.0    2.7    6.3    32.0    18.2     0.0     2.7    47.6
2007    5.4    8.3    4.5    0.9    0.1    0.0    0.0    0.0    0.1    1.1    4.4   11.9    20.0     5.4     0.0     5.6    36.7
2008    5.6   11.2    7.6    5.7    0.5    0.0    0.0    0.0    0.0    3.0    5.5   16.1    28.8    13.8     0.0     8.5    55.3
2009   13.9   13.1    5.0    0.9    0.0    0.0    0.0    0.0    0.0    0.2    1.2   17.2    43.1     6.0     0.0     1.4    51.5
2010   17.8   19.6   10.8    3.3    2.7    0.0    0.0    0.0    0.0    1.8   10.2   23.0    54.6    16.9     0.0    12.0    89.4
2011   15.5    3.3    8.5    0.5    0.7    0.0    0.0    0.0    0.0    0.5    1.0    7.6    41.8     9.6     0.0     1.5    37.6
2012   10.1   13.1    2.3    5.2    2.0    0.0    0.0    0.0    0.2    1.6    6.0   11.6    30.8     9.4     0.0     7.8    51.9
2013   15.5   16.2   19.9    7.9    0.6    0.0    0.0    0.0    0.0    0.0    7.9    3.0    43.2    28.5     0.0     7.9    71.0
2014    5.1    3.6    5.6    1.2    0.6    0.0    0.0    0.0    0.0    0.2    1.6   11.8    11.7     7.3     0.0     1.8    29.7
2015   12.7   11.1    7.6    3.2    1.0    0.1    0.0    0.0    0.0    0.1    2.4    1.7    35.6    11.8     0.1     2.5    39.9
2016    9.7   12.9    6.6    6.2    0.4    0.0    0.0    0.0    0.0    0.0    9.0    5.1    24.3    13.2     0.0     9.0    49.9
2017   14.3    4.7    2.7    2.9    0.1    0.0    0.0    0.0    0.0    0.5    6.7   13.9    24.1     5.7     0.0     7.1    45.8
2018    7.3   16.4   13.1    1.4    0.6    0.0    0.0    0.0    0.0    3.0    1.9    5.7    37.7    15.1     0.0     4.9    49.5
2019   13.8    6.6    2.6    5.5    0.9    0.0    0.0    0.0    0.0    1.3    6.5    6.3    26.1     9.0     0.0     7.8    43.5
2020    3.6    5.0    7.8    1.2    2.1    0.0    0.0    0.0    0.1    0.2    1.7    9.0    14.9    11.1     0.0     2.0    30.7
2021   18.5   11.0    4.7   15.0    2.5    0.0    0.0    0.0    0.0    0.2    5.2    6.8    38.5    22.2     0.0     5.5    64.0