Areal values from HadUK-Grid 1km gridded climate data from land surface network
Source: Met Office National Climate Information Centre
Monthly, seasonal and annual total precipitation amount for Northern Ireland
Areal series, starting in 1862
Last updated 01-Jan-2022 11:00
year    jan    feb    mar    apr    may    jun    jul    aug    sep    oct    nov    dec     win     spr     sum     aut     ann
1862  148.8   38.7   97.6   93.4  103.7   85.2  122.3   71.5   55.2  151.7   64.7  118.7     ---   294.6   279.0   271.7  1151.5
1863  107.4   37.0   54.0   62.0   66.3  131.6   11.7  109.7  127.3  151.3   99.6   82.5   263.1   182.4   253.0   378.1  1040.4
1864   59.7   55.3   87.4   68.0   62.8   85.3   49.5   65.3   96.7   62.0  145.5   55.8   197.5   218.2   200.1   304.2   893.2
1865  115.8  120.6   81.5   32.7  104.7   17.2   52.1  134.5   16.2  154.0  114.2   96.3   292.1   218.9   203.8   284.4  1039.7
1866  158.2  100.8   86.9   43.5   41.9   62.1   70.9  121.5  117.5   66.4  135.6  135.0   355.3   172.3   254.5   319.5  1140.3
1867  143.4   94.8   65.2  127.4   94.3   39.8  174.4   78.2   52.6  173.3   40.2   71.9   373.1   286.9   292.5   266.0  1155.3
1868  126.8   96.5  125.7   66.2   58.5   25.4   25.7  136.3   52.7   77.8  129.3  163.2   295.2   250.4   187.4   259.8  1084.1
1869  101.9  145.7   65.1   83.3   69.9   41.7   63.6   53.0  123.0   54.8  158.1  152.9   410.8   218.3   158.3   335.9  1113.0
1870   95.3   92.3   40.8   42.9   63.3   45.5   55.8   65.6   89.9  253.1   57.4  101.6   340.4   146.9   166.9   400.4  1003.5
1871  114.2   92.2   60.5  112.3   18.9   64.7  154.6   77.5   88.2   71.8   70.3   67.2   308.0   191.7   296.8   230.3   992.4
1872  164.1  115.6   78.2   90.2   70.1  128.0   68.4  115.7  161.4  143.8  151.3  165.7   346.9   238.4   312.1   456.6  1452.6
1873  130.7   26.2   61.4   14.7   59.9   45.8  130.5  150.5   85.3   96.4   71.9   33.8   322.6   136.0   326.8   253.7   907.2
1874   65.5   60.4   61.3   59.3   38.3   53.6   75.4  118.8  107.9  112.4  116.6  120.3   159.7   159.0   247.8   337.0   989.9
1875  147.0   38.3   46.1   16.3   60.6   88.7   80.6   98.2  129.6  153.2  137.4   67.7   305.5   123.0   267.6   420.2  1063.8
1876   52.9  124.0  116.5   64.3   17.4   64.9   52.6  105.1  119.6  126.0  113.9  229.8   244.6   198.2   222.6   359.4  1186.9
1877  197.8   94.5   84.2   90.6   76.9   83.5  113.6  119.8   58.6  116.4  149.0  114.0   522.1   251.8   316.8   324.0  1298.9
1878  120.4   53.5   54.6   60.3  121.5   91.6   26.1  113.8  111.9  114.6   78.6   83.0   287.8   236.4   231.4   305.2  1029.9
1879   66.9   62.8   64.3   63.2  107.9  141.3  163.0  110.8  136.0   50.5   39.1   58.0   212.8   235.4   415.1   225.6  1063.9
1880   51.8   76.0   66.4  111.9   33.2   85.3  146.9   43.9   99.6   42.1  118.7   94.2   185.8   211.5   276.1   260.4   970.0
1881   23.0  120.9  103.8   52.9   69.3  109.6   76.3  114.2   69.0   94.4  111.1  107.0   238.2   226.0   300.2   274.5  1051.7
1882   64.8   73.0   85.9   88.4   68.9  103.5  165.1   98.0  109.9   79.7  170.5  117.2   244.8   243.2   366.7   360.2  1225.0
1883  144.4  114.5   50.8   47.2   60.5   58.3   84.9  140.6  147.8  105.8  127.4   79.9   376.1   158.5   283.8   381.0  1162.2
1884  161.0  107.8   97.4   44.6   85.6   26.9  100.7   81.8   90.9   99.0  110.0  115.8   348.6   227.6   209.3   299.9  1121.3
1885   75.7  115.6   68.1   64.9   68.3   19.5   54.8   60.6  151.0  111.2   67.7   58.5   307.2   201.4   134.9   329.9   915.9
1886  140.9   83.9   97.1   58.6  110.7   53.6   91.8   66.6   95.6  125.9  102.7  148.6   283.3   266.3   211.9   324.2  1176.0
1887   79.9   57.0   38.5   54.4   54.9   21.6   90.8   97.6   95.6   60.1   79.3   97.7   285.6   147.8   209.9   235.1   827.4
1888   73.0   26.5   94.4   58.2   78.0  125.7  160.2  117.6   38.8   48.7  142.9  108.3   197.3   230.6   403.5   230.4  1072.3
1889   94.3   86.1   68.5   88.6   91.5   13.5   94.8  187.3   78.8  116.3   64.2   97.5   288.6   248.6   295.6   259.3  1081.4
1890  129.9   34.9   77.1   41.6   50.7   90.4   80.9  111.0   93.5   71.4  235.6   59.8   262.4   169.4   282.3   400.5  1076.8
1891   56.4   11.7   70.1   71.3   86.4   61.9   73.8  175.2   83.4  125.2  101.2  145.7   127.9   227.7   310.8   309.7  1062.1
1892   85.4   54.5   26.9   27.7  127.8   93.4   78.9  163.9   95.9  111.1  125.0   75.2   285.6   182.4   336.3   332.0  1065.8
1893   82.7  102.2   43.2   38.2   36.2   68.4   80.1  145.9   72.5   96.9   64.6  114.1   260.1   117.7   294.4   234.0   945.1
1894  153.4  134.1   63.6   68.0   70.8   80.2  104.9   73.0    5.8  140.4   79.2  106.9   401.6   202.4   258.1   225.5  1080.4
1895   96.8   22.9  104.2   52.9   15.6   57.2  116.1  147.2   19.8  138.2  112.3  134.7   226.6   172.7   320.5   270.3  1017.9
1896   53.1   72.2  116.6   49.8   22.1  103.1  172.1   71.2  143.3  102.2   37.1  136.1   260.0   188.5   346.4   282.6  1078.8
1897   54.7   85.8  143.3   78.6   67.2  182.8   65.5  155.2   59.1   84.7   82.7  134.9   276.6   289.1   403.5   226.5  1194.6
1898   53.4  113.4   41.8  119.8   94.4   86.5   17.0  122.2  113.8  100.2  105.9   91.4   301.7   256.1   225.7   320.0  1059.9
1899  117.0   88.0   64.1  124.0  105.6   70.9   78.2   65.1  114.3   56.3   95.4  164.1   296.3   293.8   214.2   266.0  1143.1
1900  114.3   96.4   28.9   83.0   85.7  124.5  101.0  127.2   68.6  137.6  171.2  123.3   374.9   197.6   352.7   377.4  1261.9
1901   97.1   53.9   93.7   87.2   58.3   89.5   40.0  117.3  107.5  119.4  118.6  122.2   274.4   239.2   246.8   345.4  1104.6
1902   71.7   81.5   65.8   79.6  120.5   63.9  101.8   84.5  105.2   59.1  120.1   98.6   275.4   265.8   250.2   284.4  1052.2
1903  174.2   91.7  153.3   51.4   81.7   52.0  121.9  158.3   96.7  179.5   81.8   97.3   364.4   286.4   332.2   358.0  1339.8
1904  116.7  121.3   70.9   75.3   73.2   41.5  103.1  156.5   96.5   55.0   98.3   76.2   335.2   219.4   301.0   249.8  1084.3
1905   79.6   73.8  122.4   67.9   50.4   71.2   56.3  168.7   56.0   57.8  117.6   79.0   229.6   240.7   296.2   231.4  1000.8
1906  130.4   93.5   79.9   80.6  116.6   33.8   66.1  129.3   41.4  135.7  101.9  118.3   302.9   277.1   229.2   278.9  1127.5
1907   62.5   78.6  117.1   74.8  120.2  143.0   78.4  110.0   34.6  112.0   83.7  101.4   259.5   312.1   331.5   230.4  1116.4
1908   89.7   87.5  129.1   88.7   68.3   73.3   96.3   87.4  141.6   54.7   96.7  111.0   278.5   286.1   256.9   293.0  1124.2
1909   99.3   68.7  112.4  116.4   61.2   54.7  101.0   70.1   69.8  139.6   48.5  107.9   279.0   290.0   225.8   257.8  1049.5
1910   91.6  161.4   48.3   68.9   63.7   99.5  108.2  181.1   32.4   47.3   87.8  126.7   360.8   180.9   388.8   167.5  1116.9
1911   51.5  104.0   42.8   73.7   53.6   56.2   82.4   67.6   42.7   86.5  122.5  179.6   282.2   170.1   206.2   251.7   963.1
1912  105.8   95.7  123.2   53.9   38.1  153.4  113.3  155.1   31.7   89.0  103.9  153.0   381.1   215.2   421.8   224.5  1216.0
1913  144.5   47.0  101.9  111.9   94.0   87.0   43.8   32.9  102.6   83.6  109.6   99.7   344.5   307.8   163.7   295.7  1058.4
1914   64.1  137.5  128.1   53.0   54.9   38.4   69.0  103.7   48.4   47.4  134.2  200.1   301.2   236.0   211.1   230.1  1078.9
1915  104.6  124.0   35.3   75.7   33.3   63.7  129.6   94.2   39.9   82.5   78.8  174.9   428.8   144.3   287.6   201.2  1036.6
1916   94.8  118.8   49.0  117.2  154.4   60.1   81.4   78.7   32.5  189.4  118.0   87.8   388.5   320.6   220.1   340.0  1182.1
1917   68.7   63.8   84.8   77.2  100.9   66.4   61.4  160.5   65.6  182.1  148.5   86.6   220.3   262.9   288.4   396.2  1166.6
1918   92.0  129.5   36.0   43.3   74.6   49.2  112.1  105.2  163.6  123.5  127.5  139.9   308.2   153.9   266.5   414.6  1196.5
1919  129.9   36.8  103.5   62.4   51.9   87.3   19.7  103.8   96.4   54.8   94.4  232.2   306.6   217.8   210.8   245.6  1073.1
1920  145.6   81.2   99.5   96.2  100.4   70.9  100.3   76.5   80.0  156.5  114.6  122.2   459.0   296.1   247.6   351.1  1243.8
1921  146.6   29.0  101.5   41.0   61.1   11.2  116.6  108.9   42.1  103.1  111.4  129.9   297.8   203.6   236.7   256.6  1002.4
1922  129.5  123.9   53.0  110.8   54.6   69.1  114.5  113.0   79.8   39.7   58.0  117.5   383.3   218.4   296.5   177.5  1063.3
1923  115.7  179.1   63.9   99.8   56.5   39.9   86.4  178.4  127.1  125.0  120.8  125.2   412.3   220.1   304.7   372.9  1317.7
1924  118.5   48.5   32.4   91.0  124.3   80.8  135.3  149.0  152.6   77.0   91.1  132.9   292.2   247.7   365.0   320.7  1233.3
1925   95.3  127.7   52.4  111.9  131.7   20.5  106.0   61.3   91.4   91.9   67.2  106.0   355.9   296.0   187.8   250.5  1063.3
1926  164.7  102.2   49.5   61.7   85.9   70.1   92.0  105.2   68.0   98.8  126.4   43.1   373.0   197.0   267.4   293.2  1067.7
1927  124.5   62.5   84.2   49.1   43.0   97.9   86.9   97.3  133.9   89.2  115.8   65.0   230.1   176.2   282.1   339.0  1049.4
1928  190.2  127.1  108.7   53.9   34.7  136.7   63.0  151.4   92.2  158.9  147.4  106.4   382.3   197.3   351.1   398.6  1370.6
1929   52.5   91.4   17.8   37.3   70.1   69.9   91.0  166.2   32.6  145.3  132.9  213.7   250.2   125.2   327.2   310.8  1120.8
1930  128.5   21.8   72.1   51.4   49.1   61.7  109.6  180.9   95.9  159.5  118.4  110.9   364.0   172.6   352.2   373.8  1159.7
1931  104.0   99.4   44.6   83.0  110.6  145.9  120.0   80.1   64.8   69.5  160.6   96.2   314.4   238.3   345.9   294.9  1178.8
1932  109.3    5.2   63.9   96.2   72.2   43.1  131.5   76.0  100.6  103.2   73.6  158.9   210.7   232.2   250.6   277.4  1033.6
1933   83.2   89.5   72.7   47.9   69.3   69.3   81.6   62.1   17.4   82.0   43.8   61.7   331.5   189.9   213.1   143.2   780.5
1934  107.2   11.7   64.5   83.2   83.3   54.4   67.9  142.1  157.8  136.6   35.9  163.1   180.6   231.1   264.4   330.3  1107.7
1935   56.3  117.1   40.6   80.0   29.0  111.6   36.2   69.5  132.6  143.3  133.6   97.8   336.5   149.6   217.3   409.5  1047.7
1936  129.6   64.8   69.6   27.8   46.1   87.7  191.4   72.9  119.7   90.3  121.8  116.7   292.2   143.5   352.0   331.8  1138.4
1937  163.3  137.0   72.0   69.2   39.0   62.0  118.6   94.4   83.8   62.8   47.8   94.8   417.0   180.2   275.0   194.3  1044.5
1938  136.0   51.2   47.9    7.6   80.8  110.5  141.8   68.1   78.2  178.2  156.7  125.1   281.9   136.4   320.4   413.1  1182.2
1939  110.3   89.7  101.2   64.8   29.3   67.1  128.2   47.1   66.8   74.3  155.9   95.7   325.1   195.3   242.4   297.1  1030.6
1940  104.5   87.3  125.7  112.4   35.1   36.3  124.4   30.0   84.9  132.9  138.2  138.9   287.6   273.2   190.7   356.0  1150.6
1941   66.5   96.9  101.4   53.2   60.2   14.0   99.1  123.0   35.4  133.2  136.7   62.9   302.3   214.7   236.2   305.3   982.5
1942  180.7   56.0   91.8   60.5  100.5   14.1  114.1  150.0  142.8  105.6   28.9  141.3   299.6   252.7   278.3   277.3  1186.3
1943  141.0   75.8   38.2   69.3  103.1   94.1   64.9  169.5   84.3   98.5   91.1   77.8   358.1   210.6   328.5   273.8  1107.5
1944  117.5   38.2   24.3   62.9   56.2   85.8   99.2   87.6  150.3  136.9  151.0  133.4   233.5   143.4   272.6   438.3  1143.4
1945  100.4   99.5   42.7   50.6  117.9  117.7  113.2   45.2   90.3  111.5   29.6  113.0   333.3   211.2   276.1   231.4  1031.5
1946  126.8   85.4   44.2   28.7   32.8   97.9  109.3  144.4  179.9   37.9  120.7  132.2   325.2   105.7   351.5   338.5  1140.2
1947  110.1   33.7  137.4  105.0  103.6  106.3  117.0   12.6   81.0   57.4  150.8   79.8   275.9   346.1   235.8   289.2  1094.6
1948  182.1   67.9   72.0   60.8   52.6  100.4   81.9  109.7  110.3   88.1   78.2  164.8   329.8   185.3   292.1   276.6  1168.8
1949   96.8   78.4   68.1   80.5   61.0   29.0   70.6   89.2   67.9  143.3  104.3  152.6   340.0   209.7   188.8   315.5  1041.9
1950   68.6  100.2   53.1  124.5   36.9   65.3  155.6  152.9  191.2   98.8   87.1  104.6   321.5   214.5   373.8   377.2  1238.9
1951   96.8   97.5   82.6   52.5   52.4   67.3   91.9  124.4   73.4   33.7  168.2  137.1   298.8   187.4   283.5   275.3  1077.6
1952  138.7   39.0   49.5   43.4   43.4   71.4   51.0  129.0   59.2  116.9   79.5  119.3   314.8   136.3   251.4   255.6   940.2
1953   39.3   39.8   15.9   54.8   62.9   48.4  135.5   94.1   89.8   63.8  101.7   92.2   198.4   133.6   277.9   255.3   838.2
1954   89.1  119.5   95.6   25.0  107.8   76.4  111.4   82.3  124.3  159.2  148.1  135.9   300.7   228.5   270.0   431.6  1274.6
1955  110.0   96.5   32.8   70.7   83.8  116.2   40.6   32.9  108.0   78.1   70.9  137.6   342.4   187.3   189.7   256.9   978.0
1956   96.5   45.4   52.4   38.7   40.2   88.1  118.4  182.2   99.6   79.9   67.4  143.0   279.5   131.3   388.8   246.9  1051.8
1957  135.1   79.0   87.1   38.7   54.2   44.8  125.5  126.0  138.7  104.6   43.3  146.3   357.1   180.1   296.3   286.7  1123.4
1958  118.9  123.8   49.2   47.0   79.0  145.7  133.3  131.3  110.1   83.1   56.8  141.7   389.0   175.2   410.4   250.0  1220.1
1959   71.8   29.6   83.5   86.8   35.2   62.8   99.1   36.0   44.8  125.8  124.9  161.2   243.2   205.5   197.8   295.5   961.5
1960  114.5   98.6   64.9   81.2   56.0   71.7  163.8  134.8   82.4  128.7  112.0  105.3   374.3   202.0   370.3   323.1  1213.7
1961  117.1  105.4   38.2  143.8   71.8   50.8   72.8   94.6  115.6  124.7   71.0   95.6   327.8   253.8   218.2   311.4  1101.5
1962  120.9   58.2   65.5   55.7   70.1   48.1   61.4  122.5  178.0   49.5   74.5  119.2   274.7   191.3   232.0   302.0  1023.6
1963   38.6   64.1  114.5   73.5   92.7   99.0   73.6  106.9   84.6  127.8  180.5   28.9   221.9   280.7   279.5   392.9  1084.7
1964   54.5   37.9   90.0   62.0   64.8   78.5   55.6  112.0   89.4  139.3   87.2  128.3   121.3   216.8   246.0   315.9   999.5
1965  135.2   15.1   97.8   85.8   75.6  100.7   85.2  105.7  110.1   85.7  119.3  150.0   278.6   259.2   291.6   315.0  1166.1
1966   73.0  161.1   94.7   98.2   96.0  123.9   56.4   74.6   79.7  124.7  108.6  175.0   384.1   288.9   254.9   313.0  1265.9
1967   88.0   90.3   92.2   54.9  121.3   41.3   88.5  105.1  144.8  165.3   97.9  111.2   353.3   268.4   234.9   408.0  1200.9
1968  131.2   43.2   85.5   61.5   78.8   75.3   40.6   78.4  142.5  149.1  100.9   91.3   285.6   225.9   194.3   392.5  1078.4
1969  134.4   82.5   47.0   72.0  105.2   83.7   48.9   60.2   40.3   62.3  139.6  118.5   308.2   224.2   192.7   242.2   994.5
1970  108.0  130.4   86.5   88.3   36.7   60.4   93.7  109.8  126.4  120.2  137.6   43.4   356.8   211.5   263.9   384.2  1141.3
1971   80.8   79.0   50.2   87.0   64.7   94.1   68.8  108.5   39.9   62.6  129.1   34.0   203.1   201.8   271.5   231.6   898.7
1972  130.9   79.2  114.0   84.8  117.1   90.1   73.4   60.0   14.3   55.8  117.7   99.0   244.1   315.9   223.5   187.8  1036.3
1973  116.7   81.8   33.4   58.6   82.6   44.2   81.8   98.9   76.3   58.5  115.6  113.0   297.5   174.7   224.9   250.5   961.6
1974  163.1  101.8   56.3   27.9   81.3   49.6   95.7   82.6  152.6   71.3  112.6  123.7   378.0   165.5   228.0   336.5  1118.7
1975  157.4   35.3   60.3   66.5   20.5   31.5   73.8   54.5  125.3   91.6   83.1   40.8   316.4   147.3   159.8   300.0   840.5
1976  132.6   55.3   84.6   33.1  117.3   58.9   64.7   17.5  118.5  188.1   72.2  102.4   228.7   235.0   141.0   378.8  1045.1
1977  107.2  161.5   85.5   79.5   28.8   54.3   54.2   93.7   74.0  105.1  127.1  102.6   371.0   193.9   202.2   306.2  1073.5
1978  139.9   74.7  121.5   35.1   31.9   60.8   73.8   81.2  120.8   55.4  122.9  198.0   317.2   188.5   215.9   299.1  1116.0
1979   91.4   31.2   98.8   85.3   95.5   55.1   53.3  138.7   79.4  132.3  166.8  128.2   320.5   279.6   247.2   378.5  1156.0
1980  112.9   98.6  113.5   19.9   34.7  114.1   91.6   87.1  128.8  142.9   89.1  143.1   339.7   168.0   292.8   360.8  1176.2
1981  107.6   73.3  131.0   45.2  144.9   86.4   81.2   42.3  174.1  150.8   93.7   94.7   323.9   321.2   209.9   418.6  1225.3
1982  106.4   90.5  114.0   24.2   66.4  118.6   21.1   93.5   98.2  125.6  163.1  144.9   291.7   204.6   233.1   386.9  1166.5
1983  121.0   48.1  116.4   56.4   81.7   51.2   22.9   34.5  111.6  136.1   40.8  140.8   314.0   254.5   108.6   288.5   961.5
1984  183.1  113.3   74.8   30.7   22.6   59.4   53.8   72.5  106.3  115.5  116.3  120.1   437.2   128.1   185.7   338.1  1068.3
1985   74.6   37.4   89.3   76.6   77.4   76.6  115.9  191.2  156.5   48.3   91.2   98.9   232.1   243.2   383.7   295.9  1133.7
1986  158.6    5.4  117.8  105.8  129.5   47.4   73.9  143.5    9.1  110.4  133.4  163.7   262.8   353.1   264.8   252.9  1198.5
1987   48.7   64.3  107.3   47.5   41.7   98.9   71.7  119.7   86.4  139.9   86.5   70.4   276.7   196.5   290.2   312.8   983.0
1988  179.4  113.9  139.9   40.8   47.1   48.1  134.0  131.0  112.1  144.9   58.5   92.5   363.8   227.8   313.1   315.5  1242.3
1989   75.0  102.4  124.9  106.7   32.7   58.3   43.8  117.0   54.7  145.7   51.2   77.6   269.9   264.2   219.2   251.5   989.9
1990  140.4  194.9   64.6   74.0   50.2  127.6   63.5   92.0   47.8  205.7   88.0  120.4   412.9   188.7   283.1   341.5  1269.0
1991  100.5   57.2  112.7  118.8   10.7   97.7   62.6   38.7   60.0  109.2  144.1  123.0   278.1   242.2   199.0   313.2  1035.1
1992   80.2   93.3  144.9  109.0   48.4   40.2   90.0  171.9   90.1   84.2  139.5   86.3   296.5   302.3   302.1   313.7  1178.0
1993  142.2   31.2   66.9  124.8  136.5   74.8  107.1   67.7  107.3   40.3   60.0  196.9   259.7   328.2   249.6   207.6  1155.7
1994  155.4  132.8  130.6   89.3   38.3   69.0   68.0   91.4   74.1   63.9   94.4  152.1   485.0   258.2   228.4   232.4  1159.3
1995  152.7  121.7  108.4   37.3   53.3   32.2   78.4   13.4   85.0  170.4  153.4   65.1   426.5   199.0   123.9   408.7  1071.1
1996  120.1  100.2   54.8  113.4   88.2   45.9   70.0  112.1   37.7  149.5  128.4   62.3   285.4   256.3   228.0   315.6  1082.6
1997   31.7  142.3   51.4   47.0  105.2   94.6   96.5   71.5   57.5   83.0  127.0  137.0   236.4   203.6   262.6   267.5  1044.7
1998  122.1   51.4   85.8  101.4   48.6  117.6  125.6   91.1   83.6  182.2  136.0  121.0   310.5   235.7   334.3   401.7  1266.3
1999  147.1   86.7   64.9   97.2   65.3   68.8   53.4   97.0  179.6   58.3  114.4  222.3   354.8   227.4   219.2   352.2  1255.0
2000   65.1  113.5   57.7  103.0   67.0   60.3   40.0  105.0  132.8  180.9  158.1  152.9   400.9   227.7   205.3   471.9  1236.3
2001   65.3   68.3   68.5   74.6   50.8   65.4   62.7  110.7   57.9  112.6   78.2   82.6   286.6   193.9   238.8   248.7   897.7
2002  126.9  165.4   73.4  102.2  135.6  119.7  105.1   57.1   42.3  200.9  191.9   89.6   374.9   311.2   281.9   435.0  1410.1
2003  107.5   68.8   48.3   52.4  127.9   86.4   94.0   22.8   65.5   52.4  115.3   95.8   266.0   228.6   203.3   233.2   937.1
2004  132.5   51.0   86.8   79.4   48.3  108.6   63.0  114.0  105.8  133.3   60.5  107.3   279.3   214.5   285.6   299.7  1090.5
2005  135.5   60.2   76.7   92.2  103.2   56.0   45.9   91.5   89.2  129.2   82.1  111.9   302.9   272.1   193.3   300.5  1073.5
2006   51.1   46.7  143.3   72.6  113.9   36.2   67.9   91.6  137.4  125.9  131.5  138.9   209.7   329.7   195.8   394.7  1156.9
2007  128.8   87.0   81.3   28.8   71.8  148.1  129.7  105.2   57.2   56.3   87.3  113.1   354.8   181.8   383.0   200.8  1094.5
2008  186.5   60.9  133.2   46.4   18.9   76.0  122.6  206.6  118.3  146.1   80.9   79.3   360.5   198.6   405.2   345.4  1275.8
2009  134.8   38.0   64.4  110.3  100.2   59.2  133.6  165.1   40.3  116.5  216.7   77.9   252.1   275.0   358.0   373.5  1257.1
2010   87.9   62.2  107.3   56.7   43.2   45.6  136.3   62.0  162.0   64.6  145.7   66.9   228.0   207.2   243.9   372.3  1040.4
2011   66.1  136.0   53.6   36.1  106.9  103.0   69.6   71.3  122.9  210.1  130.1  155.9   269.0   196.7   243.9   463.0  1261.6
2012  114.0   67.2   25.5   69.3   60.3  178.2  104.5  112.6  108.5  120.6   83.2  134.1   337.0   155.2   395.3   312.4  1178.0
2013  140.8   74.7   88.9   76.6  105.3   84.6   72.3   55.2   68.6  156.6   65.7  145.0   349.5   270.8   212.1   291.0  1134.4
2014  173.6  170.7   87.2   43.5   89.3   56.1   70.9  136.3    9.5  134.0  177.6  143.9   489.3   220.1   263.3   321.1  1292.6
2015  141.7   82.5   98.9   60.9  123.4   45.5  119.6  120.3   46.2   69.7  190.2  220.2   368.1   283.2   285.4   306.1  1319.1
2016  175.5  109.3   72.1   78.3   58.4   88.8   97.8   67.6   96.6   44.6   81.7   78.3   504.9   208.8   254.3   222.9  1049.0
2017   54.9   74.3  106.0   25.1   56.4  103.8  122.5  123.5  146.3  105.4  113.9  115.7   207.5   187.5   349.8   365.6  1147.9
2018  179.3   82.9   81.4   80.8   53.4   50.6   71.9   98.9   55.5   70.4  144.2  108.9   377.9   215.6   221.4   270.2  1078.2
2019   55.1   78.6  160.7   73.5   59.5  106.6   82.9  153.1  110.9   99.4  119.5  110.6   242.6   293.8   342.5   329.8  1210.4
2020   70.0  231.9   69.7   23.9   31.0  123.2  121.3  153.9   78.2  162.8  122.1  135.6   412.4   124.6   398.4   363.2  1323.6
2021  123.0  109.5   74.0   24.8  116.3   39.3   43.3  106.8   85.3  126.5   69.0  136.6   368.1   215.2   189.4   280.7  1054.4