Areal values from HadUK-Grid 1km gridded climate data from land surface network
Source: Met Office National Climate Information Centre
Monthly, seasonal and annual number of days in the month with precipitation amount >= 1mm for Northern Ireland
Areal series, starting in 1891
Last updated 01-Jan-2022 11:00
year    jan    feb    mar    apr    may    jun    jul    aug    sep    oct    nov    dec     win     spr     sum     aut     ann
1891   14.9    3.2   15.5    9.4   15.4   11.6   12.4   22.0   17.8   15.0   17.2   20.7     ---    40.3    46.0    50.0   175.0
1892   18.3   11.8    6.8   10.1   17.8   14.1    9.6   18.8   20.1   17.8   18.0   14.2    50.7    34.7    42.6    55.9   177.3
1893   16.7   17.9    9.7    6.3   10.1    9.9   15.0   18.3   16.7   19.8   11.3   22.4    48.7    26.1    43.3    47.8   174.1
1894   23.0   19.4   13.7   18.5   15.0   14.7   22.2   18.8    1.5   13.0   16.6   18.7    64.9    47.2    55.7    31.1   195.2
1895   17.8    4.2   21.7   13.0    3.2   11.3   18.2   23.5    7.1   18.1   18.9   20.3    40.7    37.9    53.0    44.2   177.4
1896   11.5    8.4   22.0   12.6    4.9   16.7   19.5   14.3   23.6   18.9    7.7   19.7    40.2    39.6    50.4    50.2   179.9
1897   10.9   14.5   24.9   16.8   13.2   19.4   12.1   21.1   14.5   13.3   15.0   17.0    45.2    54.9    52.6    42.9   192.8
1898   15.9   20.9   11.6   16.8   18.1   16.7    4.0   19.9   14.3   12.8   17.3   21.2    53.8    46.5    40.6    44.5   189.5
1899   19.9   12.9   11.1   20.2   13.7    8.2   10.3   11.7   21.0   11.7   14.1   20.5    53.9    45.0    30.2    46.8   175.3
1900   26.1   13.7    8.1   17.1   15.2   19.6   16.9   15.7   15.3   23.8   19.3   25.6    60.3    40.4    52.1    58.3   216.3
1901   19.6   11.0   12.8   15.5   11.5   14.9   11.1   18.2   20.7   22.8   10.8   21.1    56.3    39.7    44.1    54.3   189.9
1902   16.7   12.3   19.3   16.0   21.3   13.2   20.0   16.4   15.1   14.1   18.6   15.5    50.1    56.5    49.6    47.8   198.4
1903   22.0   18.8   27.6   12.9   18.0    9.4   19.2   27.2   16.0   28.7   17.6   18.3    56.2    58.6    55.8    62.2   235.6
1904   21.7   19.8   15.6   20.4   15.0   10.5   20.5   23.9   14.0   13.9   18.5   18.5    59.8    51.0    55.0    46.3   212.4
1905   18.3   18.1   25.0   16.6   10.9    8.8   15.4   21.6   12.7   14.9   19.3   19.0    55.0    52.5    45.8    46.9   200.6
1906   25.1   20.6   13.3   16.6   23.1    7.6   15.3   18.7    9.7   25.2   17.2   22.7    64.7    52.9    41.6    52.1   214.9
1907   12.3   15.9   17.7   19.1   19.0   24.2   15.7   23.6    6.0   22.6   17.4   19.6    50.9    55.9    63.5    46.0   213.2
1908   18.2   18.4   23.1   16.5   18.9   12.5   16.3   16.4   22.6   12.4   16.6   20.9    56.3    58.5    45.2    51.6   212.8
1909   18.4   14.4   19.6   19.8   14.1    7.6   20.2   12.8   13.6   22.5   10.8   19.8    53.7    53.5    40.7    46.8   193.7
1910   20.1   26.7    9.4   18.9   16.9   18.6   17.4   22.1    6.4    9.1   19.0   23.5    66.6    45.2    58.1    34.5   208.1
1911   11.7   17.1   10.7   14.7   10.7   12.2   16.4   13.6   12.4   14.0   19.3   27.0    52.4    36.1    42.2    45.7   179.9
1912   14.6   14.3   26.2    9.7   11.1   23.8   14.4   18.5    7.3   14.9   17.1   27.2    55.9    47.0    56.8    39.3   199.2
1913   20.8   11.7   20.6   19.2   20.5   15.2    9.6    7.9   10.9   14.6   21.7   16.6    59.7    60.2    32.7    47.1   189.1
1914   12.7   23.2   21.7   13.1   12.7    9.4   13.9   17.8   11.3    8.2   18.5   24.8    52.5    47.5    41.1    38.0   187.3
1915   20.0   19.3   10.4   16.2    6.1    9.4   23.9   16.3    9.3   12.2   10.9   25.4    64.0    32.7    49.6    32.5   179.5
1916   20.4   19.9   11.6   15.9   19.7   13.7   13.2   14.9    7.3   26.3   19.7   19.4    65.8    47.2    41.8    53.3   201.9
1917   12.1    8.2   16.7   13.4   14.3   14.5   11.0   23.4   14.8   25.5   19.3   16.8    39.7    44.5    48.9    59.6   190.1
1918   18.3   21.9    8.5    9.3   13.5   11.2   16.3   16.2   24.2   20.6   15.9   24.3    56.9    31.3    43.6    60.7   200.0
1919   20.8    7.0   15.2   14.5   10.7   17.8    3.3   16.2   18.1   10.3   15.2   26.4    52.1    40.4    37.3    43.6   175.4
1920   23.8   15.9   19.3   17.7   19.6   13.6   21.3   11.7   14.9   11.9   17.8   16.5    66.1    56.7    46.6    44.5   204.0
1921   23.1    7.5   22.9    9.4   14.3    3.6   14.1   20.7    9.4   17.2   18.0   23.6    47.1    46.6    38.4    44.7   183.8
1922   23.8   20.1   13.0   15.2   10.8   15.6   21.6   19.5   15.2    8.1    9.9   18.9    67.5    39.0    56.7    33.3   191.8
1923   19.1   23.4   12.9   16.4   15.1   10.9   19.5   24.5   20.3   24.4   20.0   22.7    61.5    44.4    54.8    64.6   229.1
1924   19.7    9.9    6.8   13.9   22.3   17.7   23.1   25.1   18.8   16.4   12.2   18.6    52.3    43.0    65.9    47.4   204.5
1925   15.7   20.9   11.3   17.9   23.4    4.9   15.2   14.0   18.2   14.3   13.2   21.9    55.2    52.6    34.1    45.8   190.9
1926   21.1   18.1   11.2   12.0   17.0   10.6   13.7   17.9   14.1   15.0   17.7   10.1    61.1    40.3    42.2    46.8   178.7
1927   22.7   13.4   17.6   15.7    8.8   17.1   15.6   17.5   20.8   13.0   20.0   11.0    46.3    42.1    50.2    53.8   193.3
1928   28.1   16.8   17.1   12.7    6.3   22.5   12.0   19.0   13.7   22.4   20.1   19.2    55.9    36.1    53.5    56.2   209.8
1929    8.3   13.9    4.6    8.9   10.9   14.0   14.2   22.7    7.5   21.6   24.3   25.9    41.4    24.4    50.9    53.5   176.9
1930   22.6    4.7   16.7   13.0   11.6   11.7   16.3   24.2   14.9   25.3   15.1   16.4    53.2    41.4    52.2    55.2   192.6
1931   21.1   19.3    9.7   16.5   20.0   17.8   22.0   10.2   10.7   14.1   21.7   17.5    56.8    46.2    50.0    46.6   200.6
1932   17.9    1.2   13.1   20.6   14.4    5.3   22.7   12.4   16.8   19.8   13.6   18.7    36.6    48.1    40.4    50.1   176.4
1933   12.5   16.7   15.0   10.3   16.9   10.0   16.0   13.1    3.1   15.3   10.3   10.2    47.8    42.2    39.1    28.7   149.4
1934   18.1    3.7   16.6   15.7   15.1    9.0   15.3   21.4   21.4   21.9    9.3   25.5    32.0    47.5    45.7    52.5   193.0
1935   11.5   20.8    9.0   18.0    5.1   21.1    9.3   13.3   18.9   24.1   19.8   15.6    57.8    32.0    43.6    62.8   186.3
1936   18.3   13.3   15.1    8.7    9.8   14.5   24.0   11.9   14.6   15.0   17.1   19.4    47.1    33.6    50.4    46.7   181.5
1937   19.8   23.1   15.4   12.3   11.2   13.1   17.3   14.0   18.1   10.2    7.4   16.9    62.3    39.0    44.4    35.7   178.8
1938   21.2   11.1    9.8    2.5   16.0   19.6   18.7   14.6   13.6   23.6   22.5   18.8    49.2    28.3    52.9    59.8   192.0
1939   18.0   17.7   19.7   15.1    8.2   11.2   20.1    8.5    7.8   15.2   24.2   13.3    54.4    43.0    39.8    47.2   179.0
1940    9.7   15.0   18.2   19.7   10.1    9.5   22.0   10.3   15.9   13.0   17.6   19.6    38.0    48.0    41.8    46.5   180.5
1941   12.3   16.8   15.4   10.9   10.1    5.1   16.6   22.7    6.7   16.7   16.7   13.2    48.6    36.4    44.3    40.1   163.1
1942   24.0    9.7   15.6   11.0   16.4    4.6   20.2   20.6   19.7   21.2    8.3   21.2    47.0    43.0    45.4    49.2   192.5
1943   23.4   15.2   11.5   14.6   15.2   19.2   13.2   22.9   19.6   17.4   20.5   13.2    59.8    41.3    55.3    57.5   206.0
1944   21.5   11.6    7.9   13.6   11.7   17.1   16.0   14.6   17.0   22.5   23.3   19.2    46.3    33.1    47.7    62.8   195.8
1945   13.3   19.5    9.1   11.5   19.8   19.5   14.0   10.2   15.0   10.7    7.1   20.3    52.0    40.4    43.8    32.9   170.2
1946   17.5   16.0   11.2    9.5    9.1   21.7   18.4   20.7   23.1    6.9   19.9   20.9    53.9    29.8    60.9    49.9   195.0
1947   15.3    7.4   19.6   16.2   15.7   18.2   18.5    2.6   17.4   10.3   21.0   13.5    43.6    51.5    39.3    48.8   175.8
1948   25.5   12.1   12.1   15.1   10.7   17.5   14.7   19.7   19.9   15.8   13.4   19.9    51.2    38.0    51.9    49.1   196.5
1949   19.0   16.2   12.3   18.3   14.2    8.2   11.5   16.5   10.8   19.8   18.5   24.0    55.2    44.8    36.2    49.2   189.5
1950   11.4   19.7   10.4   24.4    8.7   12.1   24.6   24.8   25.7   19.3   16.3   20.2    55.1    43.6    61.6    61.3   217.8
1951   18.4   18.0   15.6   12.0    8.7   11.9   13.6   22.7   15.4    7.6   22.4   21.7    56.6    36.3    48.2    45.4   188.1
1952   22.2    9.1    9.9   10.8   11.1   14.2   11.9   17.6   14.1   17.9   14.4   22.1    53.0    31.9    43.7    46.4   175.3
1953   10.1   10.1    4.5   14.9   12.2   11.0   23.0   17.5   15.8   11.1   14.9   16.8    42.3    31.5    51.5    41.8   161.9
1954   17.3   19.8   16.2    6.3   14.9   15.4   19.5   16.3   23.8   21.8   19.0   22.1    53.9    37.3    51.2    64.7   212.4
1955   15.4   14.9    6.6   13.7   18.2   18.4    2.8    8.1   17.5   14.7   11.6   18.0    52.3    38.5    29.4    43.9   160.0
1956   18.7   11.3   14.0    9.8   12.3   14.7   17.2   22.9   15.4   15.2   14.1   18.9    48.0    36.1    54.8    44.6   184.5
1957   19.4   14.9   19.3   10.2   11.3    7.9   17.6   18.1   19.4   16.2    8.0   18.4    53.2    40.8    43.6    43.5   180.6
1958   18.2   17.0   12.4   12.3   14.6   19.7   18.6   19.7   15.8   10.9   11.1   19.8    53.5    39.2    58.0    37.8   189.9
1959   15.0    7.5   17.2   18.3    8.4   13.1   13.3    6.3    6.5   15.1   19.9   25.9    42.3    43.8    32.7    41.5   166.5
1960   16.3   15.4   12.2   12.9   10.6   11.1   24.6   19.0   16.3   16.6   21.3   20.0    57.5    35.7    54.7    54.2   196.3
1961   17.3   17.1    8.5   19.3   11.7   11.8    9.7   18.3   18.8   18.8   13.1   12.9    54.4    39.5    39.9    50.7   177.3
1962   20.4   12.4   12.4   11.7   14.0   11.7   11.0   21.1   19.1    7.8   11.7   14.7    45.7    38.1    43.8    38.6   168.0
1963    7.4    6.3   17.5   13.9   19.6   15.2   14.4   18.5   14.5   19.5   19.3    6.3    28.4    51.0    48.2    53.3   172.6
1964    9.6    9.1   12.5   15.5   14.7   12.8   12.4   16.4   15.6   16.2   15.5   19.2    25.0    42.7    41.7    47.3   169.5
1965   17.6    4.8   15.5   17.9   15.3   17.4   15.1   16.8   13.7   12.0   17.3   22.7    41.6    48.7    49.4    43.0   186.2
1966   11.3   20.2   17.5   14.2   17.0   18.0   13.0   12.7   12.1   16.6   16.4   25.7    54.3    48.7    43.7    45.1   194.7
1967   17.0   14.8   19.2   10.0   20.6    8.8   15.0   16.2   18.9   23.9   15.8   18.5    57.5    49.8    40.0    58.6   198.7
1968   19.3   10.7   14.3   12.7   13.7   13.1    6.7   10.6   19.0   18.1   12.1   14.3    48.5    40.6    30.3    49.2   164.4
1969   21.1   15.1    6.7   11.8   18.2   13.6   10.5   13.8    9.8   12.0   17.4   16.4    50.5    36.7    37.9    39.3   166.4
1970   17.4   17.2   18.9   18.7    9.6   11.9   17.7    9.0   20.8   18.6   22.5   11.5    51.0    47.2    38.6    61.9   193.8
1971   14.6   13.2   10.8    7.6   12.4   14.9   11.2   16.3    7.9   13.3   17.3    7.7    39.3    30.8    42.4    38.6   147.4
1972   18.2   13.9   13.8   14.0   20.4   18.5   12.8    9.8    5.0    9.2   18.3   16.9    39.9    48.2    41.1    32.5   170.8
1973   16.5   15.1    9.0   12.1   15.2    9.0   13.7   16.9   11.8   10.0   16.6   19.2    48.5    36.3    39.6    38.3   165.1
1974   22.4   16.6    8.9    2.8   15.1   11.5   16.7   16.2   21.0   17.2   18.9   22.8    58.2    26.9    44.5    57.1   190.3
1975   23.7    7.1   12.4   16.4    5.1    6.5   12.7   11.8   21.6   11.7   14.4   10.1    53.6    33.9    30.9    47.6   153.4
1976   22.0   10.9   15.0    8.0   21.1   10.9   12.1    3.5   12.6   18.8   11.8   14.6    43.0    44.1    26.5    43.2   161.3
1977   14.3   19.5   16.4   18.2    7.2   10.7   12.4   10.7   14.2   16.4   21.2   17.9    48.4    41.7    33.8    51.9   179.1
1978   20.4   12.0   22.9    9.4    8.4   12.6   14.1   12.8   17.0   13.2   18.7   19.0    50.3    40.8    39.4    48.9   180.5
1979   16.3    8.4   16.6   18.4   20.8   12.4   11.8   17.7   13.6   20.7   22.1   18.7    43.6    55.8    41.9    56.4   197.4
1980   16.3   16.7   19.5    4.2    7.2   20.4   16.7   15.2   21.4   18.5   15.1   22.4    51.6    31.0    52.2    54.9   193.4
1981   18.7   12.7   18.7    7.1   21.7   13.4   15.6    9.9   19.1   21.8   15.9   15.6    53.8    47.5    39.0    56.9   190.3
1982   15.2   15.8   18.9    6.5   13.2   14.5    6.9   17.2   16.1   18.4   22.3   21.5    46.6    38.6    38.6    56.8   186.6
1983   20.9    8.5   19.9   11.6   17.1   10.2    5.3    7.7   17.0   19.6    7.6   20.0    50.9    48.5    23.2    44.2   165.3
1984   23.0   14.1   11.4    7.8    5.9    9.9    8.0   10.5   19.9   19.0   16.1   17.8    57.1    25.1    28.4    55.0   163.4
1985   12.6    6.2   16.2   16.1   12.9   15.7   18.1   27.9   17.3    9.0   14.0   16.7    36.6    45.2    61.6    40.4   182.7
1986   24.2    1.3   21.8   13.3   22.5    9.5   18.2   15.9    2.8   16.5   18.1   23.0    42.3    57.6    43.5    37.4   187.0
1987   10.3   10.5   18.7    9.8   10.3   17.3   10.5   13.5   16.3   14.3   14.4   12.1    43.8    38.8    41.2    45.0   157.9
1988   22.3   16.7   23.6    8.4   10.4    6.3   23.9   18.6   15.4   18.2    9.5   13.6    51.1    42.3    48.8    43.1   186.9
1989   14.7   19.8   20.6   13.9    8.4   10.4    7.5   18.8   11.4   21.4   10.8   11.6    48.2    43.0    36.6    43.6   169.4
1990   22.9   23.5   13.6   13.6    9.4   18.0   11.0   15.9   11.4   21.5   14.6   15.6    58.0    36.6    45.0    47.5   191.1
1991   15.7   11.2   16.7   14.8    3.4   18.5   13.2   10.3   10.1   16.0   20.5   10.0    42.6    35.0    42.1    46.6   160.5
1992    8.6   18.3   23.4   19.3   11.2    5.3   16.7   20.9   15.3   14.0   23.4   12.3    37.0    53.8    42.8    52.7   188.6
1993   23.9    7.4   13.1   17.9   15.5   11.2   19.0   10.7   14.0    8.0   10.9   24.3    43.7    46.5    40.9    32.9   176.0
1994   23.4   16.1   25.3   16.3    8.6   14.1   13.3   15.2   13.6   12.8   14.8   22.6    63.9    50.1    42.6    41.2   196.2
1995   21.6   20.5   20.2    9.4   12.9    5.7   15.3    5.3   14.4   17.7   15.1   10.2    64.6    42.5    26.3    47.2   168.3
1996   15.6   13.3    9.2   17.0   16.2   10.2   13.2   12.7    7.4   21.5   19.5    9.2    39.1    42.5    36.2    48.3   165.0
1997    6.2   20.6   11.5    7.0   14.5   13.4   16.0   12.2   12.3   12.0   17.9   17.6    36.0    33.0    41.6    42.2   161.2
1998   16.3   11.3   15.2   19.5    8.7   18.6   18.3   16.4   15.2   20.6   20.1   21.2    45.2    43.3    53.4    55.9   201.4
1999   21.0   17.1   14.7   17.3   13.3   13.6   12.7   15.6   19.3   12.4   14.5   24.2    59.3    45.3    41.8    46.1   195.6
2000   14.0   21.7   11.0   16.6   14.3   12.2    8.6   16.2   19.4   23.0   24.2   17.1    59.9    41.9    37.1    66.5   198.3
2001   11.4   12.9   11.8   14.6    9.6   13.7   11.4   18.6   13.7   20.9   15.7   12.0    41.4    36.1    43.7    50.3   166.3
2002   19.0   21.9   13.8   14.6   18.4   19.5   16.3   10.3    7.4   17.3   23.7   13.1    53.0    46.8    46.0    48.5   195.3
2003   16.7   11.1   10.5   10.3   23.1   13.2   16.7    5.8   13.7   12.4   15.9   15.5    40.9    43.8    35.7    41.9   164.8
2004   18.2    9.7   13.9   15.8    7.8   15.8   13.9   16.0   16.0   18.4   13.4   18.8    43.4    37.5    45.7    47.9   177.7
2005   18.5   10.7   13.4   14.0   17.0   11.5    9.1   13.7   16.3   16.1   16.8   14.2    48.0    44.4    34.3    49.2   171.3
2006   11.0    9.1   18.5   16.3   16.9    7.0   10.0   17.1   17.6   17.2   19.5   20.8    34.3    51.7    34.2    54.3   181.0
2007   19.5   16.0   13.9    4.3   14.4   16.0   21.9   14.9   10.7    9.5   17.8   17.0    56.3    32.6    52.8    37.9   175.9
2008   23.1   12.3   22.2   13.3    6.2   15.0   16.2   21.5   14.1   21.0   15.5   14.0    52.3    41.8    52.7    50.6   194.5
2009   16.4   10.0   15.7   17.6   19.8    9.6   22.4   20.9    9.3   15.5   21.9   14.3    40.4    53.2    52.9    46.7   193.6
2010   14.7   10.8   10.3    9.6   10.5    7.3   18.9   13.8   19.3   11.2   17.5   10.3    39.9    30.3    40.0    48.0   154.3
2011   12.3   19.0   10.0    7.7   21.2   16.3   11.6   14.5   19.0   21.0   17.1   26.4    41.7    38.9    42.4    57.2   196.3
2012   17.0   13.5    7.0   14.9   11.0   19.8   18.5   18.0   16.2   15.5   16.2   20.1    56.9    32.9    56.3    48.0   187.8
2013   21.4   10.8   12.2   14.0   15.9   12.6    9.9   13.6   12.0   18.0   13.7   20.0    52.3    42.1    36.1    43.7   174.1
2014   23.7   23.7   18.4    9.0   16.1    9.6   15.4   21.1    3.1   18.5   14.6   20.8    67.4    43.5    46.1    36.2   194.0
2015   22.1   12.7   16.0    9.7   19.2   10.0   19.2   17.7    7.8    9.6   21.7   26.6    55.7    44.8    46.9    39.1   192.3
2016   23.6   17.5   14.3   15.2   10.7   15.4   19.2   14.0   16.9    7.2   11.6   11.5    67.8    40.2    48.5    35.7   177.1
2017   10.0   14.1   16.3    8.6   12.3   15.5   17.5   18.5   21.3   16.8   19.0   17.7    35.7    37.2    51.6    57.2   187.8
2018   22.8   15.5   14.8   16.2    9.8    7.3    9.6   18.7   13.5   11.8   17.2   16.9    56.0    40.7    35.6    42.4   173.9
2019   13.4   10.3   19.4   10.6   12.7   17.1   10.6   21.4   18.3   15.5   17.3   16.8    40.6    42.7    49.1    51.1   183.5
2020   14.4   24.6   12.5    4.7    8.1   18.7   18.4   17.5   13.8   21.5   19.2   21.2    55.8    25.4    54.6    54.5   194.7
2021   15.7   14.5   12.8    8.0   17.0    6.3    6.1   12.4   13.2   21.1   14.1   17.8    51.4    37.8    24.8    48.4   158.9