Areal values from HadUK-Grid 1km gridded climate data from land surface network
Source: Met Office National Climate Information Centre
Monthly, seasonal and annual number of days in the month with precipitation amount >= 1mm for Scotland N
Areal series, starting in 1891
Last updated 01-Jan-2022 11:00
year    jan    feb    mar    apr    may    jun    jul    aug    sep    oct    nov    dec     win     spr     sum     aut     ann
1891   21.2   12.9   19.4    8.8   16.3   10.2   21.1   25.2   23.3   19.1   18.6   22.7     ---    44.6    56.5    61.0   218.9
1892   25.8   19.2   11.1   14.8   19.6   16.1   13.1   24.0   21.1   26.2   17.4   17.4    67.6    45.6    53.1    64.7   225.7
1893   21.5   20.6   16.3   12.3   14.7   11.9   18.8   21.8   23.5   26.0   20.0   26.2    59.5    43.3    52.4    69.5   233.5
1894   23.7   24.4   15.0    9.3   21.2   14.6   20.0   21.8    7.6   17.1   21.2   22.4    74.3    45.6    56.5    45.9   218.4
1895   20.7    8.6   22.8   17.1    9.9   16.4   21.7   23.4   15.8   23.0   16.9   20.9    51.7    49.8    61.5    55.7   217.2
1896   18.8   14.0   24.7   20.2    7.8   19.9   19.4   19.4   20.9   22.7   15.9   22.7    53.7    52.8    58.6    59.4   226.4
1897   14.8   16.0   25.9   13.1   17.7   14.5   14.1   19.9   21.2   15.5   18.3   21.4    53.5    56.7    48.6    55.0   212.4
1898   23.6   23.9   22.0   19.7   19.0   15.0   13.0   20.8   18.5   18.7   19.4   28.5    68.8    60.7    48.8    56.6   242.1
1899   20.8   12.9   21.1   23.9   11.7   14.1   19.1    8.9   27.0   17.7   25.0   20.6    62.2    56.7    42.2    69.7   222.9
1900   26.7   17.1   15.2   21.3   15.7   16.7   23.2   14.8   19.8   25.1   19.3   27.4    64.5    52.3    54.6    64.2   242.3
1901   16.7   18.1   18.1   17.6    9.0   17.7   12.9   20.6   12.6   22.1   19.5   26.6    62.2    44.6    51.2    54.2   211.4
1902   22.2   14.0   23.7   14.2   23.7   14.4   20.7   18.4   17.7   18.6   15.7   19.3    62.8    61.6    53.6    52.0   222.8
1903   20.4   23.7   26.0   17.7   15.4   12.5   21.2   25.7   16.4   27.1   23.5   14.6    63.5    59.1    59.4    67.1   244.3
1904   20.5   19.7   14.5   24.1   18.8   14.0   13.4   24.8   15.9   18.8   22.9   20.1    54.8    57.5    52.2    57.6   227.5
1905   20.6   22.7   25.1   18.9   15.7    8.8   19.8   21.5   19.1   24.8   23.3   19.0    63.3    59.6    50.1    67.2   239.1
1906   23.5   21.1   21.8   16.7   23.1    9.9   17.1   20.4   10.8   23.4   23.7   23.9    63.6    61.6    47.3    58.0   235.4
1907   21.2   19.0   19.2   17.8   17.1   26.0   15.8   26.7   11.6   20.4   19.8   20.3    64.1    54.1    68.5    51.8   234.8
1908   21.4   23.2   21.0   15.2   18.2   15.2   14.0   15.2   20.8   11.4   19.4   22.0    64.9    54.4    44.4    51.6   217.0
1909   21.8   12.1   19.0   18.1   17.6    9.9   21.7   18.3   13.3   24.4   19.1   19.7    56.0    54.6    49.9    56.7   214.9
1910   22.8   20.9   14.8   21.7   16.8   11.4   13.5   21.4   10.7   13.6   23.1   24.0    63.3    53.4    46.3    47.4   214.8
1911   17.3   17.9   15.9   17.2   11.8   14.7   18.9   14.5   19.0   15.7   21.3   24.6    59.2    44.9    48.1    56.0   208.7
1912   17.8   16.4   22.7   11.7   14.9   21.5   12.1   20.2    9.3   22.0   23.4   24.8    58.8    49.3    53.8    54.7   216.8
1913   15.3   13.3   23.4   14.8   18.1   16.6    7.9    9.4   12.2   17.9   22.9   20.5    53.4    56.3    33.9    53.0   192.2
1914   17.8   20.3   23.2   14.1   15.4   13.7   16.5   16.3   15.5   14.3   22.9   21.0    58.5    52.8    46.5    52.7   210.9
1915   21.1   20.4   18.4   21.4    9.8    8.1   22.3   19.4   14.4   11.8   17.6   25.6    62.5    49.6    49.9    43.8   210.4
1916   25.1   21.7   18.7   19.3   20.4   17.4   19.4   14.0   13.0   21.1   21.2   22.8    72.4    58.4    50.9    55.3   234.1
1917   15.4   10.9   19.6   21.1   13.1   15.5   12.1   20.7   22.6   28.2   24.4   19.1    49.0    53.8    48.2    75.2   222.6
1918   22.5   21.9   10.6    9.6   13.6   15.9   19.3   22.8   24.9   22.0   15.3   24.6    63.5    33.8    58.0    62.2   223.1
1919   21.5   11.1   18.5   21.2    7.8   21.9    6.9   17.9   20.8   20.9   23.5   25.3    57.2    47.5    46.7    65.2   217.3
1920   24.8   20.4   22.2   20.3   20.4   10.7   23.0   14.2   19.4    8.5   18.5   15.1    70.4    62.8    47.9    46.4   217.4
1921   26.1   11.6   26.8   11.3   20.2   11.0   16.2   18.8   17.8   25.2   12.6   24.7    52.8    58.4    46.0    55.6   222.5
1922   22.9   19.8   18.3   20.3   17.9   19.9   21.7   20.4   15.8   13.8   21.2   22.3    67.4    56.5    62.0    50.8   234.3
1923   26.8   16.3    9.1   15.5   21.0   17.3   20.9   26.3   23.7   28.1   23.2   25.7    65.4    45.6    64.5    75.0   254.0
1924   20.4   16.0   11.0   16.2   22.3   18.0   23.5   22.9   20.4   15.3   14.4   22.9    62.1    49.5    64.3    50.1   223.2
1925   18.5   23.7   21.9   17.8   22.9    9.4   17.0   15.7   22.5   21.2   16.4   23.0    65.1    62.6    42.1    60.2   230.1
1926   22.5   18.2   20.1   16.4   20.0   18.8   12.7   18.6   20.4   22.8   20.1   21.3    63.6    56.6    50.1    63.3   232.0
1927   24.5   14.7   18.3   26.0   16.2   22.8   15.3   18.6   23.9   19.3   21.6    8.4    60.6    60.5    56.7    64.8   229.6
1928   28.5   18.0   17.6   14.7   11.7   20.5   19.6   20.3   17.7   20.5   23.8   21.8    54.8    44.0    60.4    62.0   234.6
1929   12.9    9.7    5.7   16.9   15.7   19.1   16.0   23.2   19.9   27.3   23.3   27.8    44.4    38.3    58.3    70.4   217.3
1930   22.4    6.7   17.6   16.9   15.5   14.8   17.9   23.7   18.2   25.5   21.6   20.5    56.9    50.0    56.4    65.2   221.3
1931   24.2   25.0   11.1   19.9   18.0   17.8   21.4   11.1   12.4   21.6   19.6   21.2    69.7    49.0    50.4    53.6   223.3
1932   22.5    7.8   17.5   21.8   17.1    7.4   21.4   14.4   24.0   27.3   15.4   17.8    51.5    56.4    43.2    66.8   214.4
1933   15.2   21.1   14.0   20.0   12.9   10.0   17.9   19.4    8.0   22.1   14.0   10.5    54.1    46.8    47.3    44.1   185.0
1934   22.1   12.9   19.0   22.9   19.0   10.9   17.8   21.3   20.8   25.7   15.2   20.3    45.5    60.9    50.0    61.7   227.9
1935   18.6   19.8   16.0   16.0    7.7   18.2   14.9   16.6   22.5   26.1   18.1   18.7    58.7    39.6    49.6    66.7   213.1
1936   21.7   15.8   13.3   15.3   11.6   11.0   21.7   16.5   14.2   19.1   17.3   24.4    56.2    40.3    49.2    50.6   202.0
1937   23.4   22.0   16.6   10.0   11.1   15.5   15.6   12.6   17.9   14.4   14.6   15.0    69.7    37.7    43.6    46.9   188.5
1938   25.2   14.4   22.2   10.0   16.9   20.6   21.2   15.4   17.4   25.9   24.4   18.0    54.5    49.1    57.1    67.6   231.4
1939   21.2   20.7   20.6   14.1    9.1   13.1   21.4   13.1   12.2   15.2   25.9   17.9    59.9    43.7    47.6    53.4   204.6
1940   11.6   10.3   21.1   14.8   14.0    9.8   24.7   18.3   18.8   17.4   25.0   20.9    39.9    49.8    52.9    61.2   206.6
1941   11.7   19.9   12.9   13.4   12.8    7.1   17.5   23.6   10.6   21.5   19.1   20.6    52.5    39.2    48.2    51.3   190.9
1942   20.2   13.9   11.6   10.6   12.9   11.7   20.6   17.5   20.9   26.1   15.0   23.9    54.7    35.2    49.8    62.0   205.0
1943   20.9   21.2   15.7   20.8   17.3   17.4   14.8   22.2   19.0   20.6   23.5   14.7    66.0    53.8    54.4    63.1   228.1
1944   25.2   16.2   17.4   14.6   15.3   17.3   11.9   15.6   19.9   22.2   23.8   23.4    56.0    47.4    44.9    65.9   222.9
1945   22.3   21.5   16.1   14.7   19.7   19.6   15.8   10.7   16.1   15.0    7.1   22.6    67.3    50.4    46.2    38.2   201.2
1946   17.4   20.8   13.3   15.7    8.3   21.1   22.4   23.3   22.6    4.9   20.7   17.3    60.8    37.4    66.7    48.2   207.7
1947   14.5    6.8   13.8   22.3   13.5   19.2   12.8    1.8   21.8   15.6   25.9   17.5    38.6    49.6    33.9    63.3   185.5
1948   21.0   16.7   14.0   15.7   15.4   18.1   16.7   18.3   22.5   21.7   16.2   19.4    55.2    45.1    53.1    60.5   215.8
1949   24.5   18.4   14.8   22.5   15.7   11.3   11.7   19.5   12.1   20.8   21.4   25.3    62.3    53.0    42.4    54.3   218.0
1950   17.3   17.8   17.7   22.7   10.6   15.7   22.0   20.9   26.7   18.0   21.8   19.5    60.4    51.0    58.6    66.6   230.8
1951   21.1   20.2   19.1   21.7    6.7   12.4   18.6   23.2   14.0   13.1   24.2   25.5    60.8    47.4    54.1    51.2   219.6
1952   22.6   18.2   16.7   13.3   14.9   19.3   17.5   20.7   20.0   19.2   20.2   24.3    66.3    44.9    57.5    59.4   226.9
1953   18.3   18.0    8.4   17.7   14.9   11.8   24.1   20.0   16.8   16.7   22.5   18.2    60.7    41.1    56.0    56.0   207.7
1954   18.4   18.6   15.1   12.3   14.3   16.0   18.7   17.8   23.6   26.0   23.8   25.6    55.2    41.6    52.5    73.4   230.1
1955   18.1   17.2   12.9   13.2   19.8   10.9    5.0    8.3   19.9   23.4   14.1   23.8    60.9    46.0    24.2    57.4   186.7
1956   22.7   16.0    9.2   15.0   17.9   16.7   16.5   21.8   15.4   19.3   17.5   22.7    62.5    42.1    54.9    52.2   210.7
1957   22.5   18.1   18.1   14.3   11.1   15.5   15.9   17.6   20.9   22.2   16.1   20.5    63.4    43.5    48.9    59.2   212.7
1958   23.7   20.1   13.2   16.1   19.2   10.9   14.7   21.9   12.3   20.0   11.9   19.8    64.3    48.5    47.5    44.2   203.7
1959   20.0   11.3   13.5   20.8   10.1   15.1   17.4   15.6    8.8   15.7   22.7   22.4    51.0    44.3    48.2    47.2   193.3
1960   18.3   18.9    7.7   14.1    7.7   14.0   17.2   23.0   14.4   17.8   19.0   19.2    59.6    29.5    54.2    51.2   191.3
1961   15.2   18.2   19.6   15.5    9.8   17.1   16.7   21.8   18.8   24.8   17.2   16.8    52.7    44.8    55.6    60.8   211.6
1962   25.0   18.0   15.0   12.5   16.2   14.5   10.8   23.2   18.9   15.5   17.4   20.3    59.8    43.7    48.5    51.8   207.2
1963   10.1    4.2   18.1   15.4   20.4   13.6   14.2   18.6   18.9   19.2   20.5   13.0    34.6    53.8    46.5    58.5   186.1
1964   13.1    9.5    6.8   19.8   16.8   14.9   16.4   18.6   19.7   15.5   17.5   22.9    35.7    43.4    49.9    52.8   191.6
1965   20.2   12.4   11.3   18.9   16.1   18.1   14.5   17.5   19.8   13.9   16.2   23.0    55.6    46.3    50.2    50.0   202.0
1966   10.7   13.6   24.1    9.0   17.8   18.2   17.3   13.1   17.0   21.2   20.4   27.5    47.3    50.8    48.7    58.6   209.8
1967   20.4   17.5   26.9   16.2   16.9   13.6   18.0   14.4   15.8   26.6   19.3   24.1    65.3    60.0    46.0    61.8   229.8
1968   22.7   14.6   22.7   12.2   14.0   14.5   14.3   11.3   12.0   20.8   10.6   14.7    61.4    49.0    40.0    43.5   184.5
1969   20.6   14.7    9.5   15.3   16.4   12.1   16.3   14.5   16.5   19.5   23.1   17.5    50.0    41.2    42.9    59.0   196.0
1970   14.7   19.9   23.0   21.6   15.8    8.4   20.4   13.4   20.2   21.7   24.3   18.9    52.2    60.4    42.2    66.1   222.3
1971   19.0   14.2   18.1   11.3   14.9   15.3   10.7   12.9   13.2   17.9   23.9   20.8    52.0    44.4    38.8    54.9   192.1
1972   16.2   12.1   12.5   18.0   12.6   19.2   11.5   13.7    9.0   10.8   23.7   16.8    49.2    43.1    44.4    43.4   176.0
1973   15.7   19.5   13.5   16.9   17.5   14.6   12.5   15.5   17.2   15.6   23.0   23.8    51.9    47.9    42.6    55.8   205.2
1974   23.5   18.1   10.0    2.3   14.2   13.0   21.1   17.5   23.5   23.3   22.5   28.8    65.3    26.5    51.6    69.4   217.7
1975   26.0    7.0   15.8   20.7    8.4   10.8   15.9   12.1   21.4   11.3   19.4   22.6    61.7    44.8    38.8    52.2   191.3
1976   23.7   12.8   16.3   13.0   17.9   14.9   12.1    4.6   14.1   19.5   16.6   17.0    59.1    47.2    31.7    50.3   182.7
1977   18.1   14.9   18.3   24.0   10.4   12.5   10.8   10.7   17.0   18.3   22.7   15.5    50.0    52.8    33.9    58.0   193.2
1978   20.5   13.5   23.1    9.5    8.8   12.9   12.9   16.0   23.2   20.2   23.1   15.6    49.5    41.3    41.8    66.5   199.2
1979   20.4    8.9   23.5   19.4   20.3   14.5   18.9   16.5   19.7   15.8   24.0   23.1    44.9    63.2    49.9    59.5   225.1
1980   15.9   14.0   15.2   10.1    6.5   18.5   18.1   18.1   23.1   22.8   20.5   26.7    53.0    31.7    54.6    66.3   209.3
1981   24.7   13.0   20.3    7.9   13.5   17.0   16.7   12.4   19.7   26.0   23.6   14.1    64.4    41.6    46.1    69.2   208.8
1982   16.5   13.8   20.5   12.9   13.6    5.7    9.9   22.6   23.7   20.8   23.2   22.9    44.4    47.0    38.2    67.7   206.1
1983   27.6   10.9   24.1   14.2   13.0   13.0    8.6    9.4   20.8   26.7   13.8   23.6    61.5    51.3    31.1    61.2   205.8
1984   23.1   15.5   13.9   12.2    6.8   11.6    9.8    8.6   22.8   24.9   20.7   20.7    62.2    32.8    30.0    68.4   190.4
1985   13.5    7.5   17.6   21.4   11.9   16.4   20.7   24.9   22.3   12.4   18.2   23.5    41.6    50.9    62.0    52.9   210.2
1986   21.7    4.9   21.4   15.7   21.7    8.1   16.9   16.5   18.0   21.9   24.8   25.7    50.1    58.8    41.5    64.8   217.4
1987   11.7   14.9   20.0    9.1   14.1   15.5   18.6   14.5   20.8   18.9   16.1   15.2    52.4    43.2    48.6    55.7   189.4
1988   22.4   23.8   23.6   11.4    9.7    6.2   23.4   22.4   18.9   16.8   16.1   23.5    61.4    44.7    52.1    51.9   218.3
1989   22.3   24.2   24.3   12.2   12.9   12.5   10.6   21.9   14.0   23.2   11.0   10.8    70.0    49.4    45.1    48.2   200.0
1990   25.1   25.8   23.8   18.8    8.8   16.8   12.4   18.5   18.5   18.3   15.4   20.8    61.8    51.3    47.8    52.1   223.0
1991   15.2   11.4   17.3   14.4   12.2   19.2   14.5   13.8   16.0   16.6   24.4   15.4    47.3    44.0    47.4    57.0   190.4
1992   12.3   20.5   25.5   19.7   12.7    8.8   17.3   23.2   19.8   18.7   24.7   19.1    48.1    57.9    49.3    63.2   222.3
1993   26.8   15.2   16.6   14.4   13.6   14.7   19.6   16.3   10.8   16.6   10.4   25.5    61.0    44.6    50.6    37.8   200.5
1994   25.3   11.0   28.0   19.7    7.4   19.7   11.3   14.1   17.4   16.5   19.8   25.0    61.8    55.1    45.1    53.7   215.2
1995   25.8   23.0   23.0   15.8   17.8    9.3   14.3    8.7   19.0   22.9   15.9    9.3    73.8    56.5    32.4    57.8   204.7
1996   11.8   18.6    8.8   16.4   15.4   11.4   13.5   14.2    8.9   24.7   22.8   14.5    39.6    40.6    39.2    56.3   180.9
1997   10.4   24.4   20.7   12.4   13.3   12.8   14.1   12.3   14.4   15.3   15.9   20.3    49.2    46.4    39.2    45.6   186.3
1998   20.1   22.8   20.8   18.0   11.8   16.3   19.8   17.4   12.5   22.8   21.7   23.2    63.2    50.6    53.4    57.0   227.2
1999   23.3   23.6   19.8   15.2   14.3   16.9   13.7   10.0   17.4   19.3   19.4   25.3    70.2    49.4    40.6    56.1   218.4
2000   22.5   24.8   17.8   15.5   12.6   13.5    8.3   17.0   16.6   25.1   24.8   19.2    72.6    45.9    38.9    66.4   217.6
2001   12.2   16.7   13.5   14.9   10.5   15.1   16.0   17.4   15.3   23.4   23.3   18.4    48.1    38.9    48.5    62.0   196.7
2002   20.1   24.5   17.8   13.5   17.8   20.7   18.8   10.7    9.0   19.6   17.8   10.0    63.1    49.1    50.2    46.4   200.4
2003   20.9    9.4   11.9    9.5   21.3   14.6   14.1   11.5   16.4   16.6   18.8   19.0    40.3    42.7    40.2    51.9   184.1
2004   25.4   16.4   16.0   20.0   12.7   20.7   13.9   16.2   20.3   20.9   22.0   23.6    60.9    48.6    50.8    63.1   228.1
2005   24.9   19.4   17.0   16.0   19.1   13.9    9.1   19.0   17.9   16.1   19.6   16.1    68.0    52.0    41.9    53.5   207.8
2006   13.3   12.9   19.6   20.5   19.0   11.0   12.2   15.8   15.6   21.8   23.1   20.0    42.4    59.0    38.9    60.5   204.8
2007   26.6   18.4   18.1   10.4   19.0   11.6   20.0   19.0   17.6   13.9   22.3   17.7    65.0    47.5    50.6    53.7   214.6
2008   24.6   16.5   24.3   17.3    4.5   18.5   14.6   17.8   15.4   25.8   21.3   17.7    58.7    46.1    50.9    62.4   218.2
2009   19.1   19.6   22.5   12.4   17.9   11.3   20.5   21.8   15.5   20.8   22.7   17.1    56.4    52.9    53.5    59.0   221.2
2010   17.2   13.7   16.9   15.9   13.3    8.4   21.6   16.2   16.5   17.8   18.0   14.4    47.9    46.0    46.2    52.3   189.9
2011   19.6   17.8   16.2   11.1   23.9   15.0   10.9   18.9   23.0   22.0   15.0   27.2    51.8    51.2    44.8    59.9   220.6
2012   21.0   17.4   10.8   21.1   11.6   13.4   15.4   17.0   21.8   17.3   22.1   22.2    65.6    43.5    45.9    61.2   211.1
2013   17.4   11.9    9.1   17.4   16.4   11.2   11.4   18.2   15.2   20.2   22.0   25.6    51.5    42.9    40.8    57.4   195.9
2014   22.5   22.1   17.0   14.5   16.7   12.8   14.2   21.8   10.1   21.9   15.4   24.9    70.2    48.3    48.8    47.4   214.0
2015   26.2   16.7   21.0   14.2   21.0   16.8   20.8   17.5    9.9   12.6   23.1   25.4    67.8    56.3    55.1    45.6   225.2
2016   21.8   20.0   15.8   19.1   10.6   14.5   22.7   15.6   18.3   10.4   17.7   19.5    67.2    45.4    52.8    46.3   205.8
2017   16.1   16.5   19.1   16.9    9.9   19.0   16.7   22.0   19.4   24.5   25.3   24.4    52.1    45.9    57.7    69.1   229.8
2018   20.9   16.5   14.4   14.8   10.0    8.2   12.5   17.8   23.5   21.8   16.0   17.3    61.8    39.2    38.6    61.3   193.7
2019   19.7   16.6   22.7    7.5   16.7   17.2   17.3   20.9   19.4   18.4   14.5   21.8    53.6    46.8    55.3    52.2   212.4
2020   23.6   24.7   19.1    9.7   13.8   16.3   19.5   11.3   16.4   24.0   20.4   24.5    70.1    42.6    47.2    60.8   223.3
2021   18.6   12.1   16.4   12.0   15.8    8.2    8.9   11.5   15.4   22.6   23.6   17.3    55.2    44.3    28.6    61.6   182.5