Areal values from HadUK-Grid 1km gridded climate data from land surface network
Source: Met Office National Climate Information Centre
Monthly, seasonal and annual mean of daily maximum air temperature for Scotland W
Areal series, starting in 1884
Last updated 01-Jan-2022 11:01
year    jan    feb    mar    apr    may    jun    jul    aug    sep    oct    nov    dec     win     spr     sum     aut     ann
1884    6.2    5.6    7.0    9.7   12.5   15.7   17.4   17.4   15.1   10.6    6.7    5.0     ---    9.74   16.85   10.80   10.76
1885    4.0    5.7    6.2    9.3   10.5   15.0   16.9   15.4   12.9    8.1    6.4    5.5    4.88    8.68   15.80    9.12    9.69
1886    3.0    3.1    4.7    9.0   10.7   14.6   16.7   15.6   13.6   11.5    8.0    3.2    3.91    8.13   15.64   11.02    9.51
1887    4.6    6.1    6.0    8.9   13.2   18.4   17.9   16.5   13.6    9.5    6.0    4.6    4.60    9.37   17.61    9.69   10.47
1888    5.3    3.7    4.2    8.3   12.9   15.3   14.6   15.1   13.7   10.5    7.9    6.7    4.57    8.45   14.99   10.69    9.86
1889    6.0    4.8    6.4    8.1   14.9   17.7   16.7   15.2   14.0   10.2    8.3    6.2    5.85    9.82   16.50   10.84   10.73
1890    6.8    4.9    7.6    9.8   14.2   14.5   15.4   15.7   15.9   11.5    7.6    3.1    6.00   10.54   15.20   11.67   10.62
1891    4.3    7.7    5.5    8.4   12.2   16.8   16.6   15.4   14.8   10.7    6.6    6.2    4.97    8.69   16.28   10.73   10.45
1892    3.9    4.9    5.0   10.2   13.2   14.7   15.7   15.6   12.5    8.3    7.8    3.8    4.98    9.48   15.33    9.51    9.64
1893    4.3    5.4    9.1   12.9   14.7   17.9   17.3   17.9   14.1   11.0    6.5    6.9    4.45   12.20   17.69   10.55   11.52
1894    4.6    5.6    8.9   11.7   10.9   15.2   17.5   15.2   14.0   10.4    9.1    6.8    5.68   10.49   15.98   11.15   10.85
1895    1.3    1.2    6.3   10.3   15.3   17.2   15.8   16.1   16.7    8.7    7.5    4.5    3.15   10.63   16.35   10.94   10.11
1896    6.1    6.9    7.5   10.6   16.0   16.9   16.2   15.6   13.8    8.1    7.1    5.0    5.82   11.39   16.21    9.64   10.83
1897    2.8    6.0    6.5    8.5   12.4   15.4   17.9   17.3   13.4   11.7    9.0    6.2    4.55    9.13   16.84   11.37   10.60
1898    7.7    5.6    6.5   10.3   12.1   15.8   16.9   16.7   16.0   12.1    7.7    8.3    6.55    9.63   16.47   11.89   11.34
1899    5.0    6.0    7.3    8.7   11.5   17.7   17.0   19.4   13.6   11.3    9.9    4.0    6.45    9.16   18.06   11.60   10.98
1900    5.2    2.8    5.8   10.3   12.1   16.8   17.0   15.5   15.0   10.0    7.3    7.8    4.05    9.39   16.45   10.79   10.52
1901    5.1    4.5    6.0   10.5   15.8   15.0   19.7   16.4   15.1   10.4    7.5    4.4    5.86   10.74   17.06   11.01   10.90
1902    5.1    3.3    7.6   10.0   10.7   15.6   15.2   15.1   14.3   10.9    8.6    5.7    4.27    9.45   15.29   11.25   10.21
1903    4.3    7.6    7.0    8.4   13.0   15.8   16.2   15.2   14.3   10.6    7.6    4.5    5.83    9.48   15.75   10.84   10.40
1904    5.6    4.3    5.7    9.8   12.1   16.0   16.8   15.9   14.6   11.2    7.2    5.7    4.80    9.21   16.25   10.99   10.43
1905    6.4    6.5    7.9    8.7   13.8   17.7   18.3   15.9   13.7   10.0    6.6    7.5    6.22   10.16   17.28   10.13   11.13
1906    6.4    4.8    6.6   10.7   11.2   17.4   16.8   17.4   16.5   11.7    8.7    5.3    6.27    9.50   17.20   12.31   11.15
1907    5.6    5.0    8.5    9.8   11.7   13.3   16.9   14.9   15.6   10.9    7.8    5.7    5.29   10.00   15.05   11.40   10.50
1908    5.3    6.6    5.9    8.6   14.3   16.8   17.3   16.7   14.4   14.2    9.2    6.2    5.88    9.64   16.93   12.62   11.32
1909    5.6    5.7    5.3   10.9   13.8   15.3   15.8   16.6   14.3   11.1    6.9    4.8    5.84    9.96   15.92   10.75   10.52
1910    4.8    5.8    8.2    8.5   13.8   17.4   17.0   16.5   14.7   11.9    4.7    6.9    5.09   10.14   16.97   10.46   10.88
1911    6.0    6.2    7.0    9.5   15.7   16.9   18.4   19.0   14.7   10.9    7.0    7.0    6.39   10.75   18.13   10.85   11.56
1912    4.6    6.0    7.9   11.8   13.5   15.1   17.6   14.4   13.2   10.3    7.3    7.2    5.85   11.05   15.73   10.28   10.76
1913    4.8    6.2    6.9    9.9   12.8   15.6   17.3   17.2   15.3   12.0    9.0    6.2    6.07    9.86   16.71   12.12   11.12
1914    5.2    7.6    7.0   12.2   12.3   16.9   17.5   17.9   15.1   11.9    8.3    5.2    6.28   10.46   17.45   11.80   11.44
1915    4.7    5.3    7.1   10.2   13.8   17.5   16.6   17.0   15.4   11.1    5.2    5.0    5.06   10.39   17.00   10.58   10.78
1916    8.3    4.8    4.7    9.9   12.7   14.5   17.0   18.4   14.6   11.0    8.2    4.7    6.07    9.09   16.66   11.27   10.76
1917    3.1    4.2    5.2    7.5   13.7   16.1   18.7   17.3   14.8    8.8    8.9    4.7    3.99    8.78   17.40   10.81   10.28
1918    4.7    7.3    7.4   10.2   14.6   15.7   17.2   16.8   12.5   10.6    7.3    7.0    5.52   10.74   16.57   10.12   10.96
1919    4.5    3.8    4.9    9.1   16.1   14.9   17.1   16.3   13.9   10.4    4.5    5.7    5.11   10.06   16.12    9.62   10.15
1920    5.7    7.2    7.5    8.9   13.0   16.7   15.1   15.5   14.4   12.7    9.2    5.7    6.18    9.79   15.74   12.10   10.96
1921    7.5    6.6    7.6   11.1   13.1   17.0   18.9   15.9   15.1   13.6    7.1    8.4    6.60   10.60   17.29   11.98   11.87
1922    4.8    5.7    7.7    8.4   13.1   14.8   14.8   14.8   14.0   10.9    8.3    6.8    6.31    9.76   14.82   11.05   10.37
1923    7.5    5.6    9.0    9.1   10.9   13.9   17.4   15.6   13.1   10.5    5.4    5.2    6.65    9.68   15.64    9.70   10.31
1924    5.8    5.6    6.5    9.0   11.8   14.8   16.0   15.2   14.0   11.3    8.9    8.3    5.54    9.10   15.35   11.39   10.62
1925    6.7    5.5    6.9    9.3   12.5   17.5   18.4   17.1   13.1   11.6    6.1    4.3    6.90    9.61   17.66   10.30   10.80
1926    6.3    7.0    7.9   11.4   12.5   16.1   18.9   17.5   15.3    9.3    7.1    6.3    5.85   10.58   17.52   10.56   11.33
1927    5.9    6.5    8.5    9.0   12.9   13.6   17.9   17.3   13.7   12.2    7.6    3.2    6.25   10.14   16.32   11.18   10.73
1928    6.8    7.2    6.7   10.4   14.4   13.9   15.2   16.7   14.3   11.2    8.9    5.6    5.71   10.48   15.26   11.49   10.95
1929    3.6    2.9   10.2    9.2   14.0   15.3   17.2   15.6   15.5   10.5    7.9    6.6    4.08   11.15   16.05   11.30   10.76
1930    5.8    4.0    6.3   10.4   13.4   17.2   16.4   16.4   14.8   11.1    7.1    5.9    5.53   10.04   16.67   11.01   10.78
1931    5.0    5.2    6.2    9.7   13.5   14.3   16.1   16.8   13.8   11.1    8.9    7.5    5.40    9.77   15.74   11.24   10.70
1932    8.2    6.9    7.4    8.9   12.9   17.7   16.9   17.3   13.9   10.2    7.8    7.1    7.55    9.73   17.31   10.65   11.28
1933    4.5    5.9    9.3   10.7   13.8   18.3   18.9   17.7   17.0   11.6    7.3    5.0    5.82   11.31   18.31   11.99   11.72
1934    7.0    7.3    6.8    9.3   12.5   17.5   19.8   16.3   15.4   10.9    7.7    8.0    6.40    9.54   17.86   11.37   11.57
1935    6.4    6.5    8.5   10.1   14.3   16.0   18.0   17.6   14.4   10.5    7.7    4.0    6.98   10.99   17.22   10.83   11.19
1936    4.2    4.5    8.1    9.6   14.4   17.2   16.8   17.3   15.7   11.7    7.2    6.9    4.25   10.71   17.11   11.55   11.17
1937    6.5    5.5    5.1   10.6   14.4   15.4   17.0   17.8   14.5   11.4    7.8    4.1    6.34   10.05   16.76   11.21   10.88
1938    6.6    6.8    9.8   10.9   12.7   14.7   16.2   17.7   15.3   11.5    9.4    5.9    5.80   11.13   16.20   12.04   11.48
1939    4.8    7.1    7.9   10.3   14.2   17.4   16.4   18.2   15.9   10.6    9.2    5.3    5.89   10.83   17.35   11.88   11.46
1940    1.7    4.1    7.3    9.8   15.3   19.7   16.2   16.5   13.7   11.0    8.1    5.9    3.70   10.78   17.43   10.96   10.79
1941    1.8    4.6    6.6    8.2   12.7   16.9   17.7   16.0   16.5   12.1    8.3    7.4    4.09    9.18   16.84   12.28   10.76
1942    3.6    3.6    6.6   11.9   13.7   15.5   16.5   16.6   14.3   11.2    7.8    8.1    4.91   10.72   16.21   11.10   10.82
1943    5.5    7.7    8.8   11.0   13.6   16.0   17.8   15.8   14.3   12.1    8.0    6.1    7.08   11.14   16.52   11.48   11.41
1944    7.5    6.0    8.0   11.4   12.8   15.3   17.6   18.2   13.9   10.7    7.0    5.9    6.51   10.73   17.04   10.52   11.19
1945    2.6    7.7    9.9   11.4   13.6   15.7   17.9   18.1   16.1   13.1    9.2    6.8    5.33   11.64   17.24   12.82   11.87
1946    5.1    6.9    7.8   11.6   14.9   14.9   16.5   16.0   14.6   11.0    8.8    5.3    6.25   11.45   15.81   11.45   11.14
1947    4.2    0.7    4.2    9.2   14.5   15.8   17.5   21.6   15.3   12.5    8.2    6.4    3.47    9.32   18.32   12.00   10.91
1948    4.8    6.3   10.4   10.8   14.6   15.3   17.4   15.8   14.2   11.2    9.3    7.1    5.82   11.96   16.14   11.58   11.45
1949    7.0    7.3    7.8   10.7   13.6   17.7   18.2   17.5   16.9   12.6    8.3    6.7    7.13   10.73   17.81   12.60   12.07
1950    6.0    5.8    9.1    8.8   14.3   17.2   17.2   16.6   13.3   10.6    6.6    2.9    6.18   10.76   17.00   10.21   10.74
1951    4.7    4.4    5.5    8.3   12.8   16.3   16.8   15.8   15.1   12.2    9.3    7.0    3.97    8.90   16.31   12.18   10.72
1952    3.6    5.8    7.9   11.7   14.9   14.7   17.5   16.4   12.6   10.4    5.8    5.2    5.42   11.50   16.22    9.62   10.55
1953    6.0    6.6    8.8    9.3   14.8   17.4   16.3   16.9   15.2   11.8    9.5    8.1    5.90   11.03   16.90   12.14   11.77
1954    4.9    4.1    7.2   10.6   13.8   15.1   15.0   15.6   13.3   12.0    8.1    7.5    5.74   10.56   15.25   11.16   10.65
1955    3.8    3.0    6.1   11.9   12.3   15.7   20.6   19.8   15.7   10.9    9.3    6.4    4.84   10.10   18.73   11.94   11.34
1956    4.6    3.9    8.5   10.2   13.7   15.1   16.7   14.6   15.2   11.1    8.3    7.6    4.99   10.83   15.49   11.57   10.83
1957    6.9    5.8    9.8   11.3   13.5   17.7   17.3   16.7   13.1   11.6    8.0    6.7    6.79   11.53   17.20   10.95   11.57
1958    5.1    5.3    5.3    9.9   12.4   15.5   17.6   16.6   16.9   11.9    8.6    5.8    5.69    9.19   16.60   12.45   10.94
1959    3.5    6.5    8.8   10.6   16.3   16.4   17.5   18.3   16.9   14.2    8.7    6.8    5.24   11.90   17.42   13.27   12.07
1960    5.5    5.1    7.7   11.6   15.6   18.3   16.6   17.0   14.8   11.6    8.0    5.1    5.82   11.62   17.30   11.44   11.41
1961    5.0    7.6    9.4   10.7   13.4   15.1   15.6   16.0   15.5   11.7    7.4    3.8    5.83   11.17   15.57   11.51   10.94
1962    5.9    6.4    5.1   10.3   12.7   15.5   16.1   15.1   13.4   12.0    7.2    5.3    5.35    9.37   15.54   10.88   10.44
1963    1.8    2.3    7.7    9.8   12.1   16.8   16.3   15.3   14.2   11.9    8.2    5.2    3.18    9.87   16.13   11.41   10.17
1964    6.2    5.9    6.0   10.4   14.4   15.0   16.1   16.1   15.0   10.8    8.7    5.5    5.77   10.26   15.73   11.50   10.85
1965    4.6    5.7    6.9   10.2   12.9   15.8   15.2   15.9   13.7   12.1    5.6    5.3    5.24    9.99   15.61   10.49   10.34
1966    4.1    4.9    8.3    7.5   13.1   16.1   16.6   15.8   14.8   11.0    6.8    6.1    4.77    9.66   16.16   10.87   10.46
1967    5.7    6.4    7.5    9.8   11.4   16.2   16.0   16.6   14.9   11.0    7.8    6.2    6.08    9.57   16.26   11.18   10.80
1968    5.8    3.5    7.6   10.4   11.5   17.0   16.5   17.5   14.9   12.6    7.4    5.1    5.20    9.81   16.98   11.65   10.83
1969    5.9    2.9    5.1    9.8   12.7   16.6   17.0   17.8   15.1   13.9    5.9    5.3    4.67    9.19   17.17   11.66   10.72
1970    4.8    4.2    6.1    8.4   14.0   18.7   14.9   17.6   14.6   11.6    8.0    6.2    4.82    9.51   17.07   11.39   10.80
1971    6.1    6.6    7.5   10.5   13.8   14.6   18.0   16.4   16.0   12.7    7.9    8.4    6.26   10.62   16.34   12.20   11.57
1972    5.0    5.5    7.8   10.4   12.6   13.4   17.5   15.8   14.3   12.7    7.4    7.3    6.33   10.26   15.60   11.49   10.84
1973    5.7    5.6    8.5    9.2   12.6   16.2   17.2   17.0   14.9   11.0    7.3    6.3    6.21   10.12   16.81   11.09   11.00
1974    7.3    6.5    7.3   12.4   13.3   16.0   15.4   16.3   12.8    9.7    7.5    8.2    6.69   10.97   15.91    9.98   11.07
1975    7.2    6.3    6.9    9.9   13.1   17.0   18.0   19.6   13.8   11.7    8.0    7.6    7.26    9.94   18.20   11.17   11.62
1976    6.7    6.0    6.4   10.5   12.9   17.0   19.4   20.0   14.5   11.3    7.7    3.2    6.80    9.90   18.81   11.15   11.31
1977    4.1    4.9    7.9    8.6   13.6   15.7   18.6   17.3   13.8   12.9    6.9    6.8    4.04   10.07   17.18   11.21   10.96
1978    4.4    3.7    7.4    8.6   15.2   15.7   16.1   15.8   14.3   12.7    9.4    4.9    5.00   10.43   15.88   12.15   10.72
1979    2.5    3.1    5.4    8.8   10.9   16.0   15.9   15.8   14.0   12.0    7.8    6.0    3.48    8.36   15.90   11.30    9.89
1980    3.8    6.0    5.8   11.5   15.4   15.1   16.1   16.3   14.8   10.0    7.7    7.1    5.28   10.91   15.82   10.82   10.81
1981    6.3    5.0    8.2   10.9   14.0   14.7   15.9   17.4   15.2    9.0    8.8    2.3    6.16   11.05   15.99   10.99   10.67
1982    4.4    6.5    7.8   11.1   13.8   16.5   18.6   16.5   14.2   11.5    8.2    5.9    4.32   10.90   17.21   11.32   11.28
1983    7.2    4.2    7.5    8.6   11.9   15.4   19.9   19.1   13.8   11.2    8.9    7.7    5.81    9.31   18.17   11.32   11.33
1984    4.0    5.4    6.3   11.5   14.3   15.9   18.9   19.2   13.9   11.8    8.3    7.1    5.67   10.71   18.05   11.33   11.41
1985    2.9    5.0    6.4    9.8   13.3   14.7   16.2   14.8   14.2   12.2    5.8    6.9    4.99    9.83   15.24   10.72   10.21
1986    4.5    2.0    6.9    7.9   11.9   16.9   15.8   15.0   13.6   11.6    9.0    6.5    4.54    8.91   15.89   11.40   10.18
1987    3.2    5.7    5.9   11.3   12.8   14.2   17.3   16.4   14.3   10.3    7.7    6.9    5.16   10.02   15.98   10.74   10.53
1988    5.7    6.0    7.2   10.2   14.4   17.6   15.5   16.0   14.0   11.3    7.9    8.8    6.20   10.60   16.33   11.06   11.22
1989    8.4    6.9    7.9    8.6   14.5   16.2   19.9   16.2   14.6   12.3    7.7    5.0    8.06   10.39   17.45   11.52   11.56
1990    7.3    7.1    8.9   10.2   15.2   15.3   17.9   17.1   13.8   11.9    7.6    6.2    6.44   11.43   16.79   11.14   11.58
1991    4.5    4.4    8.9    9.8   13.7   14.1   18.8   17.7   16.0   11.0    7.8    7.1    5.06   10.81   16.90   11.60   11.20
1992    6.1    7.0    8.0    9.4   15.7   18.1   16.6   15.6   13.7    9.2    8.1    5.4    6.74   11.06   16.72   10.32   11.08
1993    6.8    7.1    7.9   10.7   13.2   16.0   15.3   15.6   14.3    9.7    6.4    5.2    6.42   10.61   15.64   10.15   10.72
1994    5.7    4.0    7.3    9.4   13.2   14.3   18.0   16.4   13.9   11.3   10.4    7.3    5.00    9.96   16.26   11.88   10.98
1995    5.7    6.4    5.9   10.5   13.3   17.4   19.2   21.0   15.3   13.5    9.2    3.6    6.48    9.90   19.21   12.66   11.78
1996    5.7    4.9    6.2   10.0   11.5   15.9   16.9   17.8   16.0   12.4    6.8    4.8    4.74    9.22   16.89   11.76   10.76
1997    4.9    7.3    9.2   11.2   13.9   15.9   18.4   19.7   15.0   11.8    9.5    7.3    5.62   11.45   18.05   12.10   12.05
1998    6.5    8.9    8.8    9.5   14.6   15.2   16.1   16.4   15.9   11.0    8.0    7.7    7.50   10.97   15.91   11.64   11.56
1999    6.1    6.3    8.3   11.2   14.3   15.3   18.4   17.5   16.2   12.1    9.1    5.6    6.69   11.30   17.09   12.45   11.73
2000    6.9    7.0    8.9    9.7   15.1   15.6   17.8   17.8   15.5   11.4    7.8    6.2    6.47   11.23   17.10   11.59   11.66
2001    4.6    5.8    6.7    9.6   15.9   15.0   17.3   17.3   14.8   13.6    9.5    6.3    5.50   10.72   16.52   12.63   11.38
2002    7.6    7.4    9.1   11.2   13.8   15.3   16.3   18.2   16.1   10.5    9.0    5.9    7.07   11.38   16.63   11.87   11.73
2003    5.8    6.3   10.2   13.1   13.1   17.1   18.8   19.3   15.7   11.1    9.8    6.9    5.99   12.11   18.42   12.18   12.29
2004    6.6    7.0    8.6   11.2   14.8   16.2   16.9   18.7   15.4   11.1    9.2    7.9    6.84   11.54   17.28   11.88   11.98
2005    7.7    6.2    9.2   10.9   13.1   16.8   17.9   17.5   15.8   12.9    8.2    6.8    7.29   11.07   17.40   12.31   11.95
2006    6.2    6.5    6.5   10.2   14.0   17.5   20.8   17.5   16.9   13.7    9.4    7.6    6.51   10.21   18.59   13.33   12.25
2007    8.0    7.3    9.1   13.7   13.7   16.8   17.1   16.7   14.6   13.1    9.4    7.1    7.63   12.16   16.85   12.40   12.24
2008    6.9    8.0    7.6   10.4   16.4   16.0   18.0   17.0   14.7   11.0    8.1    5.8    7.32   11.45   17.03   11.24   11.66
2009    5.6    6.0    8.7   12.2   13.9   17.8   18.1   17.0   15.2   12.6    8.7    4.2    5.80   11.60   17.64   12.19   11.70
2010    3.5    4.3    8.0   11.4   13.7   18.1   17.0   16.9   15.5   12.0    6.4    2.3    3.98   11.03   17.35   11.31   10.79
2011    5.2    7.1    8.4   14.0   13.3   15.1   18.0   16.2   15.3   12.5   10.9    6.8    4.77   11.88   16.44   12.92   11.92
2012    6.4    7.0   11.1    9.8   14.5   15.1   16.4   17.9   13.9   10.4    7.9    5.9    6.75   11.81   16.46   10.71   11.37
2013    5.4    5.8    4.8    9.2   12.9   16.4   20.4   17.6   14.9   12.7    7.8    8.3    5.73    8.98   18.14   11.83   11.40
2014    6.3    6.6    8.8   12.2   14.1   17.4   19.5   16.4   16.9   12.8    9.7    6.7    7.09   11.71   17.79   13.10   12.32
2015    5.8    6.1    8.0   11.3   11.7   15.2   16.4   17.0   15.2   12.8    9.6    9.1    6.21   10.35   16.20   12.56   11.56
2016    6.1    6.0    8.5    9.7   15.3   17.5   16.9   17.6   16.2   12.5    7.1    8.9    7.11   11.17   17.33   11.94   11.88
2017    6.7    7.1    9.6   10.7   16.1   16.1   17.2   16.6   14.7   12.9    7.6    6.3    7.56   12.16   16.63   11.75   11.83
2018    5.4    5.1    5.9   10.4   16.0   19.0   19.7   16.6   14.1   11.7    9.3    7.5    5.60   10.78   18.43   11.71   11.77
2019    5.8    8.8    8.5   12.3   13.5   16.4   18.7   18.0   15.5   11.0    6.9    7.3    7.34   11.42   17.72   11.13   11.91
2020    7.6    6.5    8.1   12.7   15.0   17.4   16.2   18.0   15.1   11.6    9.8    6.2    7.15   11.94   17.20   12.16   12.03
2021    4.0    5.7    8.7   10.4   12.7   17.3   20.4   18.2   16.8   12.7    9.5    6.8    5.29   10.61   18.61   13.00   11.96