Areal values from HadUK-Grid 1km gridded climate data from land surface network
Source: Met Office National Climate Information Centre
Monthly, seasonal and annual mean of daily minimum air temperature for Scotland E
Areal series, starting in 1884
Last updated 01-Jan-2022 11:01
year    jan    feb    mar    apr    may    jun    jul    aug    sep    oct    nov    dec     win     spr     sum     aut     ann
1884    1.0    0.0    0.6    1.1    3.6    6.8    8.7    9.1    7.2    3.7    0.5   -1.3     ---    1.78    8.24    3.80    3.44
1885   -1.8   -0.6   -1.1    1.5    2.5    6.5    8.0    6.3    5.1    1.5    0.3   -0.3   -1.26    0.98    6.96    2.31    2.36
1886   -2.7   -2.6   -1.4    0.8    3.4    6.0    7.8    8.4    5.8    5.4    1.9   -3.7   -1.84    0.93    7.42    4.41    2.46
1887   -0.5   -0.0   -0.6    0.3    3.4    7.5    9.2    7.7    5.7    1.9    0.2   -2.0   -1.46    1.05    8.17    2.59    2.75
1888   -0.3   -2.2   -2.5    0.6    3.2    4.9    7.0    7.2    5.1    4.2    2.3    0.6   -1.49    0.44    6.37    3.87    2.52
1889    0.0   -1.7   -0.7    1.6    5.7    7.5    7.6    8.4    6.0    2.9    1.8   -0.5   -0.32    2.22    7.82    3.56    3.25
1890    0.7   -1.2    0.3    0.9    4.8    6.8    7.4    7.7    8.2    4.5    0.3   -1.6   -0.30    2.02    7.32    4.37    3.28
1891   -1.7    0.1   -2.1   -0.2    2.5    6.9    9.1    8.1    7.3    2.8    0.5   -1.1   -1.09    0.06    8.05    3.55    2.70
1892   -2.1   -1.9   -3.1   -0.2    3.6    5.8    7.3    8.0    4.9    1.8    1.0   -3.3   -1.69    0.11    7.04    2.55    1.83
1893   -1.5   -0.9    0.1    1.9    5.7    7.7    8.9    9.7    5.7    3.6   -0.1    0.7   -1.94    2.56    8.79    3.05    3.48
1894   -1.7   -0.9   -0.3    2.6    2.4    6.1    9.1    7.8    5.4    2.0    2.8   -0.4   -0.63    1.56    7.70    3.40    2.94
1895   -5.2   -7.4   -0.1    1.9    4.1    6.4    8.0    9.4    8.2    1.3    1.4   -1.1   -4.20    1.96    7.95    3.60    2.30
1896   -0.1    1.1    0.0    3.1    5.0    8.2    8.5    7.4    6.5    0.9    1.2   -0.8   -0.06    2.68    8.01    2.87    3.41
1897   -2.5   -0.3    0.2    0.0    2.5    6.9    8.3    9.4    5.0    3.4    2.9   -0.9   -1.25    0.90    8.22    3.78    2.92
1898    2.1   -0.9   -0.8    2.7    3.3    6.4    7.3    8.3    7.7    5.4    0.6    1.5    0.13    1.74    7.35    4.55    3.66
1899   -1.7   -1.4   -0.6    0.9    2.0    7.6    9.7    9.0    5.8    3.7    3.4   -2.5   -0.49    0.76    8.79    4.28    3.01
1900   -0.0   -4.5   -2.1    1.7    4.0    7.2    9.9    8.4    6.2    2.7    1.9    2.0   -2.27    1.20    8.50    3.57    3.16
1901   -0.6   -2.3   -0.2    1.1    3.8    6.0   10.3    8.4    7.6    2.8    0.2   -1.6   -0.26    1.55    8.26    3.54    2.99
1902   -1.1   -3.5    0.5    0.7    2.1    5.7    7.1    6.6    6.6    3.0    2.6   -0.1   -2.03    1.12    6.48    4.09    2.56
1903   -1.3    1.3    0.5   -0.0    3.8    6.1    7.7    6.9    6.2    4.1    0.8   -1.7   -0.05    1.41    6.93    3.71    2.87
1904    0.0   -1.9   -1.3    2.0    3.7    6.6    8.6    7.9    6.0    3.6    0.4   -0.5   -1.18    1.45    7.73    3.36    2.95
1905    0.2   -0.4    0.6    0.6    4.2    7.0    9.2    8.0    6.3    2.0    0.3    1.8   -0.21    1.84    8.11    2.86    3.36
1906    0.4   -2.5   -1.1   -0.1    3.4    7.6    7.7    9.0    6.0    4.1    3.0   -1.6   -0.02    0.74    8.09    4.38    3.03
1907   -0.8   -2.1    0.2    1.3    3.5    5.6    7.7    6.3    5.9    4.0    0.8   -0.4   -1.45    1.67    6.55    3.59    2.71
1908   -1.3    0.1   -1.1   -0.1    4.9    6.9    8.5    7.3    7.1    6.5    1.8   -0.5   -0.53    1.23    7.59    5.16    3.36
1909   -0.6   -1.0   -2.1    0.9    3.0    5.7    7.9    8.4    5.3    3.5   -1.2   -2.3   -0.70    0.61    7.36    2.52    2.31
1910   -2.5   -1.2    0.6    0.4    3.9    6.5    7.7    9.0    6.3    4.9   -1.7    1.7   -2.02    1.67    7.72    3.19    3.00
1911    0.1   -0.9   -0.1    1.8    5.2    6.6    9.2    9.7    6.0    2.4    0.8    0.9    0.32    2.30    8.51    3.06    3.50
1912   -1.0   -0.6    1.3    1.8    4.1    7.4    8.8    6.7    4.9    2.5    0.8   -0.1   -0.22    2.38    7.63    2.71    3.05
1913   -0.8   -0.2   -0.4    1.2    4.2    7.1    8.4    7.9    7.0    5.1    2.5   -0.5   -0.37    1.65    7.80    4.90    3.48
1914   -0.5    1.0   -0.4    2.2    3.9    7.1    9.1    8.7    6.3    4.2    1.5   -1.3   -0.01    1.87    8.32    4.02    3.49
1915   -0.9   -1.0   -0.6    1.4    2.1    6.1    7.9    9.0    6.6    2.9   -2.2   -1.0   -1.09    0.96    7.67    2.43    2.53
1916    1.8   -1.2   -1.6    1.6    3.9    5.6    8.8    8.9    6.6    3.6    2.6   -1.3   -0.14    1.32    7.80    4.26    3.29
1917   -1.4   -2.5   -2.3   -0.7    4.0    6.5    8.2    9.8    7.1    1.4    2.6   -1.8   -1.72    0.32    8.19    3.64    2.59
1918   -2.5    1.8    0.2    0.3    5.6    6.0    8.2    9.5    4.0    4.1   -0.4    0.4   -0.93    2.06    7.91    2.60    3.11
1919   -1.2   -3.3   -2.7    1.5    4.8    6.8    7.1    8.2    5.8    3.3   -2.4   -0.5   -1.30    1.19    7.35    2.24    2.31
1920   -0.9    0.5    1.1    1.7    4.5    6.5    7.7    7.5    6.2    4.2    3.1   -1.0   -0.33    2.42    7.25    4.48    3.43
1921    0.6    0.2    0.8    1.1    3.7    6.3    9.4    8.0    7.1    6.3   -0.2    1.5   -0.06    1.89    7.91    4.39    3.76
1922   -1.2   -0.7   -0.4   -1.3    4.5    5.9    6.9    7.0    5.3    2.7    1.2    0.7   -0.14    0.96    6.59    3.08    2.57
1923    1.5    0.8    0.7    1.2    2.3    5.8    9.8    7.8    5.6    3.9   -1.3   -1.2    0.99    1.39    7.85    2.76    3.10
1924   -0.4    0.1   -2.6    0.7    3.8    6.5    8.6    8.0    6.1    3.9    2.6    2.6   -0.54    0.60    7.74    4.22    3.34
1925    0.6   -0.4   -0.1    0.8    5.1    7.2    9.5    8.6    5.1    4.4   -1.4   -2.8    0.99    1.93    8.47    2.74    3.08
1926    0.2    0.7    1.1    2.6    3.0    6.8    9.6    8.9    6.6    1.4    0.5    0.5   -0.70    2.26    8.45    2.82    3.51
1927   -0.3   -0.5    1.3    1.0    2.9    4.8    9.5    8.9    5.7    4.0    1.2   -2.0   -0.10    1.70    7.76    3.61    3.05
1928   -0.2   -0.2    0.4    2.0    3.7    5.0    8.7    8.4    5.5    3.5    2.2   -0.9   -0.81    2.02    7.37    3.73    3.18
1929   -2.7   -3.2   -0.4    0.3    4.0    6.1    8.5    8.2    7.6    3.3    1.2    0.7   -2.21    1.32    7.59    3.99    2.83
1930   -0.4   -3.2   -1.2    2.4    3.5    7.0    9.0    9.2    7.6    4.5   -0.2    0.2   -0.89    1.57    8.45    3.97    3.26
1931   -1.5   -1.4   -2.5    1.4    4.4    6.6    9.4    7.3    5.5    3.4    3.1    1.5   -0.89    1.10    7.79    3.98    3.13
1932    1.3   -0.1    0.0    0.2    4.0    6.4    9.5    9.1    6.1    2.6    1.0    1.5    0.94    1.42    8.35    3.25    3.49
1933   -2.4   -0.8    0.7    3.2    4.9    7.8   10.8    9.8    7.4    4.8    1.2   -0.3   -0.57    2.93    9.45    4.46    3.94
1934    0.8    1.0   -1.0    1.5    4.1    6.9   10.1    8.5    7.1    4.0    1.0    3.2    0.47    1.52    8.50    4.03    3.95
1935    0.3   -0.1    1.4    1.5    2.5    7.5    8.7    9.4    6.4    3.5    1.0   -2.0    1.17    1.80    8.57    3.66    3.37
1936   -1.8   -2.3    1.0   -0.1    4.3    6.5    9.4    9.3    7.9    3.6    0.4    0.2   -2.02    1.77    8.42    4.00    3.24
1937    0.5   -0.9   -2.5    2.9    4.7    7.1    9.0    9.0    6.6    4.1    1.1   -2.2   -0.06    1.68    8.39    3.94    3.30
1938    0.5    0.1    4.0    2.1    3.5    6.9    8.4    8.4    7.2    4.8    3.2   -0.4   -0.54    3.21    7.93    5.04    4.08
1939   -1.7    1.2    0.6    1.7    4.7    6.8    8.9    9.7    7.6    2.9    2.3   -0.6   -0.34    2.32    8.50    4.26    3.69
1940   -4.9   -1.7   -0.2    1.7    5.1    7.8    8.5    8.2    5.3    4.5    1.4   -0.2   -2.43    2.20    8.17    3.75    2.97
1941   -4.5   -2.4   -1.5    0.8    2.9    6.9    9.5    7.8    8.5    4.2    1.2    0.8   -2.34    0.74    8.08    4.60    2.88
1942   -2.7   -3.8   -1.4    1.3    3.1    6.4    8.2    9.8    6.7    4.4   -0.1    1.3   -1.81    1.00    8.14    3.68    2.81
1943   -0.6    1.3    1.5    3.7    4.0    7.4    8.0    8.2    6.3    5.2    1.5   -0.2    0.62    3.06    7.86    4.33    3.86
1944    0.7   -0.8    0.0    3.4    4.3    6.6    9.7    9.2    5.3    3.5   -0.1   -0.3   -0.08    2.59    8.53    2.89    3.49
1945   -4.7    1.3    2.6    2.5    4.2    7.1    9.8    8.8    7.7    4.8    2.9    0.5   -1.32    3.11    8.58    5.16    3.98
1946   -1.9   -0.0   -0.1    2.8    3.4    6.5    9.3    7.5    7.8    3.5    2.4   -1.4   -0.49    2.03    7.78    4.52    3.32
1947   -1.2   -5.2   -4.1    2.0    5.0    8.0    9.5    9.6    7.1    5.2    1.1    0.3   -2.52    0.97    9.05    4.47    3.16
1948   -1.4   -0.1    1.3    2.0    2.9    6.7    8.7    8.4    7.0    3.8    2.1    0.7   -0.42    2.07    7.95    4.28    3.51
1949   -0.1    0.3   -0.5    3.3    3.9    6.4    9.1    9.3    8.3    5.7    1.7    0.3    0.32    2.24    8.28    5.24    4.00
1950    0.3   -1.6    1.6    0.7    4.1    8.0    8.8    8.4    6.3    4.2    0.0   -3.2   -0.29    2.17    8.40    3.51    3.18
1951   -1.6   -1.7   -1.7    0.1    2.6    5.7    9.1    8.2    7.0    5.1    3.0    0.2   -2.16    0.33    7.70    5.03    3.03
1952   -3.8   -1.5    0.8    2.4    5.7    6.6    8.8    8.7    4.9    3.2   -0.8   -1.4   -1.70    2.99    8.06    2.44    2.83
1953    0.2    0.4   -0.2    0.1    5.5    7.6    9.0    8.7    8.3    5.0    3.3    1.4   -0.31    1.83    8.46    5.52    4.13
1954   -0.6   -2.4   -0.2    1.1    4.9    7.0    7.8    8.3    5.3    4.8    1.0    1.1   -0.44    1.94    7.72    3.73    3.23
1955   -2.5   -4.6   -1.8    2.3    2.6    6.4    9.1    9.7    7.4    2.9    2.7   -0.4   -1.89    1.03    8.41    4.34    2.86
1956   -2.1   -3.6    0.2   -0.1    4.8    6.1    8.7    6.6    7.9    4.2    1.7    1.7   -2.00    1.69    7.13    4.56    3.04
1957   -0.0   -1.5    3.0    2.4    3.3    6.5    9.4    8.7    5.8    4.6    2.4   -0.4    0.12    2.89    8.25    4.31    3.73
1958   -2.5   -2.2   -2.4    1.3    3.2    6.8    9.0    9.1    8.7    5.2    0.9   -0.9   -1.69    0.70    8.31    4.95    3.05
1959   -4.1   -1.2    1.5    2.6    4.9    7.6    9.1   10.0    6.5    6.2    2.4    0.5   -2.07    3.03    8.94    5.06    3.88
1960   -1.1   -2.9    1.0    3.1    5.1    8.2    8.4    8.2    6.5    5.8    1.0   -1.6   -1.15    3.07    8.27    4.44    3.50
1961   -1.5    1.2    3.0    3.1    4.1    7.0    8.4    8.1    7.9    5.1    0.6   -3.2   -0.70    3.38    7.80    4.54    3.64
1962   -0.9   -0.3   -2.7    0.8    4.0    6.5    7.5    7.6    6.8    5.3    0.7   -1.4   -1.48    0.72    7.21    4.31    2.86
1963   -4.5   -5.5   -0.0    2.2    3.5    7.8    8.0    8.1    6.5    4.7    2.0   -0.5   -3.73    1.88    7.96    4.40    2.73
1964    0.0   -0.0    0.2    3.1    5.8    6.9    8.9    8.1    6.6    3.3    1.3   -1.8   -0.18    3.06    7.97    3.73    3.55
1965   -1.9   -0.8   -1.2    1.0    4.6    7.6    6.9    7.6    6.9    4.8   -0.7   -1.8   -1.51    1.47    7.33    3.69    2.77
1966   -1.3   -1.4    1.2    0.4    3.7    8.6    7.8    7.5    8.3    3.5    0.1   -0.8   -1.51    1.79    7.95    3.95    3.16
1967    0.2    0.7    1.3    2.0    3.7    6.7    8.8    8.5    7.1    4.1    0.5   -0.1    0.03    2.30    8.02    3.93    3.65
1968   -1.1   -3.6    0.5    1.1    2.7    6.8    8.5    8.3    7.3    6.1    1.5   -0.7   -1.55    1.47    7.89    4.99    3.16
1969    0.2   -4.1   -2.0    0.4    4.2    6.9    9.5   10.0    7.4    7.1   -1.4   -1.4   -1.44    0.87    8.82    4.38    3.12
1970   -1.2   -3.1   -1.4    0.2    5.6    7.6    8.2    9.3    7.6    4.4    1.2    0.2   -1.84    1.47    8.37    4.41    3.26
1971    0.3    0.1   -0.0    1.5    4.2    5.7    8.6    8.7    7.6    4.9    1.0    3.0    0.21    1.88    7.69    4.47    3.81
1972    0.2   -0.5    0.3    2.5    4.5    5.5    8.1    7.7    5.0    4.5    0.2    0.2    0.94    2.42    7.14    3.25    3.21
1973    0.2   -1.5    0.2    0.8    4.3    7.7    9.0    8.5    7.1    3.2    0.1   -0.7   -0.33    1.76    8.39    3.48    3.27
1974    1.2    0.6    0.1    0.7    4.5    6.4    8.0    8.0    5.5    3.0    1.2    2.2    0.35    1.77    7.48    3.21    3.46
1975    0.4   -0.6   -0.9    2.3    2.8    6.5    9.7   10.6    6.0    4.8    0.9    1.2    0.68    1.36    8.95    3.93    3.67
1976    0.3    0.5   -0.1    2.3    5.0    8.7    9.8    8.3    7.6    4.9    0.5   -2.5    0.69    2.41    8.93    4.32    3.78
1977   -2.4   -1.5    1.2    1.2    3.3    5.8    8.7    8.0    6.6    6.2    0.5    1.2   -2.16    1.92    7.53    4.44    3.28
1978   -2.4   -4.3    1.0    0.9    4.6    7.0    8.1    9.2    7.9    6.5    2.8   -0.1   -1.76    2.19    8.08    5.73    3.47
1979   -4.8   -3.4   -1.2    1.5    3.0    7.6    8.8    7.9    6.4    6.1    0.8   -0.0   -2.74    1.11    8.12    4.44    2.76
1980   -1.5    0.3   -0.9    2.3    3.4    7.6    8.4    9.3    8.4    3.0    1.6    0.9   -0.43    1.59    8.45    4.29    3.56
1981   -1.0   -1.1    1.0    0.9    4.9    7.0    8.7    9.2    7.6    1.2    1.9   -5.2   -0.37    2.26    8.30    3.53    2.93
1982   -3.2    0.3    0.2    2.4    3.2    7.7    9.1    9.0    6.8    4.9    1.8   -1.3   -2.81    1.94    8.60    4.51    3.42
1983    1.3   -2.7    1.7    0.3    4.3    6.7   10.3    9.8    6.9    4.3    2.2    1.1   -0.86    2.11    9.00    4.46    3.90
1984   -3.0   -0.4   -0.1    1.3    2.9    7.8    9.3    9.1    6.9    4.1    3.4    1.0   -0.78    1.40    8.75    4.77    3.54
1985   -2.8   -1.9   -0.7    2.1    4.3    5.8    9.1    8.1    7.2    4.9   -1.5    0.4   -1.20    1.85    7.72    3.57    2.96
1986   -1.6   -4.3   -0.4   -0.0    4.9    7.0    8.8    7.1    5.1    4.7    2.0    0.2   -1.75    1.52    7.64    3.94    2.84
1987   -2.7   -1.5   -1.1    2.9    3.8    6.0    9.4    8.8    6.4    3.0    2.0    0.8   -1.31    1.85    8.07    3.77    3.16
1988   -0.3    0.2    0.1    2.0    4.5    8.0    9.1    9.0    7.3    4.7    0.9    2.9    0.23    2.19    8.68    4.29    4.03
1989    2.8    0.4    0.5    1.0    4.9    6.6    9.6    9.0    6.7    5.4    1.8   -1.7    2.07    2.12    8.42    4.67    3.94
1990    1.2    1.4    3.0    1.6    4.9    7.2    9.0   10.1    6.3    5.9    1.7   -0.0    0.25    3.17    8.78    4.66    4.38
1991   -1.8   -2.1    1.2    2.2    5.2    6.0   10.9    9.9    6.5    4.9    1.5   -0.3   -1.28    2.90    8.97    4.29    3.72
1992   -0.9    0.3    1.8    2.4    5.5    8.5    8.9    8.0    7.0    1.5    0.8   -1.2   -0.31    3.24    8.45    3.10    3.56
1993    0.1    1.9    0.8    2.8    4.4    7.7    8.4    7.7    5.8    2.5   -0.6   -1.4    0.19    2.67    7.93    2.60    3.35
1994   -0.6   -1.6    0.8    1.6    3.0    7.3    9.5    8.4    6.2    3.7    4.5    0.6   -1.18    1.81    8.45    4.81    3.67
1995   -1.4   -0.3   -0.8    2.2    4.2    6.9    9.7    9.6    7.4    6.5    2.6   -2.8   -0.35    1.86    8.78    5.52    3.68
1996    1.8   -1.7    0.1    2.9    2.7    7.1    8.7    9.8    7.5    5.6   -0.3   -0.9   -0.93    1.87    8.54    4.30    3.62
1997   -1.2    0.5    2.2    2.9    4.3    7.2    9.7   10.9    6.7    4.1    4.2    1.5   -0.55    3.12    9.26    4.97    4.42
1998    0.1    3.9    1.5    1.6    5.5    7.0    9.0    9.1    8.6    3.7    0.5    0.3    1.75    2.86    8.38    4.28    4.23
1999    0.3   -0.3    1.3    3.1    5.7    7.0    9.8    8.5    9.0    5.4    2.4   -1.3    0.09    3.35    8.44    5.63    4.26
2000    0.5    0.4    2.1    1.7    4.4    6.9    8.5    9.4    8.2    4.4    1.4    0.7   -0.16    2.73    8.28    4.67    4.06
2001   -1.5   -1.6   -1.5    1.6    4.9    7.0    9.5    9.0    7.5    8.1    2.4   -1.2   -0.80    1.70    8.54    6.02    3.72
2002    0.1    0.3    1.1    2.8    5.6    8.2    9.1   10.6    7.6    3.2    3.2    1.7   -0.29    3.14    9.31    4.68    4.49
2003   -0.3   -1.5    0.7    2.9    5.6    9.0   10.9    9.8    6.9    2.9    2.7   -0.5    0.02    3.05    9.91    4.17    4.12
2004    0.3   -0.4    0.7    3.7    5.4    8.5    8.7   10.8    7.9    4.8    2.6    0.4   -0.20    3.28    9.32    5.10    4.46
2005    1.1    0.1    2.4    2.6    4.1    8.6    9.6    9.0    8.2    6.7    0.9    0.3    0.55    3.03    9.09    5.28    4.49
2006   -0.0   -0.3   -0.7    1.5    4.2    8.3   10.7    9.6    9.4    6.5    2.8    0.7   -0.02    1.65    9.54    6.20    4.39
2007    1.2    0.7    1.5    4.1    4.6    8.3    9.0    8.7    6.8    5.0    2.8   -0.8    0.88    3.39    8.69    4.85    4.35
2008    0.1    0.1   -0.0    1.6    5.8    7.1   10.3   10.4    7.7    3.3    1.4   -1.1   -0.20    2.49    9.30    4.13    3.92
2009   -1.0   -0.2    1.1    3.3    4.5    7.6    9.7   10.0    8.2    5.5    2.2   -3.3   -0.78    2.97    9.13    5.33    4.00
2010   -3.0   -3.0   -0.2    2.3    3.6    8.1    9.7    8.5    7.6    4.5   -0.2   -5.9   -3.10    1.92    8.74    3.97    2.69
2011   -1.3    0.4    0.7    4.1    4.8    6.7    8.3    8.7    8.3    6.6    4.4   -0.3   -2.37    3.22    7.89    6.42    4.29
2012   -0.3    0.9    2.5    1.1    3.9    6.9    8.8    9.5    6.6    2.3    1.1   -0.7    0.08    2.53    8.41    3.30    3.57
2013   -0.1   -1.3   -2.0    0.9    4.2    7.2   10.8    9.8    7.3    6.5    0.2    1.8   -0.69    1.05    9.31    4.67    3.81
2014    0.7    1.1    2.0    3.9    6.0    9.1    9.7    8.2    8.7    5.8    3.6   -0.6    1.20    3.96    9.00    6.03    4.87
2015   -0.7   -0.6    0.8    1.4    3.7    6.7    8.6    9.1    6.6    4.4    2.9    2.2   -0.63    1.96    8.14    4.62    3.78
2016    0.2   -1.3    0.7    1.1    5.3    8.2    9.5    9.6    9.3    4.4   -0.6    1.9    0.39    2.38    9.10    4.37    4.05
2017   -0.2    0.9    1.5    2.6    5.8    8.9    9.3    8.9    7.8    6.4    0.8   -0.6    0.88    3.28    9.03    4.99    4.35
2018   -0.8   -1.7   -0.8    2.7    5.6    8.1   10.6    9.2    6.8    4.2    3.4    0.7   -1.01    2.49    9.32    4.79    4.03
2019   -1.1    0.7    2.0    2.7    4.2    7.5   11.0   10.3    7.6    3.6    1.0    1.0    0.10    2.97    9.65    4.05    4.24
2020    1.5   -0.1    0.7    2.1    4.8    8.6    8.6    9.9    6.8    4.9    3.4    0.7    0.81    2.52    9.06    5.02    4.33
2021   -2.4   -0.7    1.9   -1.0    3.6    8.3   11.1    9.8    9.3    6.2    3.0    0.3   -0.81    1.54    9.76    6.15    4.15