Areal values from HadUK-Grid 1km gridded climate data from land surface network
Source: Met Office National Climate Information Centre
Monthly, seasonal and annual number of days in the month with precipitation amount >= 1mm for Scotland W
Areal series, starting in 1891
Last updated 01-Jan-2022 11:00
year    jan    feb    mar    apr    may    jun    jul    aug    sep    oct    nov    dec     win     spr     sum     aut     ann
1891   18.5    7.6   14.9    8.7   13.2    8.7   14.9   24.0   23.1   20.5   18.4   21.3     ---    36.9    47.6    62.0   194.0
1892   21.4   13.6    6.8   10.4   18.2   15.1   10.9   20.6   21.7   17.2   18.2   14.9    56.3    35.3    46.6    57.1   188.8
1893   16.7   19.2   11.6    8.4   12.9    8.2   15.8   18.7   17.9   22.5   14.2   24.4    50.8    32.9    42.7    54.6   190.5
1894   22.8   23.5   13.7   16.4   17.3   15.1   15.7   17.8    2.5   13.5   19.8   19.8    70.7    47.4    48.5    35.8   197.8
1895   15.9    5.2   20.8   14.5    4.6   10.8   18.5   24.7    9.0   17.1   18.2   18.2    40.9    39.9    54.0    44.3   177.6
1896   15.5   13.4   22.0   15.3    4.3   18.0   17.7   15.8   21.0   16.8   12.0   21.1    47.2    41.6    51.5    49.8   193.0
1897   11.7   16.7   25.2   13.3   13.4   17.7   13.5   21.4   17.9   11.9   16.3   19.3    49.5    51.9    52.6    46.1   198.2
1898   19.5   19.7   14.1   17.3   13.9   14.3   10.1   19.1   15.9   16.1   17.8   25.8    58.4    45.3    43.5    49.9   203.6
1899   21.8   12.8   15.8   20.1   13.2    9.9   15.0    9.1   22.8   14.4   19.6   18.8    60.5    49.1    34.0    56.8   193.4
1900   26.8   15.8    6.5   17.0   14.3   17.6   20.9   16.0   17.7   23.5   20.7   28.0    61.4    37.8    54.5    61.8   224.8
1901   18.5   11.1   13.4   16.2   10.1   14.6   10.3   19.6   16.8   25.0   13.9   22.3    57.6    39.7    44.5    55.7   191.8
1902   19.4   12.3   23.8   14.1   17.6   12.8   17.9   16.3   14.6   16.1   17.2   17.9    54.1    55.5    47.1    47.9   200.2
1903   20.8   21.8   29.4   11.4   16.0   10.9   18.7   26.6   17.3   29.4   21.3   18.0    60.5    56.7    56.3    68.0   241.6
1904   22.8   17.4   15.8   24.0   18.3   13.8   17.4   21.2   14.9   17.8   19.9   18.7    58.1    58.0    52.4    52.6   221.8
1905   19.1   20.1   25.8   18.0   12.4    8.3   19.5   21.8   16.7   16.1   19.7   18.5    57.8    56.3    49.6    52.5   216.0
1906   25.2   18.3   14.2   12.0   22.4    9.5   18.0   21.5   10.1   25.7   20.5   22.1    62.1    48.6    48.9    56.4   219.5
1907   16.1   14.0   18.0   13.6   18.4   24.2   13.9   24.4    7.9   23.5   17.9   20.3    52.2    50.0    62.5    49.3   212.2
1908   17.5   20.5   19.0   12.6   19.0   12.6   15.6   15.5   22.7   11.9   17.8   22.0    58.2    50.6    43.7    52.3   206.6
1909   20.2    8.9   14.2   16.1   13.4   10.7   19.1   16.6   12.0   22.1   12.2   16.1    51.0    43.7    46.4    46.3   181.4
1910   19.3   25.6   12.6   18.5   14.7   12.1   15.6   21.4    9.7    9.9   16.9   24.3    60.9    45.8    49.1    36.5   200.5
1911   15.2   18.3   11.3   15.2   10.9   11.7   14.4   14.0   13.0   11.5   18.2   28.2    57.8    37.4    40.2    42.7   182.0
1912   18.0   15.7   24.7    8.1   12.0   22.8   12.9   17.8    9.3   19.1   16.9   28.1    62.0    44.8    53.5    45.3   205.4
1913   20.4   13.0   23.3   17.4   18.3   16.5    6.7    7.8   10.6   16.9   24.3   18.8    61.4    59.0    30.9    51.7   193.8
1914   15.3   23.9   22.4   13.7   13.7    9.7   14.1   16.3   12.5   11.5   21.0   21.1    58.0    49.8    40.2    45.0   195.3
1915   17.4   19.9   12.4   17.2    7.3    7.9   19.4   15.8    9.3   11.6   10.0   23.6    58.4    36.9    43.1    30.9   171.8
1916   25.6   18.6   11.5   16.5   18.7   13.7   15.4   14.6   11.6   24.2   22.1   22.4    67.8    46.7    43.7    57.9   214.9
1917   11.0    9.8   15.3   13.7   13.3   12.7    9.6   21.8   19.7   24.9   20.6   17.1    43.2    42.3    44.1    65.2   189.4
1918   20.7   24.7    9.9    6.1   13.2   12.6   18.0   20.6   21.6   21.6   16.8   25.1    62.5    29.1    51.2    60.0   210.7
1919   20.8    6.8   13.0   16.5    9.3   17.5    4.5   16.9   18.4   10.0   16.7   26.2    52.6    38.9    38.9    45.1   176.6
1920   25.4   18.6   21.5   17.6   20.6   13.1   24.2   12.9   17.2   10.0   17.8   18.2    70.2    59.6    50.2    45.0   217.0
1921   27.8    8.8   26.4    8.9   17.4    7.2   15.2   20.1   11.9   19.7   12.4   25.3    54.7    52.6    42.5    44.0   201.0
1922   23.3   22.1   12.1   11.0   13.7   15.2   20.2   18.5   15.9    8.3   14.6   20.4    70.7    36.9    53.9    38.9   195.5
1923   22.6   21.6   10.7   15.0   14.8   11.0   22.7   22.3   23.0   26.7   17.8   23.2    64.7    40.6    56.0    67.6   231.6
1924   22.1   11.2    5.4   15.0   22.9   16.0   22.1   23.3   20.2   17.3   15.1   23.4    56.5    43.3    61.4    52.6   214.0
1925   18.3   22.3   13.7   18.2   24.7    6.6   13.6   18.1   18.4   17.1   10.4   18.4    64.0    56.6    38.3    45.9   199.9
1926   23.8   19.9   15.5   14.6   17.5   13.8   13.1   18.2   18.1   16.6   20.1   16.9    62.2    47.6    45.1    54.8   208.2
1927   25.3   14.7   19.4   19.6   11.0   18.9   18.3   22.1   21.0   17.2   18.4    7.7    56.9    50.1    59.3    56.5   213.6
1928   28.9   18.6   18.5   13.6    7.3   21.1   18.1   20.0   14.8   23.6   21.4   20.1    55.2    39.3    59.2    59.8   225.9
1929    8.5   13.2    5.6   10.1   15.0   15.3   14.8   23.5   12.1   24.0   24.4   27.3    41.8    30.6    53.6    60.5   193.8
1930   25.6    3.1   16.9   10.8   10.8   13.6   18.0   24.2   12.9   27.0   19.0   21.0    56.0    38.5    55.8    59.0   202.9
1931   21.9   21.3    8.3   16.9   17.9   20.5   23.5   10.8   10.1   17.2   24.8   20.5    64.2    43.1    54.8    52.0   213.6
1932   21.4    0.8   13.5   19.6   14.0    6.4   21.4   14.1   18.1   24.9   14.2   20.1    42.7    47.0    41.9    57.2   188.4
1933   14.5   16.4   16.8   13.5   15.3   10.2   17.6   17.7    5.2   16.4   11.0    9.9    50.9    45.6    45.5    32.7   164.5
1934   22.9    6.3   18.1   16.3   16.2   11.0   17.2   19.9   23.1   24.6   10.5   25.1    39.2    50.6    48.2    58.1   211.3
1935   13.4   21.1   12.5   15.0    5.2   20.0   13.5   13.3   19.2   25.4   21.3   16.2    59.6    32.6    46.7    66.0   196.1
1936   20.5   14.1   16.1    8.0    9.7   11.8   21.0   15.9   13.9   17.1   18.7   23.1    50.8    33.8    48.6    49.7   190.0
1937   21.9   22.9    9.8   14.0   11.1   13.2   16.6   13.0   17.4   14.2    8.4   13.3    67.9    34.9    42.7    40.0   175.7
1938   23.7   13.1   18.2    4.4   15.8   19.2   17.9   14.6   18.3   26.1   25.2   20.2    50.1    38.4    51.8    69.5   216.8
1939   16.0   22.9   19.1   13.7    8.5   11.2   20.7   11.2    9.5   11.0   24.7   11.3    59.0    41.3    43.1    45.2   179.6
1940   12.0   12.6   19.7   15.9   10.5    7.7   20.7   14.2   15.9   16.2   21.8   18.8    35.9    46.0    42.5    53.8   185.7
1941    8.2   16.0   13.6   12.4   11.7    7.6   16.3   21.6    9.5   16.1   17.2   16.4    42.9    37.7    45.5    42.8   166.5
1942   19.8    9.5   15.2    9.7   12.9    8.1   19.3   20.2   21.4   21.9    8.2   23.5    45.7    37.8    47.7    51.5   189.7
1943   21.1   19.3   13.6   17.8   15.2   19.2   13.9   24.2   18.2   20.0   18.1   14.3    63.9    46.6    57.3    56.2   214.8
1944   23.2   12.8    7.5   14.2   13.7   17.9   14.6   15.7   16.9   19.2   23.0   20.1    50.3    35.5    48.1    59.1   198.8
1945   14.3   23.8   12.8   11.8   18.4   20.1   12.7    9.4   16.9   14.6    6.4   19.4    58.2    43.0    42.2    37.9   180.6
1946   19.7   16.7   12.5   10.9    8.8   19.5   19.7   20.5   24.0    5.6   21.5   18.7    55.8    32.2    59.7    51.1   198.1
1947   15.7    5.5   18.3   20.5   18.8   20.3   17.4    0.9   18.4   12.6   18.3   13.0    39.9    57.6    38.5    49.3   179.7
1948   25.1   14.7   13.9   16.1    9.8   19.4   14.3   18.7   22.0   20.7   15.2   19.7    52.8    39.7    52.3    57.9   209.3
1949   21.5   19.6   11.9   20.5   14.9    9.0    9.2   16.3   10.1   21.1   21.8   27.2    60.7    47.2    34.6    53.0   203.0
1950   15.0   18.2   13.5   19.0   10.3   14.7   20.8   23.2   26.8   20.7   15.8   13.8    60.4    42.9    58.6    63.4   211.9
1951   21.7   17.4   15.7   14.4    7.7   10.5   16.0   20.3   15.3    9.0   24.7   25.2    53.0    37.8    46.8    49.0   198.0
1952   18.6   12.1   11.4   12.6    9.2   14.5   15.1   17.0   11.9   18.2   13.1   20.9    55.9    33.2    46.7    43.2   174.6
1953   14.4   11.9    6.6   14.5   12.6   10.3   22.9   17.7   17.7   15.0   23.5   18.5    47.1    33.8    50.9    56.2   185.6
1954   16.2   16.4   14.6    9.1   13.2   17.2   18.2   19.2   25.1   24.1   23.4   25.0    51.1    36.9    54.6    72.6   221.6
1955   15.3   11.0    7.2   12.8   14.8   13.3    3.9    9.1   20.4   16.7   12.8   21.2    51.3    34.8    26.4    49.9   158.6
1956   19.6    8.8   11.0    9.8   14.3   14.6   18.1   20.5   17.1   15.1   12.8   24.3    49.5    35.2    53.1    45.0   186.0
1957   20.6   14.7   21.4   11.7   12.2    9.2   15.0   19.5   17.3   19.4   12.3   19.7    59.6    45.3    43.7    48.9   192.9
1958   19.6   18.8    9.6   11.8   16.1   15.3   17.3   18.7   13.4   18.2    9.8   20.8    58.1    37.5    51.4    41.4   189.5
1959   10.7   12.5   16.1   19.0    9.8   15.9   14.6    9.2    6.5   14.8   24.8   26.4    44.0    44.9    39.7    46.0   180.1
1960   14.7   18.1   11.8   14.3    9.5   11.3   23.5   19.8   14.0   16.3   22.8   20.3    59.2    35.7    54.6    53.1   196.4
1961   15.5   18.3   13.5   18.2   10.0   13.8   13.0   20.1   21.3   21.8   15.5   13.3    54.0    41.8    47.0    58.6   194.4
1962   23.6   15.6    8.1   11.5   13.0   12.4    9.8   22.3   19.2   11.9   13.7   16.3    52.5    32.6    44.5    44.8   177.5
1963    4.6    4.9   20.1   15.8   19.5   15.1   15.3   18.9   16.8   22.0   20.0    7.9    25.8    55.4    49.4    58.8   180.8
1964   11.8    9.9    8.6   19.8   17.5   13.2   15.0   16.9   18.1   13.9   17.3   19.2    29.6    46.0    45.1    49.2   181.2
1965   16.2    4.5   13.0   16.6   15.7   17.0   12.6   16.3   17.1   12.9   13.6   23.4    39.9    45.4    45.9    43.7   179.0
1966   10.2   16.8   19.5   11.9   17.4   16.4   11.9   12.5   14.6   17.3   17.2   25.8    50.4    48.7    40.8    49.1   191.4
1967   17.4   17.8   23.8   12.6   21.3   12.0   18.5   15.0   17.6   25.6   16.5   17.0    61.1    57.7    45.5    59.6   215.1
1968   19.2   12.3   17.2   11.3   13.7   12.0   10.8    9.8   17.4   19.8   10.2   11.6    48.4    42.1    32.5    47.4   165.1
1969   22.1    9.2    7.0   11.2   15.8   13.7   14.8   13.9   13.6   16.6   21.0   16.3    42.9    34.0    42.4    51.2   175.2
1970   17.6   15.3   14.8   15.0   14.0   10.1   19.2   10.4   20.6   18.8   23.4   13.5    49.2    43.7    39.7    62.7   192.5
1971   16.8   15.7   14.0    6.9   13.6   12.4   10.6   15.9   10.9   17.7   18.7   14.0    46.0    34.5    39.0    47.3   167.3
1972   18.7   16.1   13.6   16.4   17.4   20.4   12.3   10.4    5.9   10.1   19.8   19.5    48.8    47.4    43.1    35.8   180.6
1973   17.0   17.4   11.3   10.5   16.7   12.0   12.5   16.6   11.8   11.4   17.4   22.1    53.9    38.6    41.1    40.6   176.7
1974   25.8   19.5   10.6    2.6   14.4   12.4   19.7   17.8   22.1   14.2   22.3   28.7    67.4    27.6    49.8    58.5   209.9
1975   27.4    8.9    8.7   16.2    6.3    9.6   15.1   13.0   20.9   11.3   16.8   14.9    65.1    31.2    37.6    49.1   169.1
1976   21.6   14.3   15.4   10.8   19.9   13.9   10.1    4.8   13.3   20.2   18.1   17.5    50.8    46.1    28.9    51.6   180.0
1977   15.2   16.8   19.4   19.5    8.9   10.2    9.8   12.6   17.4   20.0   19.6   15.9    49.5    47.8    32.6    57.0   185.3
1978   20.2   12.5   22.7    8.3    5.8   11.6   11.8   16.5   21.7   16.8   20.5   17.9    48.6    36.7    39.9    59.1   186.2
1979   17.1    7.2   18.0   15.6   16.4   12.1   15.8   16.8   18.4   20.3   24.1   19.6    42.1    50.1    44.7    62.9   201.5
1980   14.4   16.0   17.8    3.9    6.2   18.9   15.6   17.2   24.4   18.2   16.9   24.0    50.0    27.9    51.7    59.5   193.5
1981   22.0   12.2   19.4    6.0   18.8   15.6   17.3    9.3   19.9   22.0   21.4    9.8    58.1    44.2    42.2    63.3   193.7
1982   16.6   16.2   18.1    9.6   12.4   11.2    9.2   20.7   20.2   20.2   23.0   21.4    42.6    40.2    41.2    63.3   198.8
1983   25.7    7.1   23.3   12.7   16.9   11.7    6.7    7.3   20.4   25.9    9.1   21.6    54.2    52.9    25.6    55.4   188.4
1984   24.5   15.2   10.3    8.4    5.2   12.0    8.0    8.8   19.3   23.9   19.3   22.1    61.4    23.9    28.8    62.6   177.2
1985   10.1    6.9   13.9   17.6    9.4   14.1   21.6   27.2   20.1   10.2   12.9   22.0    39.1    40.9    62.8    43.2   185.9
1986   19.9    2.2   22.6   12.5   23.8    9.7   15.5   13.3    8.1   20.1   25.7   26.3    44.1    58.9    38.5    53.9   199.7
1987    8.8   11.8   18.4   11.1   10.5   15.0   14.2   14.1   19.5   20.3   16.0   15.6    46.9    39.9    43.3    55.8   175.1
1988   24.5   17.4   22.0   12.0    9.6    5.8   26.1   21.2   17.9   19.1   13.2   19.5    57.4    43.6    53.1    50.2   208.3
1989   19.2   22.7   22.8   14.2    9.0   10.6    7.5   21.9   12.8   23.0    9.9   10.1    61.3    45.9    40.0    45.7   183.5
1990   28.0   25.4   20.7   16.5   10.6   17.5   12.1   19.9   14.8   20.8   12.5   17.0    63.4    47.8    49.4    48.1   215.7
1991   17.0   11.5   16.0   14.5    6.1   16.7   14.3   13.3   12.8   13.8   21.9   15.1    45.5    36.6    44.2    48.4   172.8
1992   10.6   21.0   25.4   19.4   11.8    6.8   16.8   24.0   20.2   14.0   25.7   17.3    46.7    56.5    47.7    59.9   213.0
1993   25.4    9.8   16.5   15.8   12.6   11.4   20.0   12.8   11.9    9.2   11.7   25.0    52.6    44.9    44.2    32.8   182.1
1994   25.3   12.8   27.1   18.9    5.6   18.5   13.4   14.6   15.2   16.5   21.0   24.5    63.1    51.6    46.5    52.7   213.4
1995   23.0   22.6   23.2   11.0   15.3    6.7   14.1    7.6   15.8   24.0   12.4    7.9    70.0    49.5    28.4    52.2   183.6
1996   15.5   17.0    5.9   19.7   13.4   11.9   12.1   11.7    8.1   24.2   19.3   11.9    40.4    39.0    35.7    51.6   170.7
1997    8.2   24.3   18.9    8.9   12.7   15.0   14.3   11.6   13.8   13.5   18.7   21.0    44.4    40.5    40.9    46.0   180.9
1998   18.9   20.5   16.5   15.4    9.2   16.0   18.8   17.1   11.1   22.6   21.4   21.1    60.3    41.0    51.8    55.0   208.3
1999   23.6   18.8   14.9   16.1   16.3   15.2   13.4   12.0   20.7   16.0   17.0   24.8    63.5    47.3    40.7    53.7   208.9
2000   17.4   25.6   14.8   12.0   11.6   13.6    7.5   18.8   21.3   24.8   22.1   17.8    67.8    38.4    39.9    68.2   207.3
2001   15.1   12.7   11.3   14.7    8.8   13.6   14.8   16.4   12.9   25.5   20.8   12.9    45.5    34.8    44.8    59.2   179.4
2002   20.8   23.4   16.6   15.1   19.0   22.4   18.9   13.1    7.2   17.5   23.9   11.3    57.1    50.7    54.5    48.7   209.4
2003   17.9   10.0   10.9    9.4   22.5   14.6   16.4    7.2   15.4   11.1   20.9   15.0    39.1    42.9    38.2    47.4   171.3
2004   24.1   10.5   13.5   16.9   11.4   18.6   13.7   17.0   20.1   20.1   18.7   23.0    49.6    41.8    49.3    58.9   207.7
2005   19.3   13.1   13.6   15.5   16.1   13.9    8.2   16.2   17.3   19.4   17.1   14.6    55.4    45.2    38.4    53.7   184.1
2006   12.2    9.8   16.7   16.9   18.0    8.7   10.9   16.4   20.0   20.8   22.5   20.7    36.5    51.6    36.0    63.3   193.6
2007   23.5   15.6   15.1    7.3   18.1   15.4   16.7   16.2   13.6   13.0   19.1   17.5    59.8    40.4    48.3    45.7   191.0
2008   27.1   16.0   21.5   16.4    5.6   15.2   16.6   22.8   16.9   22.3   17.1   14.8    60.6    43.5    54.6    56.3   212.3
2009   19.8   11.7   18.6   14.3   19.0    9.5   20.6   24.3   13.9   18.6   23.1   14.8    46.3    51.9    54.4    55.6   208.2
2010   11.7   11.0   13.2   12.1   10.2    7.4   21.5   15.7   16.5   15.7   16.9   10.7    37.5    35.6    44.6    49.2   162.7
2011   15.6   22.1   12.9   10.4   23.0   17.0   12.1   18.5   21.9   26.3   18.3   29.0    48.4    46.4    47.5    66.4   227.0
2012   19.3   15.7    9.3   14.9   10.3   16.2   19.6   20.1   20.4   17.0   22.1   20.8    64.0    34.5    55.8    59.5   205.7
2013   17.6   10.8    9.5   15.5   15.2   10.4   12.0   15.3   14.1   22.0   16.9   25.5    49.3    40.2    37.6    53.1   184.9
2014   25.7   25.5   18.9   15.3   17.3    9.6   14.2   19.0    5.6   22.9   16.0   23.5    76.7    51.5    42.8    44.5   213.4
2015   23.0   14.6   17.4   11.2   19.3   14.4   21.2   17.1    7.1   12.0   24.0   27.8    61.1    48.0    52.8    43.1   209.2
2016   25.7   16.3   14.2   14.5    9.4   13.7   19.3   15.6   21.1    8.1   13.3   16.6    69.8    38.2    48.6    42.6   188.0
2017   16.6   17.7   19.0   10.3   11.8   19.0   19.4   20.4   19.0   23.9   19.7   18.2    50.9    41.0    58.7    62.6   214.8
2018   21.8   15.5   14.3   16.9    8.2    9.1   11.3   21.1   20.1   17.2   19.1   18.9    55.4    39.5    41.5    56.4   193.5
2019   16.0   13.2   21.1    9.5   11.0   16.3   13.9   22.3   19.4   17.4   12.0   22.1    48.0    41.6    52.5    48.7   194.0
2020   22.8   25.1   15.7    7.0    9.2   17.6   21.0   16.1   15.0   22.3   20.5   22.7    70.0    31.9    54.6    57.8   215.0
2021   17.9   15.4   14.6    5.5   14.5    7.1    6.4   11.5   15.6   24.3   16.5   20.2    56.0    34.5    25.0    56.3   169.3