Areal values from HadUK-Grid 1km gridded climate data from land surface network
Source: Met Office National Climate Information Centre
Monthly, seasonal and annual mean air temperature for Scotland E
Areal series, starting in 1884
Last updated 01-Jan-2022 11:01
year    jan    feb    mar    apr    may    jun    jul    aug    sep    oct    nov    dec     win     spr     sum     aut     ann
1884    3.3    2.7    3.6    5.0    8.0   11.3   12.8   13.5   11.0    7.1    3.3    1.2     ---    5.54   12.55    7.12    6.92
1885    0.6    2.3    2.4    5.5    6.3   11.1   13.0   10.6    9.3    4.5    3.2    2.3    1.34    4.70   11.56    5.61    5.92
1886   -0.2   -0.2    1.5    4.8    7.1   10.6   12.5   12.4    9.7    8.2    4.5   -0.9    0.68    4.43   11.86    7.51    5.87
1887    1.9    3.1    2.8    4.5    7.9   13.1   14.0   12.4    9.5    5.5    2.7    0.8    1.30    5.08   13.18    5.88    6.54
1888    2.4    0.4    0.6    4.3    7.8    9.6   10.8   11.1    9.5    7.2    4.6    3.2    1.19    4.22   10.52    7.13    5.98
1889    2.9    1.1    2.7    4.7   10.1   12.6   12.0   12.0    9.8    6.1    4.8    2.4    2.43    5.81   12.23    6.87    6.80
1890    3.5    1.7    3.9    5.2    9.0   10.9   11.4   11.7   12.4    7.8    3.5    0.4    2.57    6.04   11.34    7.89    6.81
1891    1.0    4.1    1.4    3.7    6.7   11.5   13.0   11.8   11.1    6.5    3.1    1.7    1.75    3.91   12.11    6.89    6.29
1892    0.7    0.9    0.9    4.8    8.1   10.1   11.4   11.8    8.7    4.6    4.0   -0.5    1.11    4.59   11.15    5.77    5.48
1893    1.0    1.8    4.6    6.9    9.9   12.5   12.8   14.0    9.8    7.1    2.6    3.3    0.73    7.16   13.12    6.50    7.23
1894    1.1    2.0    4.4    6.7    6.2   10.6   13.3   11.8    9.3    5.9    5.5    2.4    2.15    5.78   11.93    6.92    6.64
1895   -2.4   -3.5    2.7    5.9    9.4   11.6   12.0   13.1   12.7    4.6    4.1    1.3   -1.07    6.02   12.23    7.06    6.00
1896    2.7    3.8    3.6    7.1   10.3   12.0   12.6   11.4    9.8    4.2    3.8    1.8    2.57    6.99   11.99    5.90    6.92
1897   -0.2    2.6    3.0    4.0    6.8   10.9   13.2   13.5    9.3    7.5    5.5    2.1    1.34    4.62   12.52    7.42    6.53
1898    4.8    2.0    2.6    6.2    7.2   11.0   12.4   12.6   12.1    8.5    3.9    4.4    3.00    5.32   12.05    8.17    7.35
1899    1.0    2.1    3.0    4.7    6.3   12.6   13.7   14.0    9.7    7.5    6.5    0.2    2.52    4.66   13.45    7.87    6.79
1900    2.2   -1.3    1.3    5.9    7.8   11.4   13.7   11.8   10.5    6.0    4.2    4.6    0.39    5.01   12.30    6.91    6.56
1901    1.8    0.5    2.5    5.6    9.0   10.7   15.1   12.8   11.2    6.5    3.6    0.8    2.36    5.72   12.88    7.10    6.72
1902    1.7   -0.6    3.9    5.1    5.9   10.0   11.0   10.7   10.2    6.7    5.3    2.4    0.71    4.97   10.57    7.38    6.06
1903    1.2    4.1    3.6    3.8    7.8   10.5   11.8   11.0   10.0    7.0    3.8    0.9    2.50    5.09   11.07    6.93    6.29
1904    2.5    0.5    2.0    6.0    7.6   10.9   12.8   12.1   10.1    7.3    3.4    2.1    1.29    5.19   11.93    6.94    6.46
1905    2.9    2.7    4.0    4.1    8.6   11.9   14.0   11.9   10.1    5.4    3.0    4.3    2.58    5.60   12.60    6.14    6.93
1906    2.9    0.7    2.4    5.1    7.0   12.2   12.4   13.1   11.3    7.6    5.6    1.4    2.70    4.80   12.57    8.17    6.84
1907    2.0    1.3    4.3    5.1    7.2    9.5   11.5   10.6   10.9    7.2    3.9    2.1    1.57    5.57   10.55    7.32    6.33
1908    1.6    3.2    1.8    3.6    9.1   11.5   12.6   11.8   10.4   10.0    5.0    2.5    2.25    4.85   11.97    8.47    6.93
1909    2.0    2.0    0.7    5.5    7.8    9.9   12.1   12.6    9.2    7.0    2.5    0.6    2.15    4.64   11.59    6.21    6.01
1910    0.6    1.8    4.3    4.3    8.2   11.2   11.6   12.6   10.4    8.1    1.1    4.0    0.97    5.60   11.79    6.52    6.53
1911    2.7    2.4    2.7    5.5   10.0   11.6   14.1   14.0   10.5    6.0    3.4    3.4    3.05    6.08   13.26    6.62    7.22
1912    1.4    2.3    4.5    6.7    8.7   10.7   12.8   10.2    9.0    6.2    3.9    3.0    2.36    6.61   11.24    6.35    6.62
1913    1.4    2.8    3.0    5.3    8.2   11.5   12.8   12.7   10.7    8.3    5.6    2.4    2.40    5.49   12.35    8.18    7.07
1914    2.0    4.0    2.9    7.4    8.2   12.0   13.3   13.1   10.7    7.9    4.4    1.4    2.78    6.16   12.82    7.66    7.29
1915    1.4    1.6    3.0    5.7    7.0   11.2   12.1   12.8   10.6    6.5    1.0    1.3    1.46    5.20   12.03    6.05    6.21
1916    4.8    1.3    0.8    5.5    7.9    9.4   12.7   13.0   10.4    7.0    5.2    1.2    2.49    4.73   11.74    7.52    6.62
1917    0.4    0.5    1.1    3.1    8.4   11.2   13.1   13.2   11.0    4.7    5.5    1.1    0.72    4.18   12.50    7.05    6.12
1918    0.5    4.2    3.5    4.4    9.7   10.8   12.5   13.1    7.9    7.1    3.0    3.1    1.85    5.90   12.15    6.02    6.68
1919    1.2   -0.4    0.5    5.3    9.7   11.2   11.9   12.5   10.0    6.5    0.4    1.9    1.33    5.17   11.87    5.65    5.94
1920    1.9    3.7    4.3    5.0    8.6   11.2   11.4   11.3   10.1    7.8    5.7    1.8    2.49    5.99   11.32    7.86    6.91
1921    3.6    3.2    4.1    6.0    8.5   11.4   13.9   11.6   11.0    9.7    2.7    4.4    2.85    6.20   12.32    7.82    7.55
1922    1.0    1.9    2.9    3.0    8.8   10.4   10.9   10.8    9.2    6.2    4.3    3.3    2.46    4.94   10.69    6.59    6.09
1923    4.1    2.5    4.1    4.3    6.1   10.2   13.7   11.7    9.4    6.9    1.6    1.4    3.34    4.87   11.89    5.97    6.38
1924    2.3    2.3    1.2    4.7    7.3   10.6   12.4   11.6    9.9    7.2    5.2    5.1    1.99    4.36   11.54    7.39    6.64
1925    3.1    2.1    3.0    4.6    8.5   12.0   13.9   12.7    8.8    7.8    1.6    0.0    3.48    5.37   12.90    6.09    6.55
1926    2.6    3.3    4.3    6.6    7.1   11.0   13.9   13.2   10.8    4.9    3.3    3.1    1.92    5.99   12.71    6.28    7.01
1927    2.3    2.6    4.6    4.9    6.9    8.9   13.3   12.8    9.2    7.5    3.7   -0.0    2.67    5.47   11.70    6.82    6.42
1928    2.6    3.0    2.9    5.5    7.7    9.0   12.4   12.1    9.6    6.9    5.0    1.8    1.82    5.37   11.22    7.16    6.56
1929   -0.1   -0.7    4.8    4.1    8.5   10.5   12.7   11.9   11.6    6.5    4.1    3.0    0.38    5.79   11.70    7.39    6.45
1930    2.3   -0.1    2.2    5.6    7.7   12.1   12.7   12.9   10.7    7.4    2.9    2.5    1.79    5.17   12.54    7.01    6.61
1931    1.1    1.3    1.0    5.1    8.6   10.2   12.8   11.2    9.4    6.9    5.4    4.1    1.66    4.90   11.43    7.22    6.46
1932    4.4    3.0    3.2    4.1    7.6   11.1   13.1   13.2    9.9    5.7    3.8    3.9    3.85    4.95   12.45    6.48    6.92
1933    0.5    2.0    4.8    6.8    8.7   12.9   15.2   14.1   11.9    7.7    3.9    2.0    2.12    6.79   14.08    7.79    7.56
1934    3.5    4.1    2.6    4.8    8.4   11.6   14.8   12.4   11.2    7.3    3.9    5.1    3.16    5.27   12.96    7.45    7.49
1935    2.9    2.8    4.6    5.0    7.1   11.4   13.5   13.7   10.1    6.5    3.8    0.5    3.61    5.59   12.89    6.81    6.85
1936    0.6    0.5    3.9    4.1    8.5   11.6   13.2   13.6   11.4    7.2    3.4    3.0    0.51    5.53   12.81    7.33    6.78
1937    2.9    1.6    0.4    6.2    9.1   11.3   13.0   13.2   10.5    7.5    3.9    0.3    2.53    5.26   12.53    7.29    6.70
1938    3.1    3.1    7.2    6.3    7.7   11.0   12.4   12.8   11.1    7.9    5.8    2.2    2.15    7.11   12.07    8.24    7.58
1939    0.9    3.9    3.8    5.5    9.0   11.9   12.6   13.6   11.4    6.1    5.1    1.8    2.30    6.13   12.72    7.50    7.16
1940   -2.0    0.7    3.3    5.3    9.9   13.6   12.2   12.5    9.4    7.3    4.2    2.4    0.17    6.15   12.74    6.96    6.57
1941   -1.9    0.3    1.8    4.0    7.1   11.6   13.6   11.9   12.3    7.5    4.2    3.6    0.27    4.31   12.39    7.98    6.37
1942   -0.3   -0.8    2.0    6.1    7.9   11.0   12.7   13.3   10.4    7.5    3.4    4.2    0.89    5.33   12.31    7.12    6.48
1943    1.8    4.4    4.9    7.6    8.5   11.6   12.6   11.7   10.1    8.4    4.1    2.3    3.41    6.99   11.97    7.52    7.34
1944    3.5    2.0    3.5    7.2    8.1   10.7   13.2   13.3    9.3    6.6    2.7    2.1    2.65    6.29   12.43    6.21    6.89
1945   -1.6    4.2    6.3    6.8    8.5   11.3   14.0   13.0   11.6    8.9    5.5    3.1    1.46    7.17   12.80    8.67    7.64
1946    1.0    2.9    3.4    7.3    8.0   10.7   13.2   11.6   11.0    6.7    5.0    1.3    2.34    6.23   11.84    7.55    6.86
1947    1.0   -2.9   -0.7    5.6    9.1   11.8   13.6   15.1   11.2    8.6    4.0    2.8   -0.10    4.67   13.51    7.95    6.66
1948    1.1    2.6    5.7    6.3    8.1   10.7   12.9   11.7   10.7    7.2    5.3    3.4    2.13    6.71   11.78    7.70    7.14
1949    3.1    3.6    3.0    7.2    8.6   11.4   13.5   13.3   12.4    8.8    4.4    2.8    3.33    6.24   12.75    8.55    7.69
1950    2.7    1.5    5.2    4.7    8.2   12.8   13.0   12.6    9.7    7.2    2.8   -0.7    2.34    6.04   12.79    6.57    6.66
1951    0.9    0.9    1.4    3.7    6.7   10.3   13.2   11.9   10.9    8.2    5.7    3.0    0.31    3.94   11.84    8.25    6.43
1952   -0.8    1.7    3.9    6.9   10.0   10.7   13.3   12.5    8.3    6.4    1.9    1.1    1.30    6.92   12.21    5.55    6.35
1953    2.9    3.3    4.5    4.3    9.7   11.6   12.7   13.0   11.7    8.1    6.0    4.1    2.39    6.18   12.42    8.63    7.68
1954    1.8    0.4    2.8    5.7    8.7   10.7   11.7   11.8    9.2    8.2    4.1    3.8    2.14    5.74   11.39    7.17    6.61
1955    0.2   -1.6    1.6    7.2    7.0   10.8   14.7   14.6   11.6    6.6    5.5    2.3    0.89    5.22   13.38    7.90    6.75
1956    0.7   -0.5    3.5    4.5    9.4   10.4   12.6   10.3   11.2    7.4    4.6    4.2    0.89    5.81   11.10    7.73    6.55
1957    3.1    1.6    6.1    6.5    7.7   11.7   12.9   12.4    9.2    8.1    4.9    2.6    3.01    6.75   12.33    7.39    7.26
1958    0.7    0.9    0.6    5.3    7.4   10.6   13.0   12.7   12.3    8.6    4.3    1.8    1.42    4.42   12.11    8.40    6.55
1959   -0.9    2.2    4.7    6.6    9.6   11.9   13.6   14.3   11.6    9.7    5.2    3.0    1.01    6.95   13.30    8.84    7.66
1960    1.6    0.5    3.5    7.1    9.9   13.0   12.4   12.2   10.4    8.0    3.9    1.2    1.73    6.85   12.53    7.43    6.99
1961    1.2    4.1    6.5    6.6    8.3   11.2   12.0   12.2   11.6    8.1    3.5   -0.2    2.07    7.13   11.78    7.75    7.09
1962    2.0    2.7    0.6    5.1    7.9   11.2   11.4   11.3    9.8    8.4    3.3    1.4    1.48    4.51   11.29    7.20    6.28
1963   -1.8   -2.2    3.4    5.8    7.5   11.7   11.9   11.4   10.3    8.1    4.4    1.8   -0.83    5.56   11.68    7.62    6.08
1964    2.8    2.6    2.4    6.6    9.7   11.0   12.8   12.0   10.6    6.7    4.6    1.2    2.41    6.23   11.96    7.28    6.93
1965    0.8    2.0    2.4    5.5    8.3   11.6   10.4   11.6   10.1    8.1    1.9    0.8    1.30    5.39   11.19    6.69    6.13
1966    0.9    1.1    4.6    3.5    8.2   12.2   12.2   11.2   11.5    6.8    2.9    1.9    0.95    5.45   11.83    7.09    6.45
1967    2.5    3.3    4.3    5.9    7.1   11.4   12.8   12.6   10.8    7.3    3.8    2.7    2.55    5.78   12.26    7.31    7.06
1968    1.9   -0.5    3.9    5.4    6.3   11.7   11.8   12.4   10.7    9.1    3.9    1.7    1.37    5.18   11.97    7.92    6.54
1969    2.8   -1.3    0.9    4.6    7.6   11.5   13.8   13.9   11.1   10.4    1.7    1.4    1.14    4.34   13.09    7.76    6.59
1970    1.2    0.0    2.0    4.0    9.5   12.5   11.7   13.2   11.1    7.6    4.0    2.6    0.91    5.16   12.48    7.58    6.67
1971    2.7    3.1    3.4    5.5    8.9    9.5   13.3   12.5   11.7    8.6    4.0    5.5    2.81    5.94   11.78    8.08    7.41
1972    2.2    2.0    3.7    6.3    8.2    9.5   12.7   12.0    9.3    8.3    3.4    3.1    3.22    6.08   11.42    7.05    6.75
1973    2.6    2.0    4.5    4.5    8.1   12.1   13.1   12.8   10.8    6.7    3.3    2.3    2.59    5.71   12.68    6.92    6.93
1974    3.8    3.2    3.1    5.6    8.5   10.8   11.9   12.2    9.1    5.8    4.0    4.8    3.09    5.76   11.65    6.27    6.93
1975    3.4    2.3    2.5    5.8    7.1   11.6   13.8   15.3    9.8    8.0    4.0    4.2    3.53    5.11   13.56    7.29    7.34
1976    3.0    3.0    2.7    6.1    8.7   13.1   14.8   13.8   10.4    7.8    3.6   -0.3    3.39    5.81   13.91    7.27    7.23
1977    0.3    1.1    4.2    4.8    7.7   10.2   13.2   12.2   10.0    9.2    3.2    3.6    0.36    5.57   11.90    7.50    6.69
1978    0.5   -1.1    4.1    4.1    9.3   11.2   11.8   12.5   11.0    9.4    5.8    1.8    1.05    5.87   11.86    8.76    6.76
1979   -1.7   -0.7    1.7    4.9    6.9   11.7   12.9   11.7   10.3    8.6    3.9    2.4   -0.16    4.48   12.10    7.62    6.09
1980    0.6    2.7    2.0    6.7    8.5   11.4   12.0   12.8   11.6    6.1    4.2    3.5    1.87    5.72   12.10    7.27    6.85
1981    2.2    1.7    4.2    5.5    9.1   10.8   12.6   13.5   11.5    4.7    4.8   -2.0    2.50    6.31   12.33    6.96    6.58
1982    0.1    3.1    3.7    6.6    8.3   11.3   13.8   12.9   10.6    7.8    4.5    1.6    0.30    6.20   12.68    7.62    7.04
1983    3.9    0.1    4.6    4.0    7.2   10.8   15.1   14.5   10.1    7.5    5.1    3.9    1.92    5.24   13.50    7.57    7.28
1984   -0.3    2.1    2.6    6.0    7.9   11.9   14.2   14.1   10.1    7.8    5.5    3.6    1.90    5.51   13.40    7.79    7.13
1985   -0.3    1.3    2.4    5.7    8.2    9.9   12.8   11.7   10.5    8.5    1.5    3.1    1.52    5.43   11.45    6.83    6.29
1986    0.8   -1.8    3.1    3.5    8.5   11.6   12.7   10.7    9.4    8.0    5.2    2.8    0.79    5.04   11.66    7.53    6.25
1987   -0.2    1.6    2.0    7.1    7.7    9.5   13.1   12.6   10.2    6.3    4.3    3.3    1.40    5.62   11.76    6.92    6.50
1988    2.3    2.7    3.3    5.7    8.7   12.5   12.3   12.6   10.8    7.6    4.0    5.5    2.76    5.92   12.49    7.46    7.36
1989    5.5    3.4    4.1    4.4    9.4   11.3   14.8   12.9   10.6    8.7    4.4    1.2    4.85    5.96   13.01    7.92    7.58
1990    3.8    4.0    6.1    5.9    9.4   11.1   13.3   14.0   10.0    8.6    4.2    2.6    2.98    7.13   12.80    7.62    7.78
1991    0.9    0.7    4.8    5.8    9.1    9.7   14.5   14.1   10.9    7.6    4.3    2.9    1.43    6.59   12.84    7.62    7.18
1992    2.4    3.5    4.7    5.8   10.0   13.0   12.8   11.8   10.1    4.9    4.0    1.5    2.91    6.84   12.51    6.34    7.05
1993    2.9    4.5    4.2    6.3    8.1   11.6   12.1   11.6    9.5    5.6    2.3    1.2    2.93    6.22   11.76    5.84    6.68
1994    2.0    0.7    3.9    5.3    7.4   11.5   13.9   12.4    9.9    7.2    7.1    3.4    1.33    5.53   12.61    8.08    7.10
1995    1.6    2.7    2.4    6.0    8.5   11.6   14.4   15.3   10.8    9.9    5.5   -0.1    2.58    5.64   13.77    8.74    7.41
1996    3.2    1.1    2.4    6.2    6.6   11.6   13.2   13.9   11.4    8.9    2.7    1.4    1.40    5.04   12.92    7.68    6.90
1997    1.5    3.6    5.8    7.0    8.4   10.9   14.0   15.2   10.9    7.7    6.3    3.8    2.14    7.06   13.41    8.31    7.96
1998    2.8    6.4    4.9    4.8    9.6   10.8   12.5   12.8   11.8    6.8    3.7    3.4    4.24    6.46   12.04    7.41    7.53
1999    2.6    2.6    4.6    6.9    9.5   11.0   14.1   12.7   12.7    8.4    5.5    1.4    2.88    6.99   12.60    8.85    7.68
2000    3.3    3.4    5.5    5.3    9.1   10.8   12.6   13.5   11.6    7.7    4.2    3.0    2.67    6.64   12.31    7.81    7.51
2001    1.0    1.5    1.9    5.3   10.0   10.8   13.4   13.1   10.7   10.6    5.6    1.7    1.83    5.76   12.45    8.97    7.18
2002    3.2    3.3    4.7    6.7    9.4   11.8   12.8   14.3   11.6    6.4    5.6    3.4    2.75    6.96   12.99    7.88    7.81
2003    2.4    1.9    5.4    7.5    9.4   13.1   14.9   14.5   11.4    6.7    5.9    2.8    2.63    7.41   14.19    8.01    8.03
2004    2.9    2.9    4.4    7.3    9.9   12.4   12.7   14.3   11.6    7.7    5.6    3.7    2.82    7.21   13.15    8.29    7.96
2005    4.1    2.7    5.2    6.3    8.3   12.7   13.8   13.3   12.1    9.5    4.2    3.1    3.53    6.65   13.25    8.58    7.97
2006    2.7    2.5    2.1    5.7    8.7   12.9   16.0   13.5   13.3    9.8    5.7    3.5    2.79    5.49   14.15    9.59    8.07
2007    4.2    3.6    5.0    8.9    8.7   11.7   12.8   12.7   10.7    8.9    5.6    2.4    3.78    7.52   12.41    8.41    7.96
2008    3.0    3.8    3.4    5.5   10.1   11.4   14.1   13.6   11.1    6.9    4.3    1.9    3.03    6.34   13.05    7.42    7.44
2009    1.8    2.6    4.9    7.6    9.1   11.9   13.9   13.7   11.9    8.7    5.1   -0.0    2.09    7.18   13.16    8.57    7.61
2010   -0.3   -0.0    3.6    6.7    8.3   12.6   13.5   12.5   11.1    7.7    2.5   -2.4   -0.11    6.18   12.91    7.11    6.35
2011    1.5    3.2    4.4    9.1    9.1   10.9   12.7   12.2   11.8    9.4    7.3    2.6    0.67    7.51   11.93    9.51    7.86
2012    2.6    3.9    7.1    4.7    8.4   10.2   12.2   13.4   10.3    5.8    4.2    2.0    3.02    6.73   11.95    6.77    7.08
2013    2.2    1.8    0.7    4.8    8.5   11.7   15.7   13.9   11.2    9.2    3.5    4.5    1.98    4.68   13.77    7.98    7.35
2014    3.1    3.6    5.3    7.6    9.8   13.0   14.6   12.1   12.4    9.0    6.2    2.4    3.75    7.58   13.24    9.21    8.29
2015    2.0    2.6    4.2    6.5    7.8   11.0   12.5   13.1   10.7    8.3    5.7    5.2    2.32    6.17   12.19    8.25    7.50
2016    2.6    1.9    4.3    4.9    9.6   11.9   13.4   13.5   12.9    8.0    2.7    5.0    3.25    6.29   12.93    7.88    7.59
2017    2.8    3.7    5.3    6.7   10.5   12.5   13.0   12.9   11.0    9.6    3.5    2.3    3.83    7.53   12.79    8.07    7.85
2018    1.7    1.1    1.9    6.4   10.7   13.0   15.4   13.1   10.5    7.8    6.0    3.5    1.72    6.33   13.84    8.10    7.63
2019    1.9    4.6    5.1    6.9    8.4   11.5   15.1   14.0   11.3    6.8    3.4    3.7    3.31    6.82   13.56    7.17    7.75
2020    4.3    2.8    4.1    6.9    9.8   12.5   12.5   13.4   10.9    7.8    6.3    3.0    3.61    6.95   12.82    8.32    7.87
2021    0.1    2.1    5.3    4.4    7.5   12.8   15.3   13.8   13.2    9.1    5.9    2.9    1.70    5.74   13.97    9.41    7.73