Areal values from HadUK-Grid 1km gridded climate data from land surface network
Source: Met Office National Climate Information Centre
Monthly, seasonal and annual total duration of bright sunshine for Wales
Areal series, starting in 1919
Last updated 01-Jan-2022 11:00
year    jan    feb    mar    apr    may    jun    jul    aug    sep    oct    nov    dec     win     spr     sum     aut     ann
1919   48.3   66.8   94.7  141.7  197.4  194.8  179.5  189.0  137.1  122.6   50.4   41.9     ---   433.8   563.3   310.1  1464.3
1920   45.4   74.1  100.3   76.5  164.0  170.8  120.8  127.1  115.4  104.4   51.0   46.7   161.4   340.8   418.7   270.8  1196.5
1921   26.4   68.9   92.7  201.8  230.5  239.1  228.1  137.1  161.2  116.0   51.1   34.5   142.1   525.0   604.2   328.4  1587.4
1922   44.1   66.9  115.8  178.4  209.4  193.3  163.4  116.0  104.0  114.3   48.4   29.3   145.5   503.7   472.6   266.8  1383.4
1923   41.6   57.6   94.6  122.5  184.8  138.8  153.1  175.7  138.6   82.3   82.6   45.1   128.5   401.9   467.6   303.6  1317.4
1924   42.1   61.2  148.6  149.2  145.1  142.9  177.3  126.6  101.3   83.7   52.8   39.9   148.4   442.8   446.8   237.8  1270.6
1925   33.6   65.1   97.9  171.3  143.8  283.1  178.8  143.6  124.0   84.2   89.4   47.7   138.6   413.0   605.4   297.6  1462.4
1926   37.3   39.1   77.7  132.2  174.4  213.2  165.7  169.9  101.5   90.7   50.2   39.9   124.0   384.2   548.8   242.5  1291.8
1927   40.1   61.0  106.4  143.3  190.2  168.4  125.3  149.2  101.8  103.4   57.6   22.7   141.0   440.0   442.9   262.8  1269.5
1928   51.1   74.0   79.4  140.5  169.0  175.0  209.1  166.4  160.5   95.1   50.2   36.8   147.8   389.0   550.6   305.9  1407.3
1929   50.5   57.6  204.6  169.8  226.8  234.3  197.5  143.4  169.6   96.7   49.6   52.6   144.9   601.1   575.2   315.9  1652.9
1930   44.5   72.0   92.4  120.3  130.4  232.1  145.9  153.7  109.8   85.9   55.0   30.3   169.2   343.1   531.7   250.7  1272.4
1931   60.0   58.5  132.2  101.4  148.2  139.5  125.4  157.3  103.0  114.3   51.3   30.9   148.8   381.9   422.1   268.6  1222.0
1932   40.7   78.1  126.3  120.4  110.2  227.4  121.0  146.9  115.3   80.4   49.7   44.0   149.7   356.9   495.3   245.4  1260.3
1933   81.7   84.0  141.8  144.9  150.0  188.9  199.1  196.6  175.9   79.6   71.3   53.0   209.6   436.7   584.6   326.9  1566.8
1934   53.5   96.9  106.8  131.2  185.1  210.7  235.7  159.4  131.4   64.3   33.8   22.0   203.4   423.1   605.9   229.5  1430.9
1935   44.8   53.8  115.4  147.5  211.4  161.3  220.8  181.1  120.7   67.2   60.2   47.7   120.6   474.3   563.2   248.0  1431.7
1936   37.0   69.2   59.5  163.8  187.7  152.1  115.4  170.5  104.1   97.4   54.5   39.2   153.8   411.1   438.0   256.0  1250.4
1937   31.2   45.7  108.9  109.3  193.0  154.5  116.9  193.7  138.0   87.8   60.3   36.6   116.1   411.3   465.1   286.1  1276.0
1938   34.1   58.5  119.9  206.3  154.7  173.4  118.5  136.4  108.2   87.0   55.6   46.8   129.2   481.0   428.2   250.7  1299.4
1939   31.5   70.5   77.8  174.3  200.3  229.7  113.4  171.1  148.3  107.1   34.8   41.8   148.7   452.3   514.2   290.2  1400.5
1940   76.7   38.6  110.7  114.8  193.8  278.6  176.4  176.8  163.4   79.3   45.4   38.6   157.1   419.3   631.8   288.1  1493.0
1941   47.6   68.4   99.9  116.6  167.0  196.0  188.7  155.6  108.9  101.2   43.5   31.2   154.6   383.4   540.3   253.6  1324.6
1942   49.7   62.2   81.5  184.7  191.0  235.7  169.5  121.8  123.5   75.3   53.4   26.6   143.1   457.1   526.9   252.2  1374.7
1943   36.4   69.3  133.8  157.4  210.5  193.6  206.5  133.4  119.0  100.5   54.6   49.0   132.3   501.7   533.5   274.1  1463.9
1944   28.1   71.6  141.5  150.9  205.8  157.5   98.5  192.4  128.8   89.9   32.8   53.1   148.7   498.2   448.5   251.5  1351.0
1945   58.8   63.4  115.6  198.8  153.8  169.8  133.5  163.0   90.7   96.8   48.8   33.0   175.3   468.2   466.3   236.3  1326.0
1946   53.0   57.4  126.6  173.3  205.1  150.1  172.6  126.6   92.5   80.8   34.9   52.0   143.5   505.0   449.2   208.2  1324.7
1947   46.9   40.7   67.4  139.7  154.3  153.1  142.1  274.8  117.9  114.1   59.1   27.6   139.5   361.4   570.0   291.2  1337.8
1948   38.3   71.9  167.5  179.0  262.5  143.4  156.1  117.6  101.9   83.3   61.0   63.2   137.8   609.0   417.1   246.2  1445.7
1949   44.4   91.4  139.5  142.8  221.7  256.3  225.4  185.4  150.4   81.5   52.1   36.6   199.0   504.1   667.1   284.0  1627.7
1950   45.5   47.0  120.7  138.4  197.9  221.6  166.6  156.2   96.9   91.1   55.8   39.1   129.2   457.0   544.4   243.8  1377.0
1951   38.7   71.8   81.7  185.3  171.8  218.2  191.5  139.0   81.1  109.4   50.5   44.0   149.7   438.7   548.6   241.0  1382.9
1952   61.7   83.1   96.7  139.8  186.4  174.7  148.5  149.5  118.2  100.9   64.1   43.4   188.9   422.9   472.6   283.2  1366.9
1953   41.3   55.3  147.9  187.0  205.0  168.2  185.0  172.2  123.8  103.4   48.2   31.0   139.9   539.9   525.4   275.4  1468.2
1954   49.3   72.6  108.8  206.3  156.7  145.2  106.2  122.3  153.2   58.7   46.2   34.6   152.9   471.7   373.7   258.1  1260.0
1955   33.8   79.7  162.3  161.7  187.2  132.1  297.5  218.6  154.0  108.5   65.9   27.8   148.2   511.2   648.2   328.4  1629.2
1956   46.5   87.1  144.4  170.4  228.4  176.7  154.3  153.2   75.2  100.7   45.9   23.4   161.4   543.1   484.2   221.8  1406.2
1957   40.7   79.9   86.2  161.4  216.4  286.8  128.6  136.3   94.7   69.6   59.5   53.0   144.1   463.9   551.6   223.9  1413.0
1958   45.7   50.2  110.6  143.0  162.7  148.5  147.1  105.6  104.1   80.7   40.1   29.1   149.0   416.3   401.2   224.9  1167.4
1959   69.5   77.5   93.2  124.1  219.9  228.2  205.7  191.8  196.4  113.7   44.4   26.4   176.1   437.2   625.7   354.5  1590.8
1960   37.1   68.4   82.0  171.7  172.3  245.1  147.7  150.8  122.9   68.2   52.5   54.7   131.9   425.9   543.7   243.6  1373.4
1961   35.0   52.3  114.7   96.6  210.9  214.0  165.7  159.2  119.8   86.9   62.0   58.5   142.0   422.2   538.9   268.8  1375.7
1962   48.1   63.6  122.9  164.4  168.2  223.6  137.4  137.4   97.7  117.0   45.9   59.9   170.2   455.5   498.5   260.6  1386.1
1963   74.3   89.0  100.2  108.7  171.1  185.6  151.3  120.8  130.8   68.8   53.7   56.8   223.2   379.9   457.7   253.2  1311.0
1964   36.7   56.0   83.0  122.4  160.7  131.6  148.4  180.4  156.5   94.9   61.0   43.2   149.6   366.0   460.4   312.4  1274.9
1965   61.9   40.8  126.3  157.1  154.8  172.1  128.2  174.9   93.6  118.5   71.6   48.0   145.9   438.2   475.2   283.7  1347.8
1966   38.4   35.9  101.1   98.7  221.4  141.6  163.6  169.4  148.5   93.3   45.5   33.2   122.2   421.3   474.6   287.4  1290.7
1967   49.0   74.7  138.4  120.9  149.0  213.1  164.8  150.1  127.9   68.3   74.9   46.4   156.9   408.3   527.9   271.1  1377.4
1968   28.7   81.5  114.1  160.5  150.6  189.0  175.6  161.5  105.8   49.8   51.2   38.4   156.6   425.3   526.1   206.8  1306.8
1969   29.2   54.1   93.2  189.5  132.2  248.7  188.4  142.0   83.4   98.7   63.0   35.5   121.6   414.9   579.1   245.1  1357.8
1970   31.8   86.7  103.6  127.2  159.4  210.7  136.3  146.3  117.2   81.8   44.6   52.7   154.0   390.2   493.2   243.6  1298.3
1971   31.6   53.6   79.3  124.3  224.9  130.7  239.4  125.8  165.5  117.2   64.5   30.8   137.9   428.5   495.9   347.3  1387.6
1972   41.5   44.8  126.8  147.4  133.0  122.0  166.3  180.9  144.6   88.4   61.6   33.6   117.0   407.2   469.2   294.6  1290.9
1973   31.3   59.2  140.4  167.4  152.3  198.3  159.8  162.7  130.3   83.4   61.5   43.6   124.1   460.0   520.8   275.2  1390.1
1974   40.3   58.1  106.8  172.8  173.0  186.7  135.9  163.0  105.8   77.2   49.2   28.7   142.1   452.7   485.6   232.2  1297.7
1975   30.8   87.1  100.3  131.9  232.1  262.7  180.0  198.0  137.1  119.0   63.3   27.0   146.6   464.3   640.7   319.5  1569.3
1976   36.3   58.2  104.7  155.3  151.5  214.6  212.4  257.3   85.5   64.7   62.2   45.8   121.5   411.5   684.4   212.4  1448.5
1977   39.8   55.3   71.7  149.6  251.0  172.1  202.9  153.8  101.2   93.4   63.7   31.7   140.9   472.3   528.8   258.3  1386.3
1978   50.9   48.5  105.3  125.3  203.7  146.8  132.5  132.8  128.8   73.6   53.5   37.3   131.1   434.2   412.2   255.9  1239.0
1979   58.8   62.8   73.3  140.8  162.3  155.6  170.0  150.4  136.3   90.2   49.6   43.2   158.9   376.4   476.0   276.0  1293.2
1980   57.1   38.1   78.4  169.5  223.3  133.9  146.0  121.6  114.7   80.1   58.8   38.4   138.3   471.2   401.5   253.6  1259.9
1981   37.4   68.3   70.7  143.6  125.8  129.0  133.5  177.4  124.7   85.9   41.2   35.4   144.1   340.1   440.0   251.8  1173.0
1982   46.8   55.2  133.7  170.8  190.3  156.2  159.5  134.4  113.8   67.0   46.5   29.8   137.3   494.8   450.1   227.3  1304.0
1983   29.6   80.0   65.8  142.5  122.9  145.4  240.5  214.9   95.6   90.2   45.7   44.5   139.4   331.3   600.8   231.5  1317.6
1984   47.2   52.9   68.5  213.6  196.7  185.7  261.2  183.1  109.3   87.6   45.3   43.3   144.6   478.8   630.0   242.2  1494.3
1985   54.9   82.8  113.2  122.7  171.0  162.2  176.1  135.5  114.5   89.2   62.6   33.4   181.0   406.9   473.8   266.4  1318.3
1986   34.3   97.9  107.3  124.8  174.9  174.6  126.8  120.0  151.3   92.7   68.4   40.3   165.6   407.0   421.4   312.4  1313.3
1987   54.5   60.8   88.4  149.9  191.4  110.4  162.2  157.6  138.0   96.8   57.7   34.8   155.6   429.7   430.3   292.5  1302.5
1988   47.2   83.4   83.0  153.6  194.3  180.2  119.6  147.5  131.1   95.2   81.8   23.5   165.4   430.9   447.3   308.1  1340.4
1989   56.9   78.2   92.1  145.7  238.6  215.3  254.3  210.8  112.1   67.6   76.9   28.3   158.6   476.4   680.3   256.5  1576.7
1990   45.0   58.8  106.9  185.4  243.9  122.4  269.4  174.2  147.6   83.1   62.4   38.6   132.2   536.3   566.0   293.1  1537.8
1991   60.1   65.5   85.2  140.2  157.0  130.0  154.9  181.3  164.4   82.3   42.0   35.8   164.2   382.5   466.3   288.7  1298.9
1992   57.4   52.2   64.5  116.1  233.7  198.4  146.5  150.3  101.2   73.5   42.8   48.8   145.4   414.4   495.2   217.5  1285.5
1993   28.0   43.7   90.8  120.9  154.1  181.9  150.8  160.2  110.1  108.6   61.7   27.8   120.5   365.8   492.9   280.5  1238.7
1994   53.3   55.7  100.4  154.4  142.8  164.3  195.2  151.3  102.6  118.1   37.2   41.1   136.8   397.7   510.7   258.0  1316.5
1995   36.5   47.5  127.4  175.3  182.6  217.1  195.6  266.4  135.2  107.8   69.0   48.2   125.2   485.3   679.1   312.0  1608.6
1996   23.2   88.6   66.6  123.9  185.4  218.7  206.0  173.5  155.4   75.3   66.9   54.2   160.0   376.0   598.2   297.6  1437.9
1997   54.2   56.0  114.1  151.8  218.9  114.0  214.2  166.9  127.6  116.0   41.7   42.2   164.5   484.8   495.1   285.2  1417.6
1998   50.6   71.8   72.4  133.4  213.5  135.6  127.0  189.4  114.8   84.9   64.0   31.2   164.6   419.2   452.1   263.7  1288.5
1999   43.9   53.7   91.9  144.8  131.9  173.2  226.4  144.9  149.1  109.1   63.3   37.6   128.8   368.6   544.5   321.5  1369.8
2000   47.6   80.3  111.3  141.5  200.6  155.8  183.0  168.3  103.7   76.4   37.5   34.4   165.5   453.4   507.1   217.6  1340.4
2001   68.9   82.9   91.8  137.4  206.1  179.2  166.4  155.4  108.5   96.3   48.2   73.1   186.2   435.4   501.0   253.0  1414.2
2002   34.4   58.6  105.0  162.5  174.1  141.0  143.8  148.5  152.3   87.0   56.7   39.0   166.0   441.5   433.3   296.0  1302.7
2003   68.4   86.7  167.5  186.1  173.9  189.0  133.6  186.4  136.7  108.3   61.5   44.5   194.2   527.6   509.0   306.6  1542.8
2004   37.5   96.5  116.8  116.9  204.8  186.1  148.3  159.8  130.1   89.9   36.8   46.6   178.6   438.4   494.1   256.8  1370.0
2005   44.8   67.5   81.5  141.6  208.0  171.8  174.1  201.3  133.6   74.3   75.3   42.0   158.9   431.1   547.3   283.1  1415.8
2006   60.3   62.9   85.0  162.9  157.8  222.2  254.4  132.4  147.2   89.5   78.3   32.5   165.2   405.6   609.0   315.0  1485.3
2007   47.1   70.7  139.1  221.5  183.7  134.6  162.6  181.3  131.2  102.7   51.7   49.0   150.3   544.4   478.5   285.5  1475.2
2008   34.6  107.2  109.9  156.4  183.9  190.1  155.4   91.7  109.3  100.5   50.8   64.3   190.8   450.2   437.2   260.6  1354.0
2009   62.9   44.5  130.7  156.9  190.4  197.6  147.6  149.5  129.0   83.4   45.7   51.3   171.7   478.0   494.7   258.1  1389.5
2010   59.1   72.1  127.8  202.2  211.4  236.7  112.4  147.4  131.0  116.1   69.3   45.5   182.5   541.4   496.6   316.4  1531.1
2011   55.5   50.8  154.4  207.8  169.9  199.2  177.5  128.2  118.3   83.4   61.6   28.1   151.8   532.1   504.9   263.4  1434.8
2012   50.3   59.8  153.4  121.3  207.2  118.6  144.7  134.1  123.3   88.4   58.3   44.0   138.3   481.9   397.4   270.0  1303.5
2013   36.4   69.0   99.7  159.4  183.6  188.0  285.4  153.1  101.6   72.1   60.5   37.8   149.3   442.8   626.4   234.3  1446.7
2014   37.1   73.8  126.5  148.1  142.7  220.2  232.5  163.3  148.0   75.7   64.2   51.6   148.7   417.3   616.1   287.9  1483.7
2015   52.5   73.2  119.2  216.8  161.9  220.2  166.6  146.6  165.5   90.5   31.1   22.7   177.2   497.9   533.4   287.1  1466.8
2016   36.6   75.8  124.1  172.2  216.3  141.2  154.9  170.9  120.4  106.8   70.7   40.3   135.1   512.7   467.0   297.9  1430.4
2017   49.0   42.9   98.3  161.7  215.6  160.7  177.1  146.7  104.0   69.6   56.3   35.5   132.2   475.5   484.5   229.9  1317.4
2018   43.8   95.8   84.7  124.6  232.2  261.0  246.9  138.5  124.7  114.8   58.2   17.9   175.1   441.5   646.4   297.7  1543.1
2019   36.0  104.7  111.0  154.7  198.3  139.9  181.8  176.4  150.5   79.3   44.6   41.0   158.5   464.0   498.1   274.4  1418.1
2020   45.9   64.2  142.1  219.3  285.8  157.8  143.1  127.0  153.7   63.1   54.1   29.9   151.1   647.1   427.9   270.9  1485.9
2021   34.4   64.5  105.5  231.8  167.5  174.1  203.4  125.0  121.1   77.1   51.4   28.3   128.9   504.8   502.5   249.6  1384.1